# Omega fit to each site after fixing tree and all other parameters.
# Fits compared to null model of omega = 1.
# P-values NOT corrected for multiple testing, so consider Q-values too.
# Will fit different synonymous rate for each site.
#
site	omega	P	dLnL	Q
378	0.000	0.00118	5.261	0.207
429	0.000	0.00126	5.198	0.207
309	0.000	0.00129	5.181	0.207
452	0.000	0.00147	5.058	0.207
459	0.000	0.00195	4.797	0.22
307	0.000	0.00247	4.581	0.232
37	0.000	0.00411	4.118	0.322
379	0.000	0.00514	3.915	0.322
147	0.000	0.00575	3.813	0.322
294	0.000	0.00717	3.616	0.322
277	0.000	0.00744	3.582	0.322
190	0.000	0.00761	3.561	0.322
304	0.000	0.00762	3.560	0.322
115	0.000	0.00798	3.519	0.322
122	0.000	0.00855	3.457	0.322
500	0.000	0.0095	3.364	0.33
58	0.000	0.00998	3.319	0.33
509	0.000	0.0108	3.252	0.33
538	0.000	0.0125	3.121	0.33
549	0.000	0.0126	3.113	0.33
39	0.000	0.0142	3.005	0.33
54	0.000	0.0144	2.996	0.33
27	0.000	0.0153	2.943	0.33
321	0.000	0.0162	2.889	0.33
425	0.000	0.0162	2.889	0.33
366	0.000	0.0165	2.873	0.33
232	0.000	0.0168	2.857	0.33
101	0.096	0.0169	2.852	0.33
270	0.000	0.017	2.851	0.33
371	0.000	0.0181	2.795	0.34
104	0.000	0.0211	2.661	0.365
261	0.000	0.0215	2.642	0.365
362	0.000	0.0227	2.595	0.365
216	0.000	0.0229	2.590	0.365
524	0.000	0.0243	2.535	0.365
55	0.000	0.0252	2.506	0.365
235	0.000	0.0256	2.493	0.365
251	0.000	0.0256	2.490	0.365
375	0.000	0.0257	2.489	0.365
472	0.000	0.0259	2.482	0.365
240	0.000	0.0286	2.396	0.377
418	0.000	0.0287	2.394	0.377
135	0.000	0.029	2.383	0.377
64	0.000	0.0294	2.372	0.377
334	0.000	0.0304	2.344	0.381
554	0.000	0.0319	2.301	0.391
109	0.000	0.0327	2.280	0.393
238	0.000	0.0363	2.191	0.419
494	0.000	0.0368	2.179	0.419
25	0.000	0.0372	2.171	0.419
125	0.000	0.0381	2.151	0.419
305	0.000	0.0387	2.138	0.419
468	0.000	0.0401	2.107	0.427
28	0.000	0.0445	2.020	0.444
408	0.000	0.0449	2.012	0.444
415	0.000	0.0451	2.008	0.444
369	0.000	0.0474	1.966	0.444
518	0.000	0.0477	1.960	0.444
451	0.000	0.0564	1.820	0.444
153	0.000	0.0575	1.804	0.444
137	0.170	0.059	1.783	0.444
303	0.000	0.0598	1.772	0.444
158	0.000	0.0613	1.751	0.444
106	0.000	0.062	1.741	0.444
553	0.000	0.0624	1.736	0.444
9	0.000	0.063	1.729	0.444
262	0.000	0.0643	1.711	0.444
368	0.000	0.0649	1.703	0.444
453	0.000	0.0652	1.700	0.444
367	0.000	0.0655	1.696	0.444
112	0.144	0.0676	1.670	0.444
430	0.000	0.0676	1.670	0.444
470	0.000	0.069	1.653	0.444
253	0.000	0.0691	1.652	0.444
456	0.000	0.0695	1.648	0.444
328	0.144	0.07	1.642	0.444
291	0.000	0.0705	1.636	0.444
432	0.000	0.0705	1.636	0.444
560	0.000	0.0717	1.622	0.444
318	0.000	0.0717	1.621	0.444
370	0.000	0.0727	1.611	0.444
60	0.000	0.0731	1.606	0.444
437	0.000	0.0731	1.606	0.444
423	0.000	0.0731	1.606	0.444
30	0.000	0.0751	1.584	0.444
416	0.000	0.0758	1.577	0.444
439	0.000	0.0758	1.577	0.444
71	0.000	0.0773	1.561	0.444
97	0.000	0.0777	1.556	0.444
237	99.622	0.0792	1.540	0.444
382	0.000	0.0804	1.528	0.444
151	0.000	0.0819	1.514	0.444
83	0.000	0.0828	1.504	0.444
411	0.000	0.0838	1.495	0.444
395	0.000	0.0838	1.495	0.444
116	0.000	0.0845	1.488	0.444
492	0.000	0.0849	1.485	0.444
346	0.000	0.0849	1.484	0.444
44	0.000	0.0868	1.466	0.444
127	0.000	0.088	1.456	0.444
207	0.000	0.0886	1.450	0.444
392	0.000	0.0902	1.436	0.444
284	0.000	0.0907	1.431	0.444
342	0.000	0.0909	1.429	0.444
234	0.000	0.0913	1.426	0.444
481	0.000	0.0922	1.418	0.444
130	0.000	0.0931	1.410	0.444
550	0.000	0.0932	1.409	0.444
133	0.000	0.0933	1.409	0.444
501	0.000	0.0934	1.408	0.444
227	0.000	0.0944	1.399	0.444
193	0.000	0.0947	1.396	0.444
274	0.000	0.0947	1.396	0.444
519	0.000	0.0952	1.392	0.444
61	0.000	0.0953	1.391	0.444
495	0.000	0.0955	1.389	0.444
463	0.000	0.0959	1.386	0.444
80	0.000	0.096	1.386	0.444
476	0.000	0.0969	1.378	0.444
129	0.000	0.098	1.369	0.444
306	0.000	0.0998	1.354	0.444
424	0.000	0.101	1.346	0.444
312	0.000	0.101	1.345	0.444
319	0.000	0.101	1.343	0.444
483	0.000	0.102	1.335	0.444
502	0.000	0.102	1.334	0.444
358	0.000	0.103	1.326	0.444
497	0.000	0.104	1.325	0.444
407	0.000	0.105	1.317	0.444
473	0.000	0.105	1.316	0.444
266	0.000	0.105	1.316	0.444
300	0.000	0.107	1.302	0.444
279	0.000	0.107	1.298	0.444
409	0.000	0.107	1.296	0.444
155	99.525	0.109	1.288	0.444
75	0.000	0.109	1.286	0.444
244	0.000	0.109	1.282	0.444
171	0.000	0.111	1.267	0.444
422	0.000	0.113	1.256	0.444
297	0.000	0.113	1.253	0.444
233	0.000	0.114	1.252	0.444
512	0.000	0.114	1.250	0.444
69	0.000	0.114	1.249	0.444
173	0.000	0.114	1.247	0.444
275	0.000	0.115	1.245	0.444
388	0.151	0.115	1.243	0.444
464	0.000	0.118	1.221	0.448
50	0.000	0.119	1.217	0.448
534	0.000	0.121	1.203	0.448
477	0.159	0.125	1.175	0.448
119	0.000	0.126	1.171	0.448
347	0.000	0.126	1.171	0.448
239	100.000	0.126	1.169	0.448
320	0.000	0.128	1.159	0.448
435	0.000	0.128	1.158	0.448
243	0.161	0.128	1.158	0.448
355	0.000	0.128	1.158	0.448
34	0.000	0.128	1.158	0.448
18	0.000	0.128	1.157	0.448
384	0.000	0.128	1.157	0.448
398	0.000	0.128	1.156	0.448
467	0.000	0.129	1.154	0.448
322	0.000	0.132	1.135	0.452
360	0.219	0.132	1.133	0.452
11	0.165	0.133	1.131	0.452
374	0.000	0.133	1.129	0.452
564	0.000	0.134	1.121	0.454
466	100.000	0.142	1.080	0.466
354	0.000	0.142	1.079	0.466
389	0.000	0.142	1.079	0.466
29	0.000	0.143	1.075	0.466
197	0.000	0.144	1.069	0.466
440	0.000	0.144	1.066	0.466
485	0.000	0.146	1.056	0.466
506	0.175	0.146	1.056	0.466
265	0.000	0.147	1.054	0.466
57	0.000	0.147	1.053	0.466
49	0.000	0.147	1.052	0.466
341	0.000	0.15	1.034	0.473
36	0.000	0.151	1.030	0.473
505	0.000	0.152	1.027	0.473
283	0.000	0.153	1.019	0.473
455	0.000	0.155	1.013	0.473
93	0.000	0.155	1.012	0.473
4	0.000	0.155	1.010	0.473
372	0.000	0.158	0.996	0.479
344	0.000	0.16	0.987	0.483
40	0.000	0.163	0.975	0.487
161	93.678	0.163	0.973	0.487
249	0.000	0.174	0.924	0.516
231	100.000	0.176	0.914	0.52
559	0.000	0.177	0.911	0.52
242	0.244	0.182	0.893	0.529
5	0.000	0.183	0.887	0.529
248	0.000	0.184	0.883	0.529
206	100.000	0.185	0.880	0.529
156	100.000	0.185	0.879	0.529
223	0.207	0.187	0.872	0.532
475	0.133	0.19	0.860	0.538
198	0.211	0.192	0.852	0.54
150	100.000	0.193	0.849	0.54
282	97.461	0.196	0.838	0.546
177	100.000	0.204	0.808	0.566
141	100.000	0.207	0.796	0.572
102	0.223	0.208	0.792	0.572
110	100.000	0.218	0.758	0.597
276	100.000	0.219	0.755	0.597
88	0.235	0.223	0.743	0.604
214	0.237	0.225	0.736	0.607
267	0.179	0.227	0.731	0.609
286	0.336	0.235	0.705	0.628
209	95.453	0.236	0.701	0.629
73	100.000	0.246	0.674	0.65
78	0.000	0.25	0.661	0.66
510	0.000	0.259	0.637	0.677
87	0.309	0.259	0.636	0.677
8	0.000	0.262	0.629	0.681
3	100.000	0.269	0.611	0.696
327	0.000	0.276	0.594	0.71
417	100.000	0.281	0.580	0.721
558	0.000	0.294	0.552	0.749
443	0.000	0.295	0.549	0.749
68	0.000	0.297	0.543	0.752
441	0.000	0.3	0.537	0.755
520	0.000	0.302	0.533	0.757
144	0.346	0.311	0.513	0.776
542	0.000	0.316	0.502	0.786
191	0.000	0.32	0.494	0.791
48	0.000	0.321	0.492	0.791
217	100.000	0.323	0.488	0.792
15	0.230	0.324	0.486	0.792
70	100.000	0.333	0.468	0.808
51	100.000	0.334	0.467	0.808
86	0.000	0.351	0.436	0.845
183	0.410	0.359	0.421	0.861
460	0.000	0.362	0.415	0.862
539	0.000	0.363	0.414	0.862
444	0.000	0.364	0.413	0.862
145	100.000	0.372	0.398	0.879
205	100.000	0.376	0.391	0.879
289	0.269	0.377	0.391	0.879
175	0.271	0.377	0.390	0.879
288	93.839	0.379	0.388	0.879
254	100.000	0.383	0.381	0.885
105	100.000	0.387	0.375	0.89
89	73.403	0.392	0.367	0.898
503	0.292	0.402	0.351	0.918
72	0.295	0.405	0.347	0.919
339	0.299	0.406	0.346	0.919
10	97.130	0.408	0.343	0.92
194	98.292	0.412	0.336	0.923
96	100.000	0.413	0.336	0.923
285	100.000	0.415	0.332	0.926
178	0.503	0.419	0.326	0.931
100	0.318	0.435	0.305	0.962
514	0.320	0.438	0.301	0.964
185	0.456	0.445	0.292	0.971
465	90.346	0.445	0.292	0.971
224	100.000	0.448	0.288	0.971
202	0.496	0.45	0.285	0.971
6	0.463	0.452	0.283	0.971
310	100.000	0.455	0.279	0.971
421	0.336	0.456	0.278	0.971
487	100.000	0.456	0.278	0.971
63	100.000	0.456	0.277	0.971
222	100.000	0.462	0.270	0.98
447	100.000	0.472	0.258	0.98
82	100.000	0.473	0.258	0.98
157	100.000	0.481	0.248	0.98
210	100.000	0.486	0.242	0.98
260	100.000	0.487	0.241	0.98
208	0.373	0.497	0.231	0.98
385	100.000	0.501	0.227	0.98
170	100.000	0.505	0.222	0.98
488	99.984	0.507	0.221	0.98
220	100.000	0.515	0.212	0.98
172	2.147	0.524	0.203	0.98
330	0.401	0.527	0.200	0.98
325	0.412	0.542	0.186	0.98
397	0.559	0.543	0.185	0.98
52	0.455	0.548	0.181	0.98
200	89.102	0.553	0.176	0.98
46	0.440	0.569	0.162	0.98
98	0.449	0.58	0.153	0.98
252	0.470	0.6	0.138	0.98
201	0.476	0.606	0.133	0.98
136	0.514	0.61	0.130	0.98
469	0.480	0.61	0.130	0.98
313	0.486	0.615	0.126	0.98
77	0.486	0.616	0.126	0.98
336	0.486	0.616	0.126	0.98
154	1.680	0.633	0.114	0.98
181	0.511	0.64	0.109	0.98
204	0.664	0.676	0.087	0.98
298	0.555	0.679	0.086	0.98
292	0.567	0.692	0.078	0.98
152	0.572	0.696	0.076	0.98
90	0.630	0.719	0.065	0.98
431	1.586	0.747	0.052	0.98
184	0.683	0.766	0.044	0.98
513	0.684	0.766	0.044	0.98
148	0.678	0.786	0.037	0.98
59	1.415	0.786	0.037	0.98
85	0.727	0.824	0.025	0.98
527	0.736	0.83	0.023	0.98
149	0.776	0.841	0.020	0.98
168	1.176	0.849	0.018	0.98
2	1.213	0.867	0.014	0.98
164	1.258	0.872	0.013	0.98
230	1.196	0.877	0.012	0.98
287	62.858	0.898	0.008	0.98
540	0.865	0.906	0.007	0.98
143	1.074	0.95	0.002	0.98
329	0.000	0.961	0.001	0.98
359	0.000	0.961	0.001	0.98
401	0.000	0.961	0.001	0.98
419	0.000	0.961	0.001	0.98
491	0.000	0.961	0.001	0.98
523	0.000	0.961	0.001	0.98
552	0.000	0.961	0.001	0.98
113	0.000	0.964	0.001	0.98
17	0.000	0.964	0.001	0.98
33	0.000	0.964	0.001	0.98
454	0.000	0.964	0.001	0.98
361	0.000	0.964	0.001	0.98
427	0.000	0.964	0.001	0.98
428	0.000	0.964	0.001	0.98
516	0.000	0.964	0.001	0.98
22	0.000	0.965	0.001	0.98
343	0.000	0.965	0.001	0.98
350	0.000	0.965	0.001	0.98
365	0.000	0.965	0.001	0.98
268	0.950	0.965	0.001	0.98
273	0.000	0.965	0.001	0.98
324	0.000	0.965	0.001	0.98
493	0.000	0.965	0.001	0.98
537	0.000	0.965	0.001	0.98
478	0.000	0.965	0.001	0.98
546	0.000	0.965	0.001	0.98
556	0.000	0.965	0.001	0.98
108	0.000	0.966	0.001	0.98
174	0.000	0.966	0.001	0.98
337	0.000	0.966	0.001	0.98
65	0.000	0.966	0.001	0.98
81	0.000	0.966	0.001	0.98
99	0.000	0.966	0.001	0.98
134	0.000	0.966	0.001	0.98
140	0.000	0.966	0.001	0.98
490	0.000	0.966	0.001	0.98
563	0.000	0.966	0.001	0.98
20	0.000	0.966	0.001	0.98
290	0.000	0.966	0.001	0.98
479	0.000	0.966	0.001	0.98
486	0.000	0.966	0.001	0.98
118	0.000	0.966	0.001	0.98
323	0.000	0.966	0.001	0.98
448	0.000	0.966	0.001	0.98
132	0.000	0.966	0.001	0.98
19	0.000	0.966	0.001	0.98
21	0.000	0.966	0.001	0.98
229	0.000	0.966	0.001	0.98
255	0.000	0.966	0.001	0.98
256	0.000	0.966	0.001	0.98
264	0.000	0.966	0.001	0.98
301	0.000	0.966	0.001	0.98
315	0.000	0.966	0.001	0.98
562	0.000	0.966	0.001	0.98
146	0.000	0.966	0.001	0.98
299	0.000	0.966	0.001	0.98
316	0.000	0.966	0.001	0.98
332	0.000	0.966	0.001	0.98
373	0.000	0.966	0.001	0.98
517	0.000	0.966	0.001	0.98
62	0.000	0.966	0.001	0.98
79	0.000	0.966	0.001	0.98
142	0.000	0.967	0.001	0.98
196	0.000	0.967	0.001	0.98
311	0.000	0.967	0.001	0.98
484	0.000	0.967	0.001	0.98
53	0.000	0.967	0.001	0.98
195	0.000	0.967	0.001	0.98
24	0.000	0.967	0.001	0.98
236	0.000	0.967	0.001	0.98
241	0.000	0.967	0.001	0.98
561	0.000	0.967	0.001	0.98
16	0.000	0.967	0.001	0.98
259	0.000	0.967	0.001	0.98
271	0.000	0.967	0.001	0.98
438	0.000	0.967	0.001	0.98
547	0.000	0.967	0.001	0.98
530	0.000	0.967	0.001	0.98
128	0.000	0.967	0.001	0.98
258	0.000	0.967	0.001	0.98
317	0.000	0.967	0.001	0.98
399	0.000	0.967	0.001	0.98
462	0.000	0.967	0.001	0.98
131	0.000	0.967	0.001	0.98
187	0.000	0.967	0.001	0.98
228	0.000	0.967	0.001	0.98
250	0.000	0.967	0.001	0.98
353	0.000	0.967	0.001	0.98
420	0.000	0.967	0.001	0.98
445	0.000	0.967	0.001	0.98
474	0.000	0.967	0.001	0.98
489	0.000	0.967	0.001	0.98
507	0.000	0.967	0.001	0.98
521	0.000	0.967	0.001	0.98
84	0.000	0.967	0.001	0.98
13	0.000	0.967	0.001	0.98
212	0.000	0.967	0.001	0.98
269	0.000	0.967	0.001	0.98
377	0.000	0.967	0.001	0.98
349	0.000	0.967	0.001	0.98
386	0.000	0.967	0.001	0.98
536	0.000	0.967	0.001	0.98
74	0.000	0.967	0.001	0.98
124	0.000	0.968	0.001	0.98
35	0.000	0.968	0.001	0.98
111	0.000	0.968	0.001	0.98
225	0.000	0.968	0.001	0.98
351	0.000	0.968	0.001	0.98
405	0.000	0.968	0.001	0.98
412	0.000	0.968	0.001	0.98
482	0.000	0.968	0.001	0.98
159	0.000	0.968	0.001	0.98
257	0.000	0.968	0.001	0.98
345	0.000	0.968	0.001	0.98
480	0.000	0.968	0.001	0.98
188	0.000	0.968	0.001	0.98
525	0.000	0.968	0.001	0.98
535	0.000	0.968	0.001	0.98
543	0.000	0.968	0.001	0.98
32	0.000	0.968	0.001	0.98
426	0.000	0.968	0.001	0.98
442	0.000	0.968	0.001	0.98
394	0.000	0.968	0.001	0.98
42	0.000	0.968	0.001	0.98
457	0.000	0.968	0.001	0.98
182	0.000	0.968	0.001	0.98
199	0.000	0.968	0.001	0.98
26	0.000	0.968	0.001	0.98
302	0.000	0.968	0.001	0.98
335	0.000	0.968	0.001	0.98
402	0.000	0.968	0.001	0.98
413	0.000	0.968	0.001	0.98
47	0.000	0.968	0.001	0.98
511	0.000	0.968	0.001	0.98
103	0.000	0.968	0.001	0.98
162	0.000	0.968	0.001	0.98
211	0.000	0.968	0.001	0.98
446	0.000	0.968	0.001	0.98
471	0.000	0.968	0.001	0.98
496	0.000	0.968	0.001	0.98
555	0.000	0.968	0.001	0.98
1	0.000	0.969	0.001	0.98
186	0.000	0.969	0.001	0.98
326	0.000	0.969	0.001	0.98
381	0.000	0.969	0.001	0.98
400	0.000	0.969	0.001	0.98
410	0.000	0.969	0.001	0.98
414	0.000	0.969	0.001	0.98
56	0.000	0.969	0.001	0.98
293	0.000	0.969	0.001	0.98
38	0.000	0.969	0.001	0.98
393	0.000	0.969	0.001	0.98
458	0.000	0.969	0.001	0.98
226	0.000	0.969	0.001	0.98
247	0.000	0.969	0.001	0.98
31	0.000	0.969	0.001	0.98
357	0.000	0.969	0.001	0.98
403	0.000	0.969	0.001	0.98
449	0.000	0.969	0.001	0.98
498	0.000	0.969	0.001	0.98
14	0.000	0.969	0.001	0.98
296	0.000	0.969	0.001	0.98
314	0.000	0.969	0.001	0.98
331	0.000	0.969	0.001	0.98
383	0.000	0.969	0.001	0.98
391	0.000	0.969	0.001	0.98
406	0.000	0.969	0.001	0.98
41	0.000	0.969	0.001	0.98
43	0.000	0.969	0.001	0.98
167	0.000	0.97	0.001	0.98
280	0.000	0.97	0.001	0.98
281	0.000	0.97	0.001	0.98
531	0.000	0.97	0.001	0.98
548	0.000	0.97	0.001	0.98
348	0.000	0.97	0.001	0.98
352	0.000	0.97	0.001	0.98
387	0.000	0.97	0.001	0.98
390	0.000	0.97	0.001	0.98
433	0.000	0.97	0.001	0.98
515	0.000	0.97	0.001	0.98
528	0.000	0.97	0.001	0.98
95	0.000	0.97	0.001	0.98
215	0.000	0.971	0.001	0.98
218	0.000	0.971	0.001	0.98
396	0.000	0.971	0.001	0.98
45	0.000	0.971	0.001	0.98
557	0.000	0.971	0.001	0.98
179	0.000	0.971	0.001	0.98
338	0.000	0.971	0.001	0.98
544	0.000	0.971	0.001	0.98
114	0.000	0.972	0.001	0.98
180	0.000	0.972	0.001	0.98
213	0.000	0.972	0.001	0.98
221	0.000	0.972	0.001	0.98
364	0.000	0.972	0.001	0.98
376	0.000	0.972	0.001	0.98
436	0.000	0.972	0.001	0.98
461	0.000	0.972	0.001	0.98
499	0.000	0.972	0.001	0.98
504	0.000	0.972	0.001	0.98
526	0.000	0.972	0.001	0.98
107	0.000	0.972	0.001	0.98
160	0.000	0.972	0.001	0.98
23	0.000	0.972	0.001	0.98
245	0.000	0.972	0.001	0.98
532	0.000	0.972	0.001	0.98
94	0.000	0.972	0.001	0.98
189	0.000	0.972	0.001	0.98
541	0.000	0.972	0.001	0.98
169	0.959	0.972	0.001	0.98
123	0.000	0.973	0.001	0.98
126	0.000	0.973	0.001	0.98
138	0.000	0.973	0.001	0.98
219	0.000	0.973	0.001	0.98
278	0.000	0.973	0.001	0.98
508	0.000	0.973	0.001	0.98
522	0.000	0.973	0.001	0.98
533	0.000	0.973	0.001	0.98
91	0.000	0.973	0.001	0.98
308	0.000	0.974	0.001	0.98
120	0.000	0.974	0.001	0.98
203	0.000	0.974	0.001	0.98
295	0.000	0.974	0.001	0.98
340	0.000	0.974	0.001	0.98
380	0.000	0.974	0.001	0.98
404	0.000	0.974	0.001	0.98
67	0.000	0.974	0.001	0.98
139	0.000	0.975	0.001	0.98
165	0.000	0.975	0.001	0.98
192	0.000	0.975	0.001	0.98
246	0.000	0.975	0.001	0.98
356	0.000	0.975	0.001	0.98
363	0.000	0.975	0.001	0.98
434	0.000	0.975	0.001	0.98
551	0.000	0.975	0.001	0.98
76	0.000	0.975	0.001	0.98
92	0.000	0.975	0.001	0.98
121	0.000	0.977	0.000	0.98
163	0.000	0.977	0.000	0.98
450	0.000	0.977	0.000	0.98
263	0.000	0.978	0.000	0.98
333	0.000	0.978	0.000	0.98
66	0.000	0.978	0.000	0.98
117	0.000	0.978	0.000	0.98
166	0.000	0.978	0.000	0.98
176	0.000	0.978	0.000	0.98
272	0.000	0.978	0.000	0.98
529	0.000	0.978	0.000	0.98
545	0.000	0.978	0.000	0.98
7	0.000	0.978	0.000	0.98
12	1.000	1	0.000	1