# Omega fit to each site after fixing tree and all other parameters.
# Fits compared to null model of omega = 1.
# P-values NOT corrected for multiple testing, so consider Q-values too.
# Will fit different synonymous rate for each site.
#
site	omega	P	dLnL	Q
378	0.000	0.00114	5.296	0.214
429	0.000	0.00121	5.238	0.214
309	0.000	0.00124	5.216	0.214
452	0.000	0.00155	5.008	0.214
459	0.000	0.0019	4.822	0.214
307	0.000	0.00267	4.511	0.251
37	0.000	0.00399	4.145	0.313
379	0.000	0.00526	3.894	0.313
147	0.000	0.00573	3.817	0.313
277	0.000	0.0072	3.612	0.313
294	0.000	0.00729	3.600	0.313
304	0.000	0.00747	3.578	0.313
190	0.000	0.00756	3.567	0.313
115	0.000	0.00776	3.544	0.313
122	0.000	0.00855	3.457	0.322
500	0.000	0.00998	3.319	0.338
58	0.000	0.0104	3.280	0.338
509	0.000	0.0109	3.238	0.338
538	0.000	0.0121	3.147	0.338
549	0.000	0.0128	3.096	0.338
39	0.000	0.0142	3.006	0.338
54	0.000	0.0145	2.991	0.338
27	0.000	0.0155	2.930	0.338
321	0.000	0.016	2.899	0.338
366	0.000	0.0162	2.891	0.338
425	0.000	0.0164	2.877	0.338
232	0.000	0.0175	2.822	0.338
101	0.098	0.0177	2.813	0.338
371	0.000	0.0177	2.813	0.338
270	0.000	0.018	2.799	0.338
104	0.000	0.0206	2.681	0.371
261	0.000	0.021	2.662	0.371
362	0.000	0.0222	2.613	0.375
216	0.000	0.0228	2.593	0.375
524	0.000	0.0238	2.555	0.375
55	0.000	0.0246	2.526	0.375
235	0.000	0.0255	2.495	0.375
472	0.000	0.0257	2.488	0.375
375	0.000	0.0259	2.480	0.375
240	0.000	0.0279	2.416	0.381
251	0.000	0.0282	2.408	0.381
64	0.000	0.0293	2.375	0.381
135	0.000	0.0294	2.373	0.381
418	0.000	0.0297	2.364	0.381
554	0.000	0.0308	2.331	0.384
334	0.000	0.0315	2.314	0.384
109	0.000	0.032	2.300	0.384
238	0.000	0.0353	2.215	0.402
305	0.000	0.0361	2.196	0.402
494	0.000	0.0366	2.185	0.402
25	0.000	0.0366	2.185	0.402
125	0.000	0.0371	2.173	0.402
468	0.000	0.0385	2.141	0.41
415	0.000	0.0433	2.041	0.447
28	0.000	0.0436	2.037	0.447
408	0.000	0.0444	2.020	0.447
369	0.000	0.0458	1.995	0.447
518	0.000	0.0472	1.969	0.447
451	0.000	0.057	1.812	0.447
153	0.000	0.057	1.812	0.447
303	0.000	0.0594	1.777	0.447
137	0.173	0.0607	1.760	0.447
158	0.000	0.0607	1.759	0.447
106	0.000	0.0627	1.733	0.447
553	0.000	0.0631	1.727	0.447
262	0.000	0.0634	1.724	0.447
9	0.000	0.0637	1.719	0.447
368	0.000	0.0644	1.710	0.447
453	0.000	0.0647	1.707	0.447
367	0.000	0.065	1.702	0.447
112	0.144	0.0672	1.674	0.447
470	0.000	0.068	1.665	0.447
430	0.000	0.0683	1.662	0.447
456	0.000	0.0686	1.658	0.447
60	0.000	0.0694	1.648	0.447
253	0.000	0.0711	1.629	0.447
370	0.000	0.0717	1.622	0.447
423	0.000	0.0721	1.617	0.447
437	0.000	0.0722	1.616	0.447
291	0.000	0.0723	1.615	0.447
432	0.000	0.0727	1.611	0.447
560	0.000	0.0732	1.604	0.447
328	0.147	0.0734	1.603	0.447
318	0.000	0.0734	1.603	0.447
416	0.000	0.0749	1.586	0.447
439	0.000	0.0749	1.586	0.447
97	0.000	0.0768	1.565	0.447
30	0.000	0.0774	1.559	0.447
237	100.000	0.0788	1.544	0.447
71	0.000	0.0794	1.538	0.447
382	0.000	0.0813	1.519	0.447
411	0.000	0.0828	1.504	0.447
116	0.000	0.0836	1.497	0.447
395	0.000	0.0836	1.497	0.447
492	0.000	0.0839	1.494	0.447
346	0.000	0.084	1.493	0.447
151	0.000	0.0845	1.488	0.447
83	0.000	0.0854	1.479	0.447
207	0.000	0.0871	1.463	0.447
44	0.000	0.088	1.456	0.447
127	0.000	0.0904	1.434	0.447
392	0.000	0.0905	1.432	0.447
284	0.000	0.091	1.428	0.447
481	0.000	0.0911	1.427	0.447
234	0.000	0.092	1.420	0.447
501	0.000	0.0924	1.416	0.447
342	0.000	0.093	1.411	0.447
193	0.000	0.094	1.402	0.447
476	0.000	0.0957	1.388	0.447
519	0.000	0.0959	1.386	0.447
61	0.000	0.096	1.386	0.447
130	0.000	0.096	1.385	0.447
550	0.000	0.0962	1.384	0.447
495	0.000	0.0962	1.384	0.447
133	0.000	0.0962	1.384	0.447
463	0.000	0.0966	1.380	0.447
80	0.000	0.0967	1.380	0.447
274	0.000	0.0968	1.379	0.447
227	0.000	0.0987	1.363	0.447
129	0.000	0.1	1.352	0.447
424	0.000	0.102	1.341	0.447
483	0.000	0.102	1.338	0.447
358	0.000	0.102	1.335	0.447
497	0.000	0.102	1.334	0.447
407	0.000	0.103	1.329	0.447
306	0.000	0.104	1.322	0.447
300	0.000	0.105	1.314	0.447
473	0.000	0.105	1.311	0.447
312	0.000	0.106	1.310	0.447
279	0.000	0.106	1.308	0.447
319	0.000	0.106	1.308	0.447
502	0.000	0.107	1.299	0.447
75	0.000	0.107	1.296	0.447
409	0.000	0.108	1.295	0.447
266	0.000	0.109	1.281	0.447
244	0.000	0.109	1.281	0.447
155	100.000	0.11	1.278	0.447
422	0.000	0.11	1.276	0.447
171	0.000	0.112	1.264	0.447
69	0.000	0.113	1.257	0.447
173	0.000	0.115	1.243	0.447
275	0.000	0.115	1.240	0.447
388	0.152	0.116	1.236	0.447
512	0.000	0.116	1.234	0.447
50	0.000	0.117	1.225	0.447
464	0.000	0.118	1.222	0.447
297	0.000	0.119	1.214	0.447
233	0.000	0.12	1.211	0.447
534	0.000	0.12	1.208	0.447
119	0.000	0.125	1.180	0.447
347	0.000	0.126	1.172	0.447
384	0.000	0.126	1.170	0.447
355	0.000	0.126	1.168	0.447
477	0.160	0.127	1.167	0.447
467	0.000	0.127	1.167	0.447
435	0.000	0.127	1.164	0.447
34	0.000	0.127	1.163	0.447
18	0.000	0.127	1.163	0.447
239	94.772	0.127	1.162	0.447
320	0.000	0.129	1.154	0.447
398	0.000	0.129	1.149	0.447
243	0.163	0.13	1.148	0.447
374	0.000	0.13	1.146	0.447
11	0.163	0.13	1.146	0.447
360	0.219	0.132	1.132	0.451
322	0.000	0.133	1.131	0.451
564	0.000	0.136	1.112	0.459
354	0.000	0.14	1.089	0.461
389	0.000	0.14	1.089	0.461
466	95.759	0.14	1.088	0.461
440	0.000	0.14	1.086	0.461
57	0.000	0.141	1.081	0.461
49	0.000	0.142	1.080	0.461
29	0.000	0.143	1.070	0.463
506	0.173	0.144	1.070	0.463
265	0.000	0.145	1.062	0.465
36	0.000	0.146	1.057	0.465
485	0.000	0.147	1.052	0.466
341	0.000	0.149	1.041	0.466
4	0.000	0.149	1.040	0.466
197	0.000	0.15	1.039	0.466
505	0.000	0.15	1.035	0.466
283	0.000	0.152	1.027	0.468
455	0.000	0.153	1.021	0.468
93	0.000	0.153	1.019	0.468
344	0.000	0.155	1.009	0.47
372	0.000	0.156	1.008	0.47
161	93.309	0.159	0.991	0.477
40	0.000	0.162	0.980	0.482
249	0.000	0.167	0.955	0.496
559	0.000	0.174	0.923	0.514
5	0.000	0.176	0.917	0.514
231	96.051	0.176	0.917	0.514
248	0.000	0.177	0.910	0.515
242	0.245	0.183	0.887	0.528
156	100.000	0.183	0.885	0.528
206	100.000	0.186	0.874	0.533
198	0.209	0.189	0.863	0.538
475	0.133	0.19	0.858	0.539
223	0.212	0.194	0.845	0.545
282	100.000	0.194	0.843	0.545
150	100.000	0.195	0.839	0.545
177	92.995	0.202	0.815	0.56
102	0.220	0.205	0.805	0.565
141	93.410	0.206	0.801	0.566
88	0.230	0.216	0.766	0.59
276	100.000	0.217	0.764	0.59
110	100.000	0.22	0.752	0.597
267	0.177	0.225	0.736	0.607
214	0.238	0.227	0.730	0.61
209	97.318	0.236	0.701	0.632
286	0.341	0.241	0.688	0.64
78	0.000	0.247	0.671	0.65
73	100.000	0.247	0.671	0.65
510	0.000	0.255	0.647	0.67
8	0.000	0.258	0.638	0.673
87	0.308	0.259	0.637	0.673
3	100.000	0.267	0.616	0.691
327	0.000	0.272	0.604	0.7
417	100.000	0.278	0.589	0.712
443	0.000	0.288	0.565	0.735
558	0.000	0.289	0.561	0.735
68	0.000	0.293	0.552	0.741
441	0.000	0.296	0.547	0.745
520	0.000	0.297	0.543	0.746
144	0.346	0.311	0.514	0.773
542	0.000	0.311	0.513	0.773
191	0.000	0.313	0.509	0.773
48	0.000	0.314	0.507	0.773
15	0.230	0.324	0.486	0.792
217	100.000	0.324	0.485	0.792
51	100.000	0.327	0.480	0.795
70	96.886	0.334	0.466	0.81
86	0.000	0.343	0.449	0.827
460	0.000	0.354	0.429	0.846
539	0.000	0.355	0.428	0.846
444	0.000	0.355	0.427	0.846
183	0.413	0.363	0.414	0.859
145	100.000	0.364	0.412	0.859
289	0.266	0.373	0.397	0.874
175	0.269	0.374	0.394	0.874
205	100.000	0.376	0.392	0.874
288	97.161	0.377	0.391	0.874
254	100.000	0.384	0.378	0.888
105	88.858	0.389	0.372	0.894
89	100.000	0.39	0.370	0.894
339	0.297	0.403	0.350	0.92
503	0.295	0.405	0.347	0.921
72	0.298	0.409	0.341	0.925
10	100.000	0.41	0.340	0.925
194	100.000	0.414	0.334	0.928
96	91.076	0.415	0.333	0.928
285	100.000	0.418	0.328	0.931
178	0.507	0.425	0.319	0.943
100	0.319	0.436	0.304	0.964
185	0.450	0.438	0.301	0.964
514	0.322	0.441	0.297	0.966
224	99.031	0.443	0.294	0.966
465	88.953	0.444	0.294	0.966
487	100.000	0.453	0.282	0.978
310	100.000	0.456	0.278	0.978
6	0.467	0.456	0.278	0.978
63	98.504	0.456	0.278	0.978
421	0.339	0.459	0.275	0.979
222	100.000	0.46	0.273	0.979
202	0.511	0.469	0.262	0.979
447	100.000	0.475	0.255	0.979
82	100.000	0.475	0.255	0.979
157	100.000	0.479	0.251	0.979
210	100.000	0.488	0.240	0.979
260	100.000	0.49	0.239	0.979
208	0.374	0.499	0.229	0.979
385	100.000	0.503	0.224	0.979
170	100.000	0.508	0.219	0.979
488	100.000	0.508	0.219	0.979
220	100.000	0.517	0.210	0.979
330	0.397	0.524	0.203	0.979
172	2.106	0.534	0.193	0.979
325	0.409	0.538	0.189	0.979
397	0.556	0.54	0.188	0.979
52	0.454	0.546	0.182	0.979
200	100.000	0.552	0.177	0.979
46	0.442	0.572	0.160	0.979
98	0.445	0.576	0.156	0.979
252	0.463	0.593	0.143	0.979
201	0.469	0.599	0.138	0.979
136	0.509	0.604	0.134	0.979
469	0.485	0.616	0.126	0.979
313	0.489	0.618	0.124	0.979
77	0.492	0.622	0.122	0.979
336	0.492	0.622	0.122	0.979
181	0.508	0.637	0.111	0.979
154	1.668	0.638	0.111	0.979
298	0.546	0.67	0.091	0.979
292	0.560	0.686	0.082	0.979
152	0.566	0.691	0.079	0.979
204	0.679	0.694	0.078	0.979
90	0.631	0.72	0.064	0.979
513	0.676	0.759	0.047	0.979
431	1.528	0.766	0.044	0.979
184	0.687	0.77	0.043	0.979
59	1.443	0.774	0.041	0.979
148	0.669	0.778	0.040	0.979
85	0.716	0.815	0.027	0.979
527	0.724	0.822	0.025	0.979
149	0.767	0.833	0.022	0.979
168	1.159	0.863	0.015	0.979
2	1.200	0.875	0.012	0.979
230	1.185	0.884	0.011	0.979
164	1.215	0.891	0.009	0.979
287	74.999	0.898	0.008	0.979
540	0.857	0.9	0.008	0.979
143	1.082	0.944	0.002	0.979
268	0.938	0.957	0.001	0.979
329	0.000	0.961	0.001	0.979
359	0.000	0.961	0.001	0.979
401	0.000	0.961	0.001	0.979
419	0.000	0.961	0.001	0.979
491	0.000	0.961	0.001	0.979
523	0.000	0.961	0.001	0.979
552	0.000	0.961	0.001	0.979
113	0.000	0.964	0.001	0.979
17	0.000	0.964	0.001	0.979
33	0.000	0.964	0.001	0.979
454	0.000	0.964	0.001	0.979
361	0.000	0.964	0.001	0.979
427	0.000	0.964	0.001	0.979
428	0.000	0.964	0.001	0.979
516	0.000	0.964	0.001	0.979
343	0.000	0.965	0.001	0.979
350	0.000	0.965	0.001	0.979
365	0.000	0.965	0.001	0.979
22	0.000	0.965	0.001	0.979
478	0.000	0.965	0.001	0.979
546	0.000	0.965	0.001	0.979
556	0.000	0.965	0.001	0.979
273	0.000	0.965	0.001	0.979
324	0.000	0.965	0.001	0.979
493	0.000	0.965	0.001	0.979
537	0.000	0.965	0.001	0.979
146	0.000	0.966	0.001	0.979
299	0.000	0.966	0.001	0.979
316	0.000	0.966	0.001	0.979
332	0.000	0.966	0.001	0.979
373	0.000	0.966	0.001	0.979
517	0.000	0.966	0.001	0.979
62	0.000	0.966	0.001	0.979
79	0.000	0.966	0.001	0.979
490	0.000	0.966	0.001	0.979
563	0.000	0.966	0.001	0.979
20	0.000	0.966	0.001	0.979
290	0.000	0.966	0.001	0.979
479	0.000	0.966	0.001	0.979
486	0.000	0.966	0.001	0.979
132	0.000	0.966	0.001	0.979
19	0.000	0.966	0.001	0.979
21	0.000	0.966	0.001	0.979
229	0.000	0.966	0.001	0.979
255	0.000	0.966	0.001	0.979
256	0.000	0.966	0.001	0.979
264	0.000	0.966	0.001	0.979
301	0.000	0.966	0.001	0.979
315	0.000	0.966	0.001	0.979
562	0.000	0.966	0.001	0.979
118	0.000	0.966	0.001	0.979
323	0.000	0.966	0.001	0.979
448	0.000	0.966	0.001	0.979
108	0.000	0.967	0.001	0.979
174	0.000	0.967	0.001	0.979
337	0.000	0.967	0.001	0.979
65	0.000	0.967	0.001	0.979
81	0.000	0.967	0.001	0.979
99	0.000	0.967	0.001	0.979
134	0.000	0.967	0.001	0.979
140	0.000	0.967	0.001	0.979
142	0.000	0.967	0.001	0.979
196	0.000	0.967	0.001	0.979
311	0.000	0.967	0.001	0.979
484	0.000	0.967	0.001	0.979
53	0.000	0.967	0.001	0.979
195	0.000	0.967	0.001	0.979
24	0.000	0.967	0.001	0.979
16	0.000	0.967	0.001	0.979
259	0.000	0.967	0.001	0.979
271	0.000	0.967	0.001	0.979
438	0.000	0.967	0.001	0.979
547	0.000	0.967	0.001	0.979
530	0.000	0.967	0.001	0.979
13	0.000	0.967	0.001	0.979
212	0.000	0.967	0.001	0.979
269	0.000	0.967	0.001	0.979
377	0.000	0.967	0.001	0.979
349	0.000	0.967	0.001	0.979
386	0.000	0.967	0.001	0.979
536	0.000	0.967	0.001	0.979
74	0.000	0.967	0.001	0.979
128	0.000	0.967	0.001	0.979
258	0.000	0.967	0.001	0.979
317	0.000	0.967	0.001	0.979
399	0.000	0.967	0.001	0.979
462	0.000	0.967	0.001	0.979
131	0.000	0.967	0.001	0.979
187	0.000	0.967	0.001	0.979
228	0.000	0.967	0.001	0.979
250	0.000	0.967	0.001	0.979
353	0.000	0.967	0.001	0.979
420	0.000	0.967	0.001	0.979
445	0.000	0.967	0.001	0.979
474	0.000	0.967	0.001	0.979
489	0.000	0.967	0.001	0.979
507	0.000	0.967	0.001	0.979
521	0.000	0.967	0.001	0.979
84	0.000	0.967	0.001	0.979
236	0.000	0.967	0.001	0.979
241	0.000	0.967	0.001	0.979
561	0.000	0.967	0.001	0.979
124	0.000	0.968	0.001	0.979
35	0.000	0.968	0.001	0.979
32	0.000	0.968	0.001	0.979
426	0.000	0.968	0.001	0.979
442	0.000	0.968	0.001	0.979
188	0.000	0.968	0.001	0.979
525	0.000	0.968	0.001	0.979
535	0.000	0.968	0.001	0.979
543	0.000	0.968	0.001	0.979
394	0.000	0.968	0.001	0.979
42	0.000	0.968	0.001	0.979
457	0.000	0.968	0.001	0.979
111	0.000	0.968	0.001	0.979
225	0.000	0.968	0.001	0.979
351	0.000	0.968	0.001	0.979
405	0.000	0.968	0.001	0.979
412	0.000	0.968	0.001	0.979
482	0.000	0.968	0.001	0.979
159	0.000	0.968	0.001	0.979
257	0.000	0.968	0.001	0.979
345	0.000	0.968	0.001	0.979
480	0.000	0.968	0.001	0.979
182	0.000	0.968	0.001	0.979
199	0.000	0.968	0.001	0.979
26	0.000	0.968	0.001	0.979
302	0.000	0.968	0.001	0.979
335	0.000	0.968	0.001	0.979
402	0.000	0.968	0.001	0.979
413	0.000	0.968	0.001	0.979
47	0.000	0.968	0.001	0.979
511	0.000	0.968	0.001	0.979
103	0.000	0.968	0.001	0.979
162	0.000	0.968	0.001	0.979
211	0.000	0.968	0.001	0.979
446	0.000	0.968	0.001	0.979
471	0.000	0.968	0.001	0.979
496	0.000	0.968	0.001	0.979
555	0.000	0.968	0.001	0.979
247	0.000	0.969	0.001	0.979
31	0.000	0.969	0.001	0.979
357	0.000	0.969	0.001	0.979
403	0.000	0.969	0.001	0.979
449	0.000	0.969	0.001	0.979
498	0.000	0.969	0.001	0.979
226	0.000	0.969	0.001	0.979
1	0.000	0.969	0.001	0.979
186	0.000	0.969	0.001	0.979
326	0.000	0.969	0.001	0.979
381	0.000	0.969	0.001	0.979
400	0.000	0.969	0.001	0.979
410	0.000	0.969	0.001	0.979
414	0.000	0.969	0.001	0.979
56	0.000	0.969	0.001	0.979
293	0.000	0.969	0.001	0.979
38	0.000	0.969	0.001	0.979
393	0.000	0.969	0.001	0.979
458	0.000	0.969	0.001	0.979
14	0.000	0.969	0.001	0.979
296	0.000	0.969	0.001	0.979
314	0.000	0.969	0.001	0.979
331	0.000	0.969	0.001	0.979
383	0.000	0.969	0.001	0.979
391	0.000	0.969	0.001	0.979
406	0.000	0.969	0.001	0.979
41	0.000	0.969	0.001	0.979
43	0.000	0.969	0.001	0.979
167	0.000	0.97	0.001	0.979
280	0.000	0.97	0.001	0.979
281	0.000	0.97	0.001	0.979
531	0.000	0.97	0.001	0.979
548	0.000	0.97	0.001	0.979
348	0.000	0.97	0.001	0.979
352	0.000	0.97	0.001	0.979
387	0.000	0.97	0.001	0.979
390	0.000	0.97	0.001	0.979
433	0.000	0.97	0.001	0.979
515	0.000	0.97	0.001	0.979
528	0.000	0.97	0.001	0.979
95	0.000	0.97	0.001	0.979
215	0.000	0.97	0.001	0.979
218	0.000	0.97	0.001	0.979
396	0.000	0.97	0.001	0.979
45	0.000	0.97	0.001	0.979
557	0.000	0.97	0.001	0.979
179	0.000	0.97	0.001	0.979
338	0.000	0.97	0.001	0.979
544	0.000	0.97	0.001	0.979
189	0.000	0.971	0.001	0.979
541	0.000	0.971	0.001	0.979
107	0.000	0.971	0.001	0.979
160	0.000	0.971	0.001	0.979
23	0.000	0.971	0.001	0.979
245	0.000	0.971	0.001	0.979
532	0.000	0.971	0.001	0.979
94	0.000	0.971	0.001	0.979
114	0.000	0.971	0.001	0.979
180	0.000	0.971	0.001	0.979
213	0.000	0.971	0.001	0.979
221	0.000	0.971	0.001	0.979
364	0.000	0.971	0.001	0.979
376	0.000	0.971	0.001	0.979
436	0.000	0.971	0.001	0.979
461	0.000	0.971	0.001	0.979
499	0.000	0.971	0.001	0.979
504	0.000	0.971	0.001	0.979
526	0.000	0.971	0.001	0.979
123	0.000	0.973	0.001	0.979
126	0.000	0.973	0.001	0.979
138	0.000	0.973	0.001	0.979
219	0.000	0.973	0.001	0.979
278	0.000	0.973	0.001	0.979
508	0.000	0.973	0.001	0.979
522	0.000	0.973	0.001	0.979
533	0.000	0.973	0.001	0.979
91	0.000	0.973	0.001	0.979
308	0.000	0.974	0.001	0.979
120	0.000	0.974	0.001	0.979
203	0.000	0.974	0.001	0.979
295	0.000	0.974	0.001	0.979
340	0.000	0.974	0.001	0.979
380	0.000	0.974	0.001	0.979
404	0.000	0.974	0.001	0.979
67	0.000	0.974	0.001	0.979
169	0.961	0.974	0.001	0.979
139	0.000	0.974	0.001	0.979
165	0.000	0.974	0.001	0.979
192	0.000	0.974	0.001	0.979
246	0.000	0.974	0.001	0.979
356	0.000	0.974	0.001	0.979
363	0.000	0.974	0.001	0.979
434	0.000	0.974	0.001	0.979
551	0.000	0.974	0.001	0.979
76	0.000	0.974	0.001	0.979
92	0.000	0.974	0.001	0.979
121	0.000	0.977	0.000	0.979
163	0.000	0.977	0.000	0.979
450	0.000	0.977	0.000	0.979
263	0.000	0.977	0.000	0.979
333	0.000	0.977	0.000	0.979
66	0.000	0.977	0.000	0.979
117	0.000	0.977	0.000	0.979
166	0.000	0.977	0.000	0.979
176	0.000	0.977	0.000	0.979
272	0.000	0.977	0.000	0.979
529	0.000	0.977	0.000	0.979
545	0.000	0.977	0.000	0.979
7	0.000	0.977	0.000	0.979
12	0.989	0.993	0.000	0.993