# Omega fit to each site after fixing tree and all other parameters.
# Fits compared to null model of omega = 1.
# P-values NOT corrected for multiple testing, so consider Q-values too.
# Will fit different synonymous rate for each site.
#
site	omega	P	dLnL	Q
304	0.000	0.00329	4.321	1
277	0.000	0.00676	3.668	1
459	0.000	0.00722	3.609	1
137	0.081	0.00901	3.411	1
147	0.000	0.0108	3.251	1
122	0.000	0.0158	2.913	1
235	0.000	0.0186	2.768	1
177	100.000	0.0223	2.610	1
500	0.000	0.0234	2.569	1
171	0.000	0.0298	2.361	1
161	100.000	0.0309	2.329	1
150	100.000	0.0313	2.318	1
549	0.000	0.038	2.152	1
509	0.000	0.0416	2.076	1
190	0.000	0.0455	2.001	1
341	0.000	0.0469	1.975	1
447	91.388	0.0493	1.933	1
239	100.000	0.0605	1.762	1
125	0.000	0.0627	1.733	1
127	0.000	0.0628	1.731	1
411	0.000	0.0631	1.727	1
237	100.000	0.0636	1.721	1
206	100.000	0.0639	1.717	1
519	0.000	0.0675	1.671	1
155	84.127	0.0694	1.648	1
291	0.000	0.0709	1.631	1
153	0.000	0.0726	1.611	1
9	0.000	0.0763	1.571	1
342	0.000	0.0763	1.571	1
389	0.000	0.0884	1.452	1
455	0.000	0.0893	1.443	1
282	96.900	0.093	1.411	1
473	0.000	0.0951	1.393	1
407	0.000	0.0956	1.388	1
88	0.139	0.097	1.377	1
409	0.000	0.106	1.304	1
253	0.000	0.115	1.241	1
275	0.000	0.115	1.240	1
144	0.186	0.116	1.234	1
540	6.293	0.12	1.211	1
234	0.000	0.12	1.210	1
149	7.025	0.121	1.201	1
158	0.000	0.122	1.195	1
408	0.000	0.127	1.166	1
73	100.000	0.131	1.141	1
110	100.000	0.131	1.138	1
465	100.000	0.135	1.116	1
417	100.000	0.143	1.073	1
360	0.229	0.144	1.068	1
51	100.000	0.146	1.058	1
322	0.000	0.146	1.056	1
554	0.000	0.147	1.054	1
492	0.000	0.148	1.046	1
64	0.000	0.15	1.037	1
101	0.232	0.15	1.037	1
238	0.000	0.154	1.017	1
141	93.670	0.155	1.012	1
481	0.000	0.159	0.992	1
87	0.227	0.159	0.991	1
466	100.000	0.161	0.984	1
183	0.247	0.162	0.976	1
452	0.000	0.164	0.969	1
431	8.698	0.165	0.965	1
194	100.000	0.17	0.943	1
164	8.483	0.172	0.932	1
369	0.000	0.174	0.922	1
11	0.198	0.175	0.920	1
231	98.860	0.175	0.919	1
175	0.126	0.177	0.913	1
61	0.000	0.181	0.895	1
550	0.000	0.182	0.889	1
135	0.000	0.186	0.875	1
82	99.339	0.186	0.873	1
475	0.131	0.187	0.870	1
224	100.000	0.188	0.868	1
3	96.034	0.188	0.867	1
276	99.766	0.191	0.853	1
209	100.000	0.193	0.848	1
156	100.000	0.195	0.842	1
505	0.000	0.195	0.839	1
268	4.263	0.196	0.836	1
395	0.000	0.198	0.827	1
328	11.869	0.2	0.820	1
430	0.000	0.201	0.818	1
371	0.000	0.205	0.805	1
367	0.000	0.208	0.792	1
284	0.000	0.208	0.791	1
397	3.431	0.212	0.778	1
288	100.000	0.213	0.777	1
233	0.000	0.214	0.772	1
254	100.000	0.217	0.761	1
18	0.000	0.226	0.732	1
320	0.000	0.229	0.725	1
285	100.000	0.233	0.712	1
470	0.000	0.238	0.697	1
495	0.000	0.239	0.694	1
157	95.299	0.247	0.670	1
483	0.000	0.252	0.655	1
524	0.000	0.257	0.643	1
463	0.000	0.257	0.641	1
368	0.000	0.266	0.619	1
502	0.000	0.266	0.619	1
77	0.191	0.268	0.615	1
560	0.000	0.269	0.610	1
467	0.000	0.27	0.610	1
305	0.000	0.27	0.608	1
232	0.000	0.271	0.606	1
424	0.000	0.281	0.580	1
69	0.000	0.282	0.580	1
512	0.000	0.283	0.576	1
54	0.000	0.286	0.568	1
148	4.891	0.289	0.562	1
59	3.646	0.298	0.542	1
501	0.000	0.299	0.538	1
321	0.000	0.3	0.537	1
217	89.290	0.3	0.537	1
25	0.000	0.301	0.535	1
227	0.000	0.308	0.519	1
204	0.370	0.311	0.513	1
60	0.000	0.313	0.509	1
538	0.000	0.315	0.504	1
375	0.000	0.316	0.503	1
310	98.954	0.316	0.502	1
303	0.000	0.318	0.499	1
170	100.000	0.318	0.499	1
202	0.399	0.325	0.483	1
70	100.000	0.326	0.483	1
112	0.341	0.328	0.478	1
415	0.000	0.33	0.475	1
488	100.000	0.335	0.465	1
63	100.000	0.336	0.464	1
485	0.000	0.342	0.452	1
89	100.000	0.342	0.451	1
425	0.000	0.348	0.440	1
346	0.000	0.353	0.431	1
518	0.000	0.357	0.424	1
432	0.000	0.357	0.424	1
520	0.000	0.359	0.421	1
362	0.000	0.362	0.415	1
506	0.336	0.367	0.407	1
36	0.000	0.367	0.407	1
487	100.000	0.371	0.401	1
55	0.000	0.373	0.397	1
534	0.000	0.376	0.392	1
472	0.000	0.382	0.382	1
58	0.000	0.384	0.378	1
136	2.971	0.386	0.375	1
10	95.909	0.387	0.375	1
178	0.483	0.388	0.372	1
5	0.000	0.391	0.367	1
39	0.000	0.395	0.362	1
382	0.000	0.395	0.362	1
497	0.000	0.401	0.352	1
330	3.569	0.402	0.352	1
27	0.000	0.406	0.346	1
115	0.000	0.408	0.342	1
260	100.000	0.41	0.339	1
510	0.000	0.411	0.338	1
214	3.578	0.412	0.336	1
274	0.000	0.414	0.333	1
205	91.044	0.416	0.330	1
198	0.379	0.418	0.328	1
37	0.000	0.419	0.326	1
398	0.000	0.422	0.322	1
2	2.441	0.425	0.318	1
201	0.313	0.426	0.317	1
468	0.000	0.426	0.317	1
366	0.000	0.427	0.316	1
251	0.000	0.431	0.310	1
564	0.000	0.432	0.308	1
542	0.000	0.433	0.307	1
50	0.000	0.433	0.307	1
96	100.000	0.435	0.305	1
184	2.664	0.438	0.301	1
494	0.000	0.44	0.298	1
312	0.000	0.451	0.284	1
451	0.000	0.452	0.283	1
513	2.509	0.457	0.276	1
418	0.000	0.457	0.276	1
344	0.000	0.465	0.266	1
30	0.000	0.466	0.266	1
385	94.631	0.473	0.257	1
270	0.000	0.482	0.247	1
464	0.000	0.489	0.239	1
286	0.528	0.49	0.238	1
477	2.840	0.495	0.233	1
200	100.000	0.503	0.225	1
336	0.380	0.504	0.224	1
429	0.000	0.508	0.220	1
423	0.000	0.508	0.219	1
4	0.000	0.511	0.216	1
80	0.000	0.511	0.216	1
248	0.000	0.513	0.214	1
208	0.388	0.513	0.213	1
100	0.387	0.515	0.212	1
437	0.000	0.515	0.212	1
309	0.000	0.517	0.210	1
8	0.000	0.519	0.208	1
249	0.000	0.521	0.206	1
374	0.000	0.525	0.202	1
307	0.000	0.526	0.202	1
28	0.000	0.526	0.201	1
216	0.000	0.53	0.197	1
553	0.000	0.531	0.196	1
129	0.000	0.532	0.196	1
151	0.000	0.536	0.191	1
223	0.478	0.539	0.188	1
440	0.000	0.54	0.188	1
105	100.000	0.542	0.186	1
152	0.427	0.555	0.174	1
392	0.000	0.555	0.174	1
388	0.493	0.556	0.173	1
72	0.426	0.557	0.172	1
15	0.433	0.564	0.166	1
416	0.000	0.57	0.162	1
220	100.000	0.576	0.156	1
358	0.000	0.579	0.154	1
242	0.564	0.584	0.150	1
130	0.000	0.584	0.150	1
267	0.482	0.585	0.149	1
243	0.510	0.587	0.148	1
185	0.577	0.591	0.145	1
539	0.000	0.591	0.145	1
172	1.891	0.594	0.142	1
379	0.000	0.595	0.141	1
210	96.548	0.596	0.140	1
104	0.000	0.602	0.136	1
44	0.000	0.606	0.133	1
334	0.000	0.613	0.128	1
222	95.742	0.616	0.126	1
265	0.000	0.62	0.123	1
456	0.000	0.62	0.123	1
119	0.000	0.621	0.122	1
283	0.000	0.623	0.121	1
29	0.000	0.628	0.117	1
191	0.000	0.631	0.116	1
244	0.000	0.631	0.115	1
294	0.000	0.632	0.115	1
169	1.791	0.633	0.114	1
154	1.665	0.638	0.110	1
476	0.000	0.639	0.110	1
109	0.000	0.645	0.106	1
240	0.000	0.648	0.104	1
116	0.000	0.649	0.104	1
97	0.000	0.651	0.103	1
193	0.000	0.655	0.100	1
261	0.000	0.659	0.097	1
421	1.962	0.661	0.096	1
444	0.000	0.664	0.094	1
6	0.643	0.664	0.094	1
559	0.000	0.67	0.091	1
441	0.000	0.673	0.089	1
378	0.000	0.685	0.082	1
503	0.559	0.687	0.081	1
133	0.000	0.687	0.081	1
52	0.602	0.693	0.078	1
527	1.745	0.694	0.077	1
57	0.000	0.699	0.075	1
279	0.000	0.702	0.073	1
40	0.000	0.704	0.072	1
300	0.000	0.707	0.070	1
173	0.000	0.709	0.070	1
106	0.000	0.716	0.066	1
143	0.654	0.718	0.065	1
453	0.000	0.719	0.065	1
98	0.597	0.72	0.064	1
370	0.000	0.728	0.060	1
325	0.605	0.728	0.060	1
372	0.000	0.736	0.057	1
297	0.000	0.736	0.057	1
384	0.000	0.742	0.054	1
422	0.000	0.743	0.054	1
75	0.000	0.743	0.054	1
46	1.605	0.745	0.053	1
318	0.000	0.746	0.052	1
319	0.000	0.747	0.052	1
439	0.000	0.747	0.052	1
78	0.000	0.747	0.052	1
83	0.000	0.753	0.050	1
514	0.636	0.754	0.049	1
34	0.000	0.756	0.048	1
71	0.000	0.757	0.048	1
558	0.000	0.76	0.047	1
207	0.000	0.767	0.044	1
435	0.000	0.77	0.043	1
327	0.000	0.771	0.042	1
292	0.679	0.786	0.037	1
197	0.000	0.786	0.037	1
306	0.000	0.791	0.035	1
181	0.686	0.792	0.035	1
230	0.729	0.792	0.035	1
93	0.000	0.794	0.034	1
48	0.000	0.799	0.033	1
347	0.000	0.799	0.032	1
289	1.457	0.801	0.032	1
168	1.237	0.802	0.032	1
90	0.729	0.805	0.031	1
266	0.000	0.811	0.028	1
354	0.000	0.812	0.028	1
262	0.000	0.815	0.027	1
49	0.000	0.838	0.021	1
443	0.000	0.842	0.020	1
460	0.000	0.85	0.018	1
339	0.763	0.851	0.018	1
68	0.000	0.853	0.017	1
355	0.000	0.858	0.016	1
12	0.801	0.86	0.016	1
86	0.000	0.861	0.015	1
287	100.000	0.865	0.014	1
298	1.265	0.869	0.014	1
102	1.234	0.872	0.013	1
35	0.000	0.933	0.004	1
85	0.887	0.933	0.004	1
252	0.888	0.934	0.003	1
74	0.000	0.942	0.003	1
145	0.880	0.947	0.002	1
111	0.000	0.957	0.001	1
313	1.081	0.957	0.001	1
414	0.000	0.959	0.001	1
199	0.000	0.959	0.001	1
174	0.000	0.96	0.001	1
41	0.000	0.961	0.001	1
271	0.000	0.963	0.001	1
517	0.000	0.966	0.001	1
124	0.000	0.966	0.001	1
226	0.000	0.966	0.001	1
496	0.000	0.966	0.001	1
498	0.000	0.967	0.001	1
212	0.000	0.967	0.001	1
523	0.000	0.968	0.001	1
256	0.000	0.968	0.001	1
469	1.059	0.968	0.001	1
525	0.000	0.97	0.001	1
219	0.000	0.971	0.001	1
511	0.000	0.971	0.001	1
250	0.000	0.971	0.001	1
229	0.000	0.971	0.001	1
403	0.000	0.972	0.001	1
401	0.000	0.972	0.001	1
302	0.000	0.972	0.001	1
380	0.000	0.973	0.001	1
293	0.000	0.973	0.001	1
508	0.000	0.973	0.001	1
381	0.000	0.974	0.001	1
196	0.000	0.975	0.000	1
1	0.000	0.975	0.000	1
493	0.000	0.975	0.000	1
273	0.000	0.975	0.000	1
489	0.000	0.975	0.000	1
186	0.000	0.976	0.000	1
247	0.000	0.977	0.000	1
14	0.000	0.977	0.000	1
67	0.000	0.977	0.000	1
225	0.000	0.977	0.000	1
442	0.000	0.978	0.000	1
142	0.000	0.978	0.000	1
103	0.000	0.978	0.000	1
516	0.000	0.978	0.000	1
236	0.000	0.979	0.000	1
338	0.000	0.98	0.000	1
555	0.000	0.98	0.000	1
91	0.000	0.98	0.000	1
38	0.000	0.98	0.000	1
317	0.000	0.981	0.000	1
323	0.000	0.981	0.000	1
99	0.000	0.981	0.000	1
211	0.000	0.981	0.000	1
522	0.000	0.981	0.000	1
255	0.000	0.981	0.000	1
179	0.000	0.981	0.000	1
215	0.000	0.981	0.000	1
245	0.000	0.981	0.000	1
138	0.000	0.982	0.000	1
480	0.000	0.982	0.000	1
420	0.000	0.982	0.000	1
228	0.000	0.982	0.000	1
391	0.000	0.982	0.000	1
264	0.000	0.982	0.000	1
507	0.000	0.982	0.000	1
357	0.000	0.982	0.000	1
113	0.000	0.982	0.000	1
462	0.000	0.983	0.000	1
405	0.000	0.983	0.000	1
348	0.000	0.983	0.000	1
521	0.000	0.983	0.000	1
22	0.000	0.983	0.000	1
402	0.000	0.983	0.000	1
315	0.000	0.983	0.000	1
413	0.000	0.983	0.000	1
404	0.000	0.983	0.000	1
257	0.000	0.984	0.000	1
84	0.000	0.984	0.000	1
454	0.000	0.984	0.000	1
526	0.000	0.984	0.000	1
406	0.000	0.984	0.000	1
433	0.000	0.984	0.000	1
221	0.000	0.984	0.000	1
393	0.000	0.984	0.000	1
278	0.000	0.984	0.000	1
396	0.000	0.984	0.000	1
187	0.000	0.984	0.000	1
561	0.000	0.984	0.000	1
359	0.000	0.984	0.000	1
552	0.000	0.985	0.000	1
32	0.000	0.985	0.000	1
419	0.000	0.985	0.000	1
528	0.000	0.985	0.000	1
314	0.000	0.985	0.000	1
426	0.000	0.985	0.000	1
377	0.000	0.985	0.000	1
491	0.000	0.985	0.000	1
535	0.000	0.985	0.000	1
188	0.000	0.985	0.000	1
132	0.000	0.985	0.000	1
387	0.000	0.985	0.000	1
352	0.000	0.986	0.000	1
42	0.000	0.986	0.000	1
515	0.000	0.986	0.000	1
438	0.000	0.986	0.000	1
458	0.000	0.986	0.000	1
400	0.000	0.986	0.000	1
390	0.000	0.986	0.000	1
213	0.000	0.986	0.000	1
399	0.000	0.986	0.000	1
134	0.000	0.986	0.000	1
301	0.000	0.986	0.000	1
557	0.000	0.986	0.000	1
176	0.000	0.987	0.000	1
479	0.000	0.987	0.000	1
484	0.000	0.987	0.000	1
17	0.000	0.987	0.000	1
427	0.000	0.987	0.000	1
56	0.000	0.987	0.000	1
53	0.000	0.987	0.000	1
126	0.000	0.987	0.000	1
532	0.000	0.988	0.000	1
140	0.000	0.988	0.000	1
13	0.000	0.988	0.000	1
541	0.000	0.988	0.000	1
548	0.000	0.988	0.000	1
95	0.000	0.988	0.000	1
311	0.000	0.988	0.000	1
280	0.000	0.988	0.000	1
123	0.000	0.988	0.000	1
428	0.000	0.988	0.000	1
272	0.000	0.989	0.000	1
19	0.000	0.989	0.000	1
47	0.000	0.989	0.000	1
21	0.000	0.989	0.000	1
531	0.000	0.989	0.000	1
562	0.000	0.989	0.000	1
24	0.000	0.989	0.000	1
530	0.000	0.989	0.000	1
536	0.000	0.989	0.000	1
457	0.000	0.989	0.000	1
118	0.000	0.989	0.000	1
394	0.000	0.989	0.000	1
533	0.000	0.989	0.000	1
478	0.000	0.99	0.000	1
218	0.000	0.99	0.000	1
120	0.000	0.99	0.000	1
448	0.000	0.99	0.000	1
340	0.000	0.99	0.000	1
345	0.000	0.99	0.000	1
326	0.000	0.99	0.000	1
296	0.000	0.99	0.000	1
544	0.000	0.99	0.000	1
166	0.000	0.991	0.000	1
537	0.000	0.991	0.000	1
281	0.000	0.991	0.000	1
146	0.000	0.991	0.000	1
114	0.000	0.991	0.000	1
33	0.000	0.991	0.000	1
556	0.000	0.991	0.000	1
333	0.000	0.992	0.000	1
546	0.000	0.992	0.000	1
410	0.000	0.992	0.000	1
474	0.000	0.992	0.000	1
482	0.000	0.992	0.000	1
332	0.000	0.992	0.000	1
131	0.000	0.992	0.000	1
258	0.000	0.992	0.000	1
269	0.000	0.992	0.000	1
128	0.000	0.992	0.000	1
45	0.000	0.992	0.000	1
504	0.000	0.992	0.000	1
259	0.000	0.993	0.000	1
163	0.000	0.993	0.000	1
461	0.000	0.993	0.000	1
361	0.000	0.993	0.000	1
471	0.000	0.993	0.000	1
167	0.000	0.993	0.000	1
62	0.000	0.993	0.000	1
563	0.000	0.993	0.000	1
92	0.000	0.993	0.000	1
299	0.000	0.993	0.000	1
337	0.000	0.993	0.000	1
160	0.000	0.993	0.000	1
329	0.000	0.993	0.000	1
31	0.000	0.993	0.000	1
7	0.000	0.994	0.000	1
436	0.000	0.994	0.000	1
445	0.000	0.994	0.000	1
543	0.000	0.994	0.000	1
490	0.000	0.994	0.000	1
23	0.000	0.994	0.000	1
349	0.000	0.994	0.000	1
486	0.000	0.994	0.000	1
180	0.000	0.994	0.000	1
499	0.000	0.994	0.000	1
412	0.000	0.994	0.000	1
446	0.000	0.994	0.000	1
26	0.000	0.994	0.000	1
66	0.000	0.995	0.000	1
376	0.000	0.995	0.000	1
551	0.000	0.995	0.000	1
263	0.000	0.995	0.000	1
165	0.000	0.995	0.000	1
450	0.000	0.995	0.000	1
121	0.000	0.995	0.000	1
434	0.000	0.996	0.000	1
363	0.000	0.997	0.000	1
356	0.000	0.997	0.000	1
76	0.000	0.997	0.000	1
139	0.000	0.998	0.000	1
192	0.000	0.998	0.000	1
16	0.943	0.999	0.000	1
246	0.000	0.999	0.000	1
195	0.938	0.999	0.000	1
547	0.954	0.999	0.000	1
241	0.959	0.999	0.000	1
20	0.951	0.999	0.000	1
324	0.955	0.999	0.000	1
162	0.955	0.999	0.000	1
343	0.968	0.999	0.000	1
335	0.961	0.999	0.000	1
65	0.969	0.999	0.000	1
295	0.963	0.999	0.000	1
182	0.964	0.999	0.000	1
365	0.971	0.999	0.000	1
351	0.967	0.999	0.000	1
43	0.973	0.999	0.000	1
386	0.976	0.999	0.000	1
331	0.975	0.999	0.000	1
290	0.967	0.999	0.000	1
449	0.977	0.999	0.000	1
364	0.970	0.999	0.000	1
353	0.973	0.999	0.000	1
108	0.978	0.999	0.000	1
189	0.979	0.999	0.000	1
316	0.979	0.999	0.000	1
107	0.974	0.999	0.000	1
203	0.975	0.999	0.000	1
383	0.980	0.999	0.000	1
159	0.974	1	0.000	1
81	0.984	1	0.000	1
94	0.980	1	0.000	1
79	0.985	1	0.000	1
117	0.990	1	0.000	1
350	0.988	1	0.000	1
373	0.989	1	0.000	1
529	0.991	1	0.000	1
545	0.992	1	0.000	1
308	0.993	1	0.000	1