# Omega fit to each site after fixing tree and all other parameters.
# Fits compared to null model of omega = 1.
# P-values NOT corrected for multiple testing, so consider Q-values too.
# Will fit different synonymous rate for each site.
#
site	omega	P	dLnL	Q
304	0.000	0.00209	4.736	1
459	0.000	0.00652	3.700	1
137	0.077	0.00761	3.561	1
277	0.000	0.00864	3.448	1
147	0.000	0.0166	2.872	1
122	0.000	0.0172	2.838	1
235	0.000	0.022	2.624	1
177	100.000	0.0228	2.591	1
549	0.000	0.031	2.328	1
161	100.000	0.0313	2.318	1
500	0.000	0.0325	2.287	1
171	0.000	0.0345	2.235	1
150	100.000	0.0393	2.123	1
190	0.000	0.0415	2.079	1
509	0.000	0.0447	2.016	1
237	100.000	0.052	1.887	1
125	0.000	0.0566	1.818	1
447	100.000	0.0572	1.808	1
411	0.000	0.0584	1.791	1
341	0.000	0.0586	1.789	1
239	100.000	0.0589	1.784	1
519	0.000	0.0616	1.747	1
342	0.000	0.063	1.728	1
155	92.945	0.072	1.618	1
206	100.000	0.0733	1.603	1
455	0.000	0.074	1.596	1
127	0.000	0.0781	1.552	1
153	0.000	0.0789	1.543	1
291	0.000	0.081	1.522	1
407	0.000	0.0861	1.472	1
9	0.000	0.0894	1.442	1
88	0.139	0.0977	1.372	1
282	100.000	0.0998	1.354	1
389	0.000	0.102	1.341	1
149	7.372	0.104	1.325	1
409	0.000	0.107	1.301	1
473	0.000	0.109	1.285	1
408	0.000	0.111	1.268	1
110	100.000	0.113	1.256	1
253	0.000	0.115	1.242	1
452	0.000	0.115	1.241	1
238	0.000	0.12	1.211	1
275	0.000	0.122	1.195	1
101	0.211	0.123	1.191	1
158	0.000	0.125	1.179	1
175	0.090	0.125	1.177	1
322	0.000	0.126	1.168	1
73	100.000	0.127	1.164	1
554	0.000	0.132	1.137	1
417	100.000	0.133	1.131	1
11	0.172	0.14	1.089	1
87	0.211	0.141	1.082	1
183	0.229	0.142	1.076	1
540	5.716	0.143	1.071	1
234	0.000	0.144	1.066	1
144	0.213	0.146	1.057	1
360	0.233	0.149	1.044	1
397	3.974	0.156	1.005	1
431	9.125	0.157	1.003	1
51	100.000	0.157	1.002	1
231	100.000	0.158	0.997	1
64	0.000	0.159	0.992	1
395	0.000	0.159	0.990	1
492	0.000	0.165	0.963	1
178	0.307	0.168	0.952	1
61	0.000	0.168	0.950	1
369	0.000	0.169	0.944	1
465	100.000	0.17	0.942	1
54	0.000	0.171	0.936	1
481	0.000	0.171	0.936	1
156	100.000	0.177	0.913	1
430	0.000	0.177	0.911	1
141	100.000	0.178	0.906	1
209	100.000	0.18	0.900	1
550	0.000	0.18	0.897	1
367	0.000	0.184	0.883	1
276	100.000	0.185	0.880	1
77	0.133	0.186	0.874	1
135	0.000	0.186	0.873	1
466	95.593	0.187	0.871	1
371	0.000	0.191	0.857	1
194	100.000	0.191	0.853	1
483	0.000	0.192	0.849	1
470	0.000	0.195	0.839	1
18	0.000	0.198	0.830	1
475	0.138	0.198	0.830	1
288	94.640	0.2	0.820	1
214	7.053	0.201	0.817	1
3	96.054	0.201	0.816	1
284	0.000	0.205	0.804	1
25	0.000	0.208	0.794	1
328	10.445	0.211	0.783	1
285	100.000	0.212	0.778	1
233	0.000	0.215	0.770	1
254	100.000	0.215	0.769	1
224	100.000	0.216	0.767	1
505	0.000	0.22	0.752	1
463	0.000	0.225	0.737	1
560	0.000	0.225	0.735	1
538	0.000	0.227	0.730	1
320	0.000	0.233	0.710	1
82	100.000	0.234	0.708	1
157	92.684	0.234	0.708	1
502	0.000	0.244	0.678	1
362	0.000	0.245	0.675	1
268	3.640	0.248	0.669	1
495	0.000	0.25	0.663	1
425	0.000	0.254	0.652	1
164	5.653	0.256	0.646	1
69	0.000	0.259	0.636	1
524	0.000	0.262	0.629	1
375	0.000	0.266	0.619	1
424	0.000	0.271	0.605	1
60	0.000	0.274	0.599	1
27	0.000	0.275	0.597	1
321	0.000	0.275	0.597	1
305	0.000	0.278	0.589	1
58	0.000	0.278	0.588	1
303	0.000	0.28	0.583	1
227	0.000	0.283	0.576	1
59	3.801	0.286	0.569	1
310	100.000	0.29	0.560	1
512	0.000	0.294	0.551	1
70	100.000	0.302	0.533	1
467	0.000	0.303	0.531	1
217	100.000	0.304	0.529	1
112	0.326	0.306	0.524	1
39	0.000	0.311	0.513	1
148	4.478	0.314	0.507	1
202	0.389	0.314	0.507	1
366	0.000	0.314	0.507	1
170	100.000	0.315	0.505	1
432	0.000	0.316	0.503	1
232	0.000	0.316	0.502	1
415	0.000	0.318	0.499	1
468	0.000	0.322	0.490	1
89	100.000	0.323	0.488	1
485	0.000	0.326	0.483	1
518	0.000	0.329	0.477	1
472	0.000	0.329	0.476	1
5	0.000	0.333	0.469	1
418	0.000	0.334	0.467	1
368	0.000	0.338	0.458	1
520	0.000	0.339	0.457	1
534	0.000	0.341	0.454	1
63	100.000	0.342	0.451	1
501	0.000	0.345	0.445	1
487	100.000	0.348	0.441	1
55	0.000	0.352	0.433	1
497	0.000	0.353	0.432	1
382	0.000	0.357	0.424	1
346	0.000	0.36	0.419	1
204	0.410	0.363	0.414	1
36	0.000	0.372	0.398	1
260	100.000	0.372	0.398	1
115	0.000	0.374	0.396	1
488	100.000	0.376	0.391	1
251	0.000	0.388	0.373	1
564	0.000	0.389	0.371	1
274	0.000	0.39	0.370	1
542	0.000	0.39	0.369	1
30	0.000	0.391	0.368	1
398	0.000	0.394	0.363	1
10	82.107	0.395	0.362	1
451	0.000	0.396	0.360	1
494	0.000	0.397	0.359	1
510	0.000	0.401	0.353	1
136	2.840	0.407	0.343	1
205	100.000	0.409	0.341	1
344	0.000	0.416	0.331	1
286	0.473	0.416	0.330	1
2	2.474	0.418	0.328	1
201	0.312	0.424	0.319	1
216	0.000	0.426	0.317	1
50	0.000	0.428	0.313	1
464	0.000	0.433	0.308	1
151	0.000	0.433	0.307	1
37	0.000	0.434	0.306	1
198	0.392	0.434	0.305	1
423	0.000	0.435	0.305	1
388	0.399	0.444	0.293	1
312	0.000	0.444	0.293	1
28	0.000	0.445	0.291	1
506	0.396	0.447	0.290	1
129	0.000	0.458	0.276	1
309	0.000	0.459	0.274	1
385	100.000	0.464	0.269	1
440	0.000	0.464	0.268	1
185	0.473	0.465	0.267	1
96	100.000	0.47	0.261	1
437	0.000	0.47	0.261	1
416	0.000	0.474	0.256	1
184	2.460	0.475	0.255	1
8	0.000	0.476	0.254	1
358	0.000	0.478	0.252	1
80	0.000	0.48	0.249	1
4	0.000	0.482	0.248	1
429	0.000	0.485	0.244	1
248	0.000	0.487	0.242	1
553	0.000	0.497	0.231	1
270	0.000	0.499	0.228	1
249	0.000	0.508	0.219	1
374	0.000	0.51	0.217	1
243	0.445	0.511	0.216	1
379	0.000	0.519	0.208	1
100	0.392	0.52	0.207	1
12	0.432	0.522	0.205	1
334	0.000	0.523	0.204	1
130	0.000	0.524	0.203	1
15	0.399	0.528	0.199	1
200	100.000	0.528	0.199	1
307	0.000	0.53	0.198	1
392	0.000	0.53	0.197	1
105	100.000	0.537	0.191	1
294	0.000	0.538	0.190	1
242	0.528	0.541	0.187	1
336	0.419	0.547	0.182	1
539	0.000	0.548	0.180	1
261	0.000	0.55	0.179	1
44	0.000	0.552	0.177	1
223	0.491	0.554	0.175	1
330	2.386	0.554	0.175	1
104	0.000	0.555	0.174	1
119	0.000	0.558	0.172	1
456	0.000	0.562	0.168	1
244	0.000	0.566	0.165	1
116	0.000	0.569	0.162	1
267	0.468	0.571	0.161	1
29	0.000	0.571	0.160	1
265	0.000	0.576	0.156	1
222	93.537	0.586	0.149	1
72	0.455	0.587	0.147	1
240	0.000	0.591	0.145	1
283	0.000	0.592	0.144	1
210	92.789	0.595	0.142	1
444	0.000	0.595	0.142	1
191	0.000	0.599	0.138	1
97	0.000	0.608	0.131	1
513	1.854	0.618	0.124	1
220	91.474	0.621	0.122	1
193	0.000	0.625	0.119	1
6	0.613	0.63	0.116	1
172	1.772	0.633	0.114	1
109	0.000	0.634	0.114	1
57	0.000	0.636	0.112	1
208	0.508	0.637	0.111	1
133	0.000	0.64	0.109	1
378	0.000	0.651	0.103	1
370	0.000	0.655	0.100	1
453	0.000	0.655	0.100	1
106	0.000	0.661	0.096	1
40	0.000	0.663	0.095	1
527	1.834	0.667	0.093	1
169	1.690	0.668	0.092	1
279	0.000	0.671	0.090	1
143	0.610	0.672	0.090	1
173	0.000	0.672	0.090	1
559	0.000	0.673	0.089	1
318	0.000	0.677	0.087	1
476	0.000	0.679	0.086	1
152	0.557	0.683	0.083	1
441	0.000	0.686	0.082	1
439	0.000	0.687	0.081	1
384	0.000	0.692	0.078	1
52	0.602	0.694	0.078	1
503	0.570	0.697	0.076	1
297	0.000	0.7	0.074	1
319	0.000	0.701	0.074	1
71	0.000	0.701	0.074	1
83	0.000	0.704	0.072	1
168	1.377	0.704	0.072	1
207	0.000	0.706	0.071	1
34	0.000	0.707	0.071	1
300	0.000	0.708	0.070	1
558	0.000	0.715	0.067	1
75	0.000	0.715	0.066	1
90	0.626	0.716	0.066	1
477	1.674	0.718	0.065	1
327	0.000	0.721	0.064	1
435	0.000	0.725	0.062	1
422	0.000	0.725	0.062	1
78	0.000	0.726	0.061	1
298	1.642	0.731	0.059	1
325	0.609	0.731	0.059	1
354	0.000	0.733	0.058	1
48	0.000	0.738	0.056	1
372	0.000	0.743	0.054	1
292	0.627	0.743	0.054	1
98	0.635	0.753	0.050	1
347	0.000	0.754	0.049	1
306	0.000	0.764	0.045	1
266	0.000	0.765	0.045	1
339	0.655	0.768	0.044	1
262	0.000	0.786	0.037	1
93	0.000	0.795	0.034	1
421	1.469	0.797	0.033	1
514	0.698	0.803	0.031	1
49	0.000	0.812	0.028	1
68	0.000	0.824	0.025	1
443	0.000	0.826	0.024	1
154	1.275	0.826	0.024	1
181	0.732	0.827	0.024	1
86	0.000	0.828	0.024	1
460	0.000	0.837	0.021	1
355	0.000	0.837	0.021	1
197	0.000	0.839	0.021	1
289	1.312	0.855	0.017	1
102	1.268	0.856	0.016	1
46	1.298	0.857	0.016	1
287	100.000	0.865	0.015	1
230	0.818	0.866	0.014	1
252	0.831	0.897	0.008	1
35	0.000	0.924	0.005	1
74	0.000	0.937	0.003	1
111	0.000	0.956	0.002	1
199	0.000	0.96	0.001	1
414	0.000	0.961	0.001	1
469	1.071	0.962	0.001	1
271	0.000	0.963	0.001	1
124	0.000	0.963	0.001	1
174	0.000	0.963	0.001	1
41	0.000	0.964	0.001	1
226	0.000	0.965	0.001	1
517	0.000	0.966	0.001	1
498	0.000	0.966	0.001	1
523	0.000	0.967	0.001	1
212	0.000	0.968	0.001	1
85	0.945	0.968	0.001	1
496	0.000	0.969	0.001	1
256	0.000	0.969	0.001	1
401	0.000	0.97	0.001	1
229	0.000	0.97	0.001	1
302	0.000	0.97	0.001	1
380	0.000	0.971	0.001	1
403	0.000	0.971	0.001	1
250	0.000	0.971	0.001	1
511	0.000	0.971	0.001	1
525	0.000	0.972	0.001	1
14	0.000	0.972	0.001	1
493	0.000	0.972	0.001	1
293	0.000	0.973	0.001	1
381	0.000	0.973	0.001	1
1	0.000	0.973	0.001	1
186	0.000	0.974	0.001	1
489	0.000	0.974	0.001	1
442	0.000	0.974	0.001	1
247	0.000	0.974	0.001	1
508	0.000	0.974	0.001	1
196	0.000	0.975	0.000	1
219	0.000	0.975	0.000	1
273	0.000	0.976	0.000	1
67	0.000	0.977	0.000	1
225	0.000	0.977	0.000	1
555	0.000	0.978	0.000	1
255	0.000	0.978	0.000	1
516	0.000	0.978	0.000	1
480	0.000	0.978	0.000	1
142	0.000	0.978	0.000	1
103	0.000	0.978	0.000	1
317	0.000	0.978	0.000	1
91	0.000	0.979	0.000	1
113	0.000	0.979	0.000	1
38	0.000	0.979	0.000	1
22	0.000	0.979	0.000	1
145	1.053	0.979	0.000	1
391	0.000	0.98	0.000	1
338	0.000	0.98	0.000	1
420	0.000	0.98	0.000	1
32	0.000	0.98	0.000	1
245	0.000	0.98	0.000	1
99	0.000	0.981	0.000	1
552	0.000	0.981	0.000	1
264	0.000	0.981	0.000	1
462	0.000	0.981	0.000	1
323	0.000	0.981	0.000	1
357	0.000	0.981	0.000	1
315	0.000	0.981	0.000	1
138	0.000	0.981	0.000	1
211	0.000	0.981	0.000	1
179	0.000	0.981	0.000	1
348	0.000	0.981	0.000	1
236	0.000	0.981	0.000	1
438	0.000	0.982	0.000	1
228	0.000	0.982	0.000	1
507	0.000	0.982	0.000	1
522	0.000	0.982	0.000	1
521	0.000	0.982	0.000	1
393	0.000	0.982	0.000	1
278	0.000	0.982	0.000	1
215	0.000	0.982	0.000	1
454	0.000	0.982	0.000	1
526	0.000	0.982	0.000	1
402	0.000	0.982	0.000	1
221	0.000	0.982	0.000	1
404	0.000	0.982	0.000	1
491	0.000	0.983	0.000	1
561	0.000	0.983	0.000	1
257	0.000	0.983	0.000	1
433	0.000	0.983	0.000	1
413	0.000	0.983	0.000	1
313	1.031	0.983	0.000	1
396	0.000	0.983	0.000	1
458	0.000	0.983	0.000	1
405	0.000	0.983	0.000	1
359	0.000	0.983	0.000	1
377	0.000	0.983	0.000	1
132	0.000	0.983	0.000	1
187	0.000	0.983	0.000	1
479	0.000	0.983	0.000	1
42	0.000	0.984	0.000	1
484	0.000	0.984	0.000	1
528	0.000	0.984	0.000	1
419	0.000	0.984	0.000	1
406	0.000	0.984	0.000	1
427	0.000	0.984	0.000	1
53	0.000	0.984	0.000	1
17	0.000	0.984	0.000	1
84	0.000	0.984	0.000	1
387	0.000	0.984	0.000	1
314	0.000	0.984	0.000	1
188	0.000	0.984	0.000	1
399	0.000	0.985	0.000	1
426	0.000	0.985	0.000	1
21	0.000	0.985	0.000	1
213	0.000	0.985	0.000	1
535	0.000	0.985	0.000	1
352	0.000	0.985	0.000	1
134	0.000	0.985	0.000	1
532	0.000	0.985	0.000	1
390	0.000	0.985	0.000	1
301	0.000	0.986	0.000	1
400	0.000	0.986	0.000	1
428	0.000	0.986	0.000	1
515	0.000	0.986	0.000	1
56	0.000	0.986	0.000	1
530	0.000	0.986	0.000	1
548	0.000	0.986	0.000	1
562	0.000	0.986	0.000	1
140	0.000	0.986	0.000	1
541	0.000	0.986	0.000	1
448	0.000	0.986	0.000	1
95	0.000	0.987	0.000	1
394	0.000	0.987	0.000	1
19	0.000	0.987	0.000	1
280	0.000	0.987	0.000	1
536	0.000	0.987	0.000	1
531	0.000	0.987	0.000	1
311	0.000	0.987	0.000	1
47	0.000	0.987	0.000	1
24	0.000	0.987	0.000	1
557	0.000	0.988	0.000	1
457	0.000	0.988	0.000	1
340	0.000	0.988	0.000	1
13	0.000	0.988	0.000	1
272	0.000	0.988	0.000	1
176	0.000	0.988	0.000	1
533	0.000	0.988	0.000	1
118	0.000	0.988	0.000	1
33	0.000	0.989	0.000	1
120	0.000	0.989	0.000	1
123	0.000	0.989	0.000	1
296	0.000	0.989	0.000	1
332	0.000	0.989	0.000	1
546	0.000	0.99	0.000	1
556	0.000	0.99	0.000	1
218	0.000	0.99	0.000	1
146	0.000	0.99	0.000	1
114	0.000	0.99	0.000	1
345	0.000	0.991	0.000	1
326	0.000	0.991	0.000	1
361	0.000	0.991	0.000	1
126	0.000	0.991	0.000	1
45	0.000	0.991	0.000	1
166	0.000	0.991	0.000	1
281	0.000	0.991	0.000	1
299	0.000	0.991	0.000	1
461	0.000	0.991	0.000	1
504	0.000	0.991	0.000	1
258	0.000	0.991	0.000	1
163	0.000	0.991	0.000	1
92	0.000	0.991	0.000	1
537	0.000	0.991	0.000	1
544	0.000	0.992	0.000	1
471	0.000	0.992	0.000	1
482	0.000	0.992	0.000	1
269	0.000	0.992	0.000	1
410	0.000	0.992	0.000	1
62	0.000	0.992	0.000	1
333	0.000	0.992	0.000	1
563	0.000	0.992	0.000	1
160	0.000	0.992	0.000	1
474	0.000	0.992	0.000	1
436	0.000	0.992	0.000	1
259	0.000	0.992	0.000	1
490	0.000	0.992	0.000	1
131	0.000	0.992	0.000	1
445	0.000	0.992	0.000	1
31	0.000	0.992	0.000	1
543	0.000	0.992	0.000	1
478	0.000	0.993	0.000	1
486	0.000	0.993	0.000	1
412	0.000	0.993	0.000	1
329	0.000	0.993	0.000	1
167	0.000	0.993	0.000	1
7	0.000	0.993	0.000	1
16	0.000	0.993	0.000	1
128	0.000	0.993	0.000	1
23	0.000	0.993	0.000	1
349	0.000	0.993	0.000	1
499	0.000	0.993	0.000	1
446	0.000	0.993	0.000	1
26	0.000	0.993	0.000	1
180	0.000	0.993	0.000	1
165	0.000	0.994	0.000	1
450	0.000	0.994	0.000	1
66	0.000	0.994	0.000	1
195	0.000	0.994	0.000	1
376	0.000	0.994	0.000	1
263	0.000	0.994	0.000	1
335	0.000	0.994	0.000	1
551	0.000	0.994	0.000	1
20	0.000	0.995	0.000	1
351	0.000	0.995	0.000	1
324	0.000	0.995	0.000	1
121	0.000	0.996	0.000	1
434	0.000	0.996	0.000	1
356	0.000	0.996	0.000	1
363	0.000	0.996	0.000	1
117	0.000	0.996	0.000	1
529	0.000	0.996	0.000	1
545	0.000	0.996	0.000	1
76	0.000	0.997	0.000	1
139	0.000	0.998	0.000	1
192	0.000	0.998	0.000	1
337	0.941	0.998	0.000	1
246	0.000	0.998	0.000	1
547	0.944	0.999	0.000	1
295	0.944	0.999	0.000	1
290	0.941	0.999	0.000	1
343	0.957	0.999	0.000	1
65	0.956	0.999	0.000	1
241	0.956	0.999	0.000	1
162	0.949	0.999	0.000	1
449	0.964	0.999	0.000	1
316	0.964	0.999	0.000	1
108	0.963	0.999	0.000	1
365	0.966	0.999	0.000	1
383	0.966	0.999	0.000	1
43	0.967	0.999	0.000	1
386	0.970	0.999	0.000	1
353	0.963	0.999	0.000	1
159	0.960	0.999	0.000	1
331	0.970	0.999	0.000	1
182	0.964	0.999	0.000	1
189	0.973	0.999	0.000	1
203	0.968	0.999	0.000	1
107	0.970	0.999	0.000	1
81	0.975	0.999	0.000	1
364	0.970	0.999	0.000	1
350	0.981	0.999	0.000	1
373	0.984	1	0.000	1
94	0.981	1	0.000	1
79	0.986	1	0.000	1
308	0.990	1	0.000	1