# Omega fit to each site after fixing tree and all other parameters.
# Fits compared to null model of omega = 1.
# P-values NOT corrected for multiple testing, so consider Q-values too.
# Will fit different synonymous rate for each site.
#
site	omega	P	dLnL	Q
429	0.000	0.000275	6.615	0.155
378	0.000	0.000903	5.509	0.255
452	0.000	0.00268	4.507	0.257
147	0.000	0.00283	4.456	0.257
309	0.000	0.00338	4.296	0.257
307	0.000	0.00376	4.198	0.257
277	0.000	0.00393	4.158	0.257
190	0.000	0.00416	4.106	0.257
459	0.000	0.00467	4.001	0.257
37	0.000	0.00521	3.903	0.257
538	0.000	0.00534	3.880	0.257
232	0.000	0.00546	3.860	0.257
261	0.000	0.00757	3.567	0.281
122	0.000	0.00787	3.531	0.281
304	0.000	0.00792	3.526	0.281
104	0.000	0.00796	3.521	0.281
294	0.000	0.00976	3.339	0.289
549	0.000	0.0103	3.288	0.289
362	0.000	0.0106	3.265	0.289
524	0.000	0.0108	3.249	0.289
58	0.000	0.0114	3.198	0.289
425	0.000	0.0115	3.193	0.289
55	0.000	0.0121	3.147	0.289
216	0.000	0.0123	3.133	0.289
379	0.000	0.0131	3.076	0.293
235	0.000	0.0135	3.050	0.293
468	0.000	0.0149	2.966	0.298
251	0.000	0.0171	2.844	0.298
371	0.000	0.0176	2.816	0.298
415	0.000	0.0179	2.803	0.298
101	0.099	0.0186	2.769	0.298
305	0.000	0.0187	2.764	0.298
240	0.000	0.0189	2.753	0.298
238	0.000	0.0192	2.740	0.298
500	0.000	0.0193	2.738	0.298
115	0.000	0.0215	2.645	0.298
28	0.000	0.0215	2.642	0.298
270	0.000	0.0216	2.640	0.298
125	0.000	0.022	2.623	0.298
418	0.000	0.0221	2.620	0.298
27	0.000	0.0221	2.620	0.298
54	0.000	0.0225	2.602	0.298
472	0.000	0.0229	2.586	0.298
39	0.000	0.0233	2.575	0.298
109	0.000	0.0264	2.466	0.324
509	0.000	0.0265	2.463	0.324
375	0.000	0.0279	2.417	0.335
334	0.000	0.0292	2.378	0.343
494	0.000	0.0317	2.307	0.365
137	0.135	0.0338	2.253	0.377
64	0.000	0.0341	2.244	0.377
554	0.000	0.0359	2.202	0.389
135	0.000	0.0377	2.159	0.399
321	0.000	0.0382	2.147	0.399
227	0.000	0.0404	2.099	0.412
366	0.000	0.0409	2.090	0.412
312	0.000	0.043	2.047	0.413
319	0.000	0.043	2.047	0.413
502	0.000	0.0435	2.038	0.413
266	0.000	0.0452	2.006	0.413
346	0.000	0.0458	1.994	0.413
60	0.000	0.0459	1.992	0.413
25	0.000	0.0462	1.988	0.413
237	100.000	0.0474	1.966	0.418
342	0.000	0.0496	1.927	0.42
274	0.000	0.0503	1.915	0.42
153	0.000	0.0522	1.884	0.42
422	0.000	0.0554	1.835	0.42
129	0.000	0.0565	1.818	0.42
408	0.000	0.0567	1.815	0.42
369	0.000	0.0573	1.807	0.42
497	0.000	0.0579	1.798	0.42
368	0.000	0.0584	1.792	0.42
453	0.000	0.0587	1.787	0.42
367	0.000	0.0587	1.787	0.42
476	0.000	0.0593	1.779	0.42
303	0.000	0.0597	1.773	0.42
358	0.000	0.0603	1.765	0.42
279	0.000	0.0607	1.760	0.42
158	0.000	0.0621	1.740	0.42
416	0.000	0.0623	1.737	0.42
439	0.000	0.0623	1.737	0.42
75	0.000	0.0631	1.727	0.42
328	0.138	0.0631	1.727	0.42
97	0.000	0.0632	1.725	0.42
518	0.000	0.0682	1.663	0.424
44	0.000	0.0691	1.652	0.424
411	0.000	0.0699	1.642	0.424
116	0.000	0.0717	1.622	0.424
382	0.000	0.0719	1.620	0.424
34	0.000	0.0722	1.617	0.424
18	0.000	0.0724	1.614	0.424
106	0.000	0.0724	1.614	0.424
435	0.000	0.0728	1.610	0.424
553	0.000	0.0729	1.608	0.424
9	0.000	0.0731	1.606	0.424
492	0.000	0.0771	1.563	0.424
234	0.000	0.0778	1.555	0.424
318	0.000	0.0778	1.555	0.424
560	0.000	0.0785	1.548	0.424
61	0.000	0.0793	1.539	0.424
519	0.000	0.0793	1.539	0.424
384	0.000	0.0795	1.538	0.424
495	0.000	0.08	1.532	0.424
467	0.000	0.0801	1.532	0.424
463	0.000	0.0804	1.529	0.424
112	0.156	0.0804	1.528	0.424
71	0.000	0.0814	1.518	0.425
464	0.000	0.0824	1.508	0.427
306	0.000	0.0841	1.492	0.428
151	0.000	0.0843	1.490	0.428
83	0.000	0.0857	1.476	0.428
360	0.172	0.0869	1.466	0.428
481	0.000	0.0872	1.462	0.428
430	0.000	0.0898	1.439	0.428
233	0.000	0.0899	1.438	0.428
424	0.000	0.0906	1.432	0.428
155	100.000	0.0921	1.418	0.428
297	0.000	0.0925	1.415	0.428
451	0.000	0.0927	1.413	0.428
262	0.000	0.0931	1.410	0.428
49	0.000	0.0988	1.363	0.428
456	0.000	0.099	1.361	0.428
473	0.000	0.099	1.360	0.428
470	0.000	0.0991	1.360	0.428
253	0.000	0.1	1.353	0.428
283	0.000	0.1	1.351	0.428
36	0.000	0.101	1.344	0.428
432	0.000	0.101	1.344	0.428
193	0.000	0.103	1.333	0.428
355	0.000	0.103	1.330	0.428
370	0.000	0.103	1.326	0.428
437	0.000	0.104	1.325	0.428
127	0.000	0.104	1.323	0.428
291	0.000	0.104	1.323	0.428
423	0.000	0.104	1.321	0.428
223	0.144	0.107	1.302	0.428
550	0.000	0.107	1.299	0.428
133	0.000	0.107	1.299	0.428
130	0.000	0.107	1.298	0.428
30	0.000	0.107	1.295	0.428
57	0.000	0.108	1.294	0.428
455	0.000	0.109	1.282	0.431
395	0.000	0.111	1.271	0.434
286	0.231	0.113	1.257	0.436
409	0.000	0.114	1.249	0.436
392	0.000	0.114	1.247	0.436
512	0.000	0.115	1.240	0.436
284	0.000	0.115	1.239	0.436
171	0.000	0.117	1.227	0.436
407	0.000	0.118	1.223	0.436
534	0.000	0.118	1.222	0.436
80	0.000	0.119	1.215	0.436
275	0.000	0.119	1.213	0.436
300	0.000	0.121	1.201	0.436
11	0.157	0.122	1.198	0.436
197	0.000	0.122	1.194	0.436
110	87.926	0.122	1.194	0.436
440	0.000	0.123	1.190	0.436
69	0.000	0.124	1.186	0.436
505	0.000	0.127	1.164	0.445
372	0.000	0.129	1.154	0.448
4	0.000	0.129	1.149	0.448
466	100.000	0.133	1.130	0.457
347	0.000	0.137	1.107	0.467
475	0.099	0.138	1.100	0.469
344	0.000	0.14	1.090	0.472
374	0.000	0.143	1.073	0.48
398	0.000	0.145	1.063	0.483
29	0.000	0.148	1.046	0.489
564	0.000	0.149	1.039	0.489
207	0.000	0.15	1.037	0.489
354	0.000	0.15	1.036	0.489
501	0.000	0.153	1.022	0.491
320	0.000	0.153	1.022	0.491
389	0.000	0.153	1.020	0.491
341	0.000	0.155	1.013	0.493
50	0.000	0.157	1.000	0.494
265	0.000	0.158	0.995	0.494
249	0.000	0.16	0.989	0.494
93	0.000	0.16	0.988	0.494
483	0.000	0.16	0.987	0.494
322	0.000	0.16	0.986	0.494
5	0.000	0.164	0.969	0.502
78	0.000	0.166	0.959	0.504
244	0.000	0.166	0.958	0.504
388	0.191	0.168	0.952	0.506
173	0.000	0.169	0.944	0.507
248	0.000	0.172	0.934	0.507
144	0.234	0.172	0.934	0.507
510	0.000	0.172	0.934	0.507
477	0.199	0.179	0.904	0.525
8	0.000	0.18	0.900	0.525
243	0.201	0.181	0.897	0.525
119	0.000	0.183	0.886	0.528
239	90.004	0.183	0.885	0.528
506	0.204	0.185	0.880	0.528
282	100.000	0.187	0.869	0.534
276	100.000	0.19	0.857	0.54
559	0.000	0.192	0.851	0.541
141	100.000	0.198	0.827	0.557
327	0.000	0.201	0.817	0.559
73	96.198	0.201	0.816	0.559
40	0.000	0.202	0.814	0.559
206	100.000	0.204	0.805	0.562
198	0.224	0.209	0.790	0.571
485	0.000	0.21	0.785	0.572
231	99.737	0.213	0.776	0.577
156	100.000	0.223	0.742	0.602
177	73.525	0.23	0.722	0.616
242	0.293	0.241	0.687	0.644
88	0.253	0.248	0.669	0.658
51	100.000	0.255	0.649	0.674
161	95.067	0.258	0.641	0.679
558	0.000	0.263	0.628	0.686
267	0.207	0.263	0.627	0.686
443	0.000	0.267	0.615	0.695
68	0.000	0.272	0.602	0.702
441	0.000	0.273	0.602	0.702
217	92.031	0.274	0.598	0.703
520	0.000	0.277	0.591	0.707
288	100.000	0.282	0.578	0.718
191	0.000	0.287	0.567	0.725
48	0.000	0.288	0.565	0.725
542	0.000	0.292	0.554	0.731
150	100.000	0.293	0.553	0.731
89	94.034	0.308	0.520	0.763
70	100.000	0.308	0.519	0.763
214	0.300	0.311	0.512	0.764
289	0.218	0.312	0.511	0.764
3	100.000	0.313	0.509	0.764
87	0.353	0.315	0.504	0.766
209	100.000	0.323	0.488	0.781
325	0.230	0.324	0.486	0.781
86	0.000	0.338	0.459	0.81
503	0.244	0.339	0.457	0.81
98	0.247	0.346	0.444	0.823
194	100.000	0.357	0.425	0.844
539	0.000	0.361	0.417	0.844
205	100.000	0.361	0.417	0.844
460	0.000	0.362	0.416	0.844
444	0.000	0.362	0.415	0.844
417	100.000	0.368	0.406	0.853
514	0.273	0.379	0.386	0.872
208	0.275	0.379	0.386	0.872
102	0.350	0.381	0.385	0.872
487	91.745	0.402	0.351	0.919
72	0.299	0.413	0.335	0.939
260	98.076	0.423	0.321	0.959
397	0.467	0.429	0.313	0.963
385	100.000	0.43	0.312	0.963
488	100.000	0.43	0.311	0.963
170	99.926	0.435	0.305	0.97
222	99.161	0.438	0.301	0.972
154	2.200	0.457	0.276	0.983
465	93.111	0.483	0.247	0.983
183	0.510	0.485	0.244	0.983
220	97.217	0.492	0.236	0.983
168	1.770	0.495	0.232	0.983
254	100.000	0.499	0.229	0.983
175	0.375	0.501	0.226	0.983
157	100.000	0.503	0.225	0.983
105	100.000	0.507	0.220	0.983
82	96.593	0.509	0.218	0.983
447	100.000	0.51	0.217	0.983
96	100.000	0.511	0.216	0.983
63	90.497	0.512	0.215	0.983
339	0.391	0.515	0.212	0.983
210	100.000	0.515	0.212	0.983
10	91.935	0.518	0.209	0.983
285	100.000	0.522	0.205	0.983
15	0.400	0.529	0.198	0.983
136	0.438	0.532	0.196	0.983
310	100.000	0.534	0.194	0.983
149	0.449	0.54	0.188	0.983
100	0.410	0.54	0.188	0.983
52	0.449	0.54	0.187	0.983
145	100.000	0.548	0.181	0.983
252	0.421	0.549	0.180	0.983
421	0.423	0.553	0.176	0.983
224	100.000	0.564	0.166	0.983
90	0.484	0.58	0.153	0.983
6	0.571	0.583	0.151	0.983
200	100.000	0.587	0.147	0.983
172	1.916	0.589	0.146	0.983
85	0.459	0.59	0.145	0.983
181	0.471	0.601	0.136	0.983
46	0.473	0.603	0.135	0.983
12	0.563	0.656	0.099	0.983
330	0.533	0.661	0.096	0.983
77	0.546	0.673	0.089	0.983
268	1.613	0.674	0.088	0.983
336	0.550	0.677	0.087	0.983
184	0.588	0.683	0.083	0.983
298	0.573	0.695	0.077	0.983
143	1.519	0.713	0.068	0.983
152	0.591	0.713	0.067	0.983
185	0.705	0.732	0.059	0.983
313	0.617	0.735	0.057	0.983
513	0.667	0.751	0.050	0.983
201	0.637	0.752	0.050	0.983
292	0.645	0.759	0.047	0.983
202	0.757	0.76	0.046	0.983
178	0.778	0.766	0.044	0.983
148	0.657	0.768	0.043	0.983
2	0.724	0.789	0.036	0.983
469	0.691	0.796	0.033	0.983
204	0.782	0.802	0.032	0.983
230	0.764	0.822	0.025	0.983
431	1.352	0.832	0.022	0.983
540	1.268	0.847	0.019	0.983
59	0.815	0.875	0.012	0.983
527	0.813	0.884	0.011	0.983
287	40.279	0.928	0.004	0.983
169	1.117	0.929	0.004	0.983
164	1.129	0.932	0.004	0.983
131	0.000	0.958	0.001	0.983
187	0.000	0.958	0.001	0.983
228	0.000	0.958	0.001	0.983
250	0.000	0.958	0.001	0.983
353	0.000	0.958	0.001	0.983
420	0.000	0.958	0.001	0.983
445	0.000	0.958	0.001	0.983
474	0.000	0.958	0.001	0.983
489	0.000	0.958	0.001	0.983
507	0.000	0.958	0.001	0.983
521	0.000	0.958	0.001	0.983
84	0.000	0.958	0.001	0.983
1	0.000	0.958	0.001	0.983
186	0.000	0.958	0.001	0.983
326	0.000	0.958	0.001	0.983
381	0.000	0.958	0.001	0.983
400	0.000	0.958	0.001	0.983
410	0.000	0.958	0.001	0.983
414	0.000	0.958	0.001	0.983
56	0.000	0.958	0.001	0.983
132	0.000	0.959	0.001	0.983
19	0.000	0.959	0.001	0.983
21	0.000	0.959	0.001	0.983
229	0.000	0.959	0.001	0.983
255	0.000	0.959	0.001	0.983
256	0.000	0.959	0.001	0.983
264	0.000	0.959	0.001	0.983
301	0.000	0.959	0.001	0.983
315	0.000	0.959	0.001	0.983
562	0.000	0.959	0.001	0.983
236	0.000	0.96	0.001	0.983
241	0.000	0.96	0.001	0.983
561	0.000	0.96	0.001	0.983
146	0.000	0.962	0.001	0.983
299	0.000	0.962	0.001	0.983
316	0.000	0.962	0.001	0.983
332	0.000	0.962	0.001	0.983
373	0.000	0.962	0.001	0.983
517	0.000	0.962	0.001	0.983
62	0.000	0.962	0.001	0.983
79	0.000	0.962	0.001	0.983
329	0.000	0.962	0.001	0.983
359	0.000	0.962	0.001	0.983
401	0.000	0.962	0.001	0.983
419	0.000	0.962	0.001	0.983
491	0.000	0.962	0.001	0.983
523	0.000	0.962	0.001	0.983
552	0.000	0.962	0.001	0.983
14	0.000	0.964	0.001	0.983
296	0.000	0.964	0.001	0.983
314	0.000	0.964	0.001	0.983
331	0.000	0.964	0.001	0.983
383	0.000	0.964	0.001	0.983
391	0.000	0.964	0.001	0.983
406	0.000	0.964	0.001	0.983
41	0.000	0.964	0.001	0.983
43	0.000	0.964	0.001	0.983
124	0.000	0.964	0.001	0.983
35	0.000	0.964	0.001	0.983
103	0.000	0.964	0.001	0.983
162	0.000	0.964	0.001	0.983
211	0.000	0.964	0.001	0.983
446	0.000	0.964	0.001	0.983
471	0.000	0.964	0.001	0.983
496	0.000	0.964	0.001	0.983
555	0.000	0.964	0.001	0.983
16	0.000	0.964	0.001	0.983
259	0.000	0.964	0.001	0.983
271	0.000	0.964	0.001	0.983
438	0.000	0.964	0.001	0.983
547	0.000	0.964	0.001	0.983
361	0.000	0.964	0.001	0.983
427	0.000	0.964	0.001	0.983
428	0.000	0.964	0.001	0.983
516	0.000	0.964	0.001	0.983
182	0.000	0.965	0.001	0.983
199	0.000	0.965	0.001	0.983
26	0.000	0.965	0.001	0.983
302	0.000	0.965	0.001	0.983
335	0.000	0.965	0.001	0.983
402	0.000	0.965	0.001	0.983
413	0.000	0.965	0.001	0.983
47	0.000	0.965	0.001	0.983
511	0.000	0.965	0.001	0.983
113	0.000	0.966	0.001	0.983
17	0.000	0.966	0.001	0.983
33	0.000	0.966	0.001	0.983
454	0.000	0.966	0.001	0.983
273	0.000	0.967	0.001	0.983
324	0.000	0.967	0.001	0.983
493	0.000	0.967	0.001	0.983
537	0.000	0.967	0.001	0.983
293	0.000	0.968	0.001	0.983
38	0.000	0.968	0.001	0.983
393	0.000	0.968	0.001	0.983
458	0.000	0.968	0.001	0.983
128	0.000	0.968	0.001	0.983
258	0.000	0.968	0.001	0.983
317	0.000	0.968	0.001	0.983
399	0.000	0.968	0.001	0.983
462	0.000	0.968	0.001	0.983
195	0.000	0.969	0.001	0.983
24	0.000	0.969	0.001	0.983
118	0.000	0.969	0.001	0.983
323	0.000	0.969	0.001	0.983
448	0.000	0.969	0.001	0.983
108	0.000	0.97	0.001	0.983
174	0.000	0.97	0.001	0.983
337	0.000	0.97	0.001	0.983
65	0.000	0.97	0.001	0.983
81	0.000	0.97	0.001	0.983
99	0.000	0.97	0.001	0.983
142	0.000	0.97	0.001	0.983
196	0.000	0.97	0.001	0.983
311	0.000	0.97	0.001	0.983
484	0.000	0.97	0.001	0.983
53	0.000	0.97	0.001	0.983
343	0.000	0.97	0.001	0.983
350	0.000	0.97	0.001	0.983
365	0.000	0.97	0.001	0.983
123	0.000	0.971	0.001	0.983
126	0.000	0.971	0.001	0.983
138	0.000	0.971	0.001	0.983
219	0.000	0.971	0.001	0.983
278	0.000	0.971	0.001	0.983
508	0.000	0.971	0.001	0.983
522	0.000	0.971	0.001	0.983
533	0.000	0.971	0.001	0.983
91	0.000	0.971	0.001	0.983
20	0.000	0.971	0.001	0.983
290	0.000	0.971	0.001	0.983
479	0.000	0.971	0.001	0.983
486	0.000	0.971	0.001	0.983
348	0.000	0.971	0.001	0.983
352	0.000	0.971	0.001	0.983
387	0.000	0.971	0.001	0.983
390	0.000	0.971	0.001	0.983
433	0.000	0.971	0.001	0.983
515	0.000	0.971	0.001	0.983
528	0.000	0.971	0.001	0.983
95	0.000	0.971	0.001	0.983
478	0.000	0.971	0.001	0.983
546	0.000	0.971	0.001	0.983
556	0.000	0.971	0.001	0.983
22	0.000	0.971	0.001	0.983
159	0.000	0.971	0.001	0.983
257	0.000	0.971	0.001	0.983
345	0.000	0.971	0.001	0.983
480	0.000	0.971	0.001	0.983
490	0.000	0.972	0.001	0.983
563	0.000	0.972	0.001	0.983
280	0.000	0.972	0.001	0.983
281	0.000	0.972	0.001	0.983
531	0.000	0.972	0.001	0.983
548	0.000	0.972	0.001	0.983
114	0.000	0.972	0.001	0.983
180	0.000	0.972	0.001	0.983
213	0.000	0.972	0.001	0.983
221	0.000	0.972	0.001	0.983
364	0.000	0.972	0.001	0.983
376	0.000	0.972	0.001	0.983
436	0.000	0.972	0.001	0.983
461	0.000	0.972	0.001	0.983
499	0.000	0.972	0.001	0.983
504	0.000	0.972	0.001	0.983
526	0.000	0.972	0.001	0.983
247	0.000	0.972	0.001	0.983
31	0.000	0.972	0.001	0.983
357	0.000	0.972	0.001	0.983
403	0.000	0.972	0.001	0.983
449	0.000	0.972	0.001	0.983
498	0.000	0.972	0.001	0.983
32	0.000	0.972	0.001	0.983
426	0.000	0.972	0.001	0.983
442	0.000	0.972	0.001	0.983
111	0.000	0.972	0.001	0.983
225	0.000	0.972	0.001	0.983
351	0.000	0.972	0.001	0.983
405	0.000	0.972	0.001	0.983
412	0.000	0.972	0.001	0.983
482	0.000	0.972	0.001	0.983
13	0.000	0.973	0.001	0.983
212	0.000	0.973	0.001	0.983
269	0.000	0.973	0.001	0.983
377	0.000	0.973	0.001	0.983
120	0.000	0.973	0.001	0.983
203	0.000	0.973	0.001	0.983
295	0.000	0.973	0.001	0.983
340	0.000	0.973	0.001	0.983
380	0.000	0.973	0.001	0.983
404	0.000	0.973	0.001	0.983
67	0.000	0.973	0.001	0.983
167	0.000	0.973	0.001	0.983
394	0.000	0.973	0.001	0.983
42	0.000	0.973	0.001	0.983
457	0.000	0.973	0.001	0.983
107	0.000	0.973	0.001	0.983
160	0.000	0.973	0.001	0.983
23	0.000	0.973	0.001	0.983
245	0.000	0.973	0.001	0.983
532	0.000	0.973	0.001	0.983
94	0.000	0.973	0.001	0.983
226	0.000	0.973	0.001	0.983
188	0.000	0.973	0.001	0.983
525	0.000	0.973	0.001	0.983
535	0.000	0.973	0.001	0.983
543	0.000	0.973	0.001	0.983
530	0.000	0.974	0.001	0.983
349	0.000	0.974	0.001	0.983
386	0.000	0.974	0.001	0.983
536	0.000	0.974	0.001	0.983
74	0.000	0.974	0.001	0.983
215	0.000	0.974	0.001	0.983
218	0.000	0.974	0.001	0.983
396	0.000	0.974	0.001	0.983
45	0.000	0.974	0.001	0.983
557	0.000	0.974	0.001	0.983
179	0.000	0.975	0.000	0.983
338	0.000	0.975	0.000	0.983
544	0.000	0.975	0.000	0.983
189	0.000	0.976	0.000	0.983
541	0.000	0.976	0.000	0.983
263	0.000	0.977	0.000	0.983
333	0.000	0.977	0.000	0.983
66	0.000	0.977	0.000	0.983
121	0.000	0.978	0.000	0.983
163	0.000	0.978	0.000	0.983
450	0.000	0.978	0.000	0.983
134	0.000	0.978	0.000	0.983
140	0.000	0.978	0.000	0.983
308	0.000	0.979	0.000	0.983
139	0.000	0.98	0.000	0.983
165	0.000	0.98	0.000	0.983
192	0.000	0.98	0.000	0.983
246	0.000	0.98	0.000	0.983
356	0.000	0.98	0.000	0.983
363	0.000	0.98	0.000	0.983
434	0.000	0.98	0.000	0.983
551	0.000	0.98	0.000	0.983
76	0.000	0.98	0.000	0.983
92	0.000	0.98	0.000	0.983
117	0.000	0.983	0.000	0.983
166	0.000	0.983	0.000	0.983
176	0.000	0.983	0.000	0.983
272	0.000	0.983	0.000	0.983
529	0.000	0.983	0.000	0.983
545	0.000	0.983	0.000	0.983
7	0.000	0.983	0.000	0.983