# Omega fit to each site after fixing tree and all other parameters.
# Fits compared to null model of omega = 1.
# P-values NOT corrected for multiple testing, so consider Q-values too.
# Will fit different synonymous rate for each site.
#
site	omega	P	dLnL	Q
429	0.000	0.000273	6.623	0.154
378	0.000	0.000904	5.507	0.255
452	0.000	0.00275	4.482	0.257
147	0.000	0.00283	4.458	0.257
309	0.000	0.00343	4.282	0.257
307	0.000	0.00386	4.174	0.257
277	0.000	0.00392	4.160	0.257
190	0.000	0.00416	4.105	0.257
459	0.000	0.00475	3.986	0.257
37	0.000	0.00526	3.893	0.257
538	0.000	0.00532	3.883	0.257
232	0.000	0.00546	3.860	0.257
261	0.000	0.00753	3.571	0.282
104	0.000	0.00792	3.526	0.282
122	0.000	0.00793	3.525	0.282
304	0.000	0.00799	3.518	0.282
294	0.000	0.00985	3.331	0.289
549	0.000	0.0104	3.280	0.289
362	0.000	0.0106	3.269	0.289
524	0.000	0.0108	3.252	0.289
58	0.000	0.0115	3.191	0.289
425	0.000	0.0116	3.187	0.289
55	0.000	0.0121	3.149	0.289
216	0.000	0.0123	3.135	0.289
379	0.000	0.0133	3.067	0.293
235	0.000	0.0135	3.051	0.293
468	0.000	0.0151	2.954	0.3
251	0.000	0.0171	2.845	0.3
371	0.000	0.0178	2.810	0.3
415	0.000	0.0182	2.787	0.3
101	0.099	0.0186	2.770	0.3
305	0.000	0.0187	2.765	0.3
240	0.000	0.0189	2.755	0.3
500	0.000	0.0195	2.728	0.3
238	0.000	0.0196	2.724	0.3
28	0.000	0.0215	2.644	0.3
115	0.000	0.0216	2.637	0.3
270	0.000	0.0218	2.629	0.3
125	0.000	0.0219	2.626	0.3
418	0.000	0.0222	2.615	0.3
27	0.000	0.0223	2.611	0.3
54	0.000	0.0228	2.593	0.3
472	0.000	0.0229	2.588	0.3
39	0.000	0.0235	2.565	0.301
109	0.000	0.0263	2.467	0.328
509	0.000	0.0267	2.455	0.328
375	0.000	0.0278	2.420	0.334
334	0.000	0.0294	2.372	0.345
494	0.000	0.0318	2.305	0.366
64	0.000	0.0341	2.246	0.377
137	0.135	0.0341	2.245	0.377
554	0.000	0.0358	2.202	0.389
135	0.000	0.038	2.153	0.403
321	0.000	0.0386	2.140	0.403
227	0.000	0.0404	2.101	0.413
366	0.000	0.0413	2.082	0.413
312	0.000	0.043	2.048	0.413
319	0.000	0.043	2.047	0.413
502	0.000	0.0435	2.038	0.413
266	0.000	0.0452	2.006	0.413
346	0.000	0.0454	2.003	0.413
25	0.000	0.0462	1.987	0.413
60	0.000	0.0466	1.981	0.413
237	100.000	0.0468	1.976	0.413
342	0.000	0.0496	1.927	0.422
274	0.000	0.0503	1.915	0.422
153	0.000	0.0525	1.880	0.422
422	0.000	0.0559	1.827	0.422
129	0.000	0.0566	1.817	0.422
408	0.000	0.0569	1.813	0.422
497	0.000	0.0577	1.801	0.422
369	0.000	0.0583	1.792	0.422
368	0.000	0.0587	1.787	0.422
453	0.000	0.059	1.782	0.422
367	0.000	0.059	1.782	0.422
476	0.000	0.0591	1.781	0.422
303	0.000	0.06	1.769	0.422
358	0.000	0.0601	1.767	0.422
279	0.000	0.0605	1.761	0.422
158	0.000	0.0624	1.736	0.422
416	0.000	0.0627	1.733	0.422
439	0.000	0.0627	1.733	0.422
75	0.000	0.0629	1.729	0.422
97	0.000	0.0635	1.722	0.422
328	0.138	0.0636	1.720	0.422
518	0.000	0.0683	1.662	0.427
44	0.000	0.0695	1.647	0.427
411	0.000	0.0702	1.639	0.427
116	0.000	0.0719	1.619	0.427
34	0.000	0.0722	1.617	0.427
382	0.000	0.0722	1.616	0.427
18	0.000	0.0724	1.614	0.427
435	0.000	0.0728	1.610	0.427
106	0.000	0.0728	1.610	0.427
553	0.000	0.0732	1.604	0.427
9	0.000	0.0734	1.602	0.427
492	0.000	0.0773	1.560	0.427
234	0.000	0.0781	1.552	0.427
318	0.000	0.0781	1.552	0.427
560	0.000	0.0789	1.544	0.427
61	0.000	0.0796	1.536	0.427
519	0.000	0.0797	1.536	0.427
112	0.156	0.0803	1.530	0.427
384	0.000	0.0803	1.529	0.427
495	0.000	0.0804	1.528	0.427
463	0.000	0.0807	1.526	0.427
467	0.000	0.081	1.523	0.427
71	0.000	0.0818	1.515	0.427
464	0.000	0.0824	1.508	0.427
306	0.000	0.084	1.493	0.43
151	0.000	0.0847	1.486	0.43
83	0.000	0.0861	1.473	0.43
360	0.171	0.0863	1.471	0.43
481	0.000	0.0876	1.459	0.431
233	0.000	0.0898	1.439	0.431
430	0.000	0.0904	1.434	0.431
424	0.000	0.0909	1.429	0.431
155	100.000	0.092	1.420	0.431
297	0.000	0.0925	1.415	0.431
451	0.000	0.0933	1.409	0.431
262	0.000	0.0936	1.406	0.431
49	0.000	0.0987	1.363	0.431
473	0.000	0.0994	1.357	0.431
456	0.000	0.0996	1.356	0.431
470	0.000	0.0998	1.354	0.431
283	0.000	0.1	1.353	0.431
253	0.000	0.101	1.348	0.431
36	0.000	0.101	1.345	0.431
432	0.000	0.102	1.340	0.431
193	0.000	0.102	1.335	0.431
355	0.000	0.103	1.331	0.431
370	0.000	0.104	1.322	0.431
437	0.000	0.104	1.320	0.431
291	0.000	0.104	1.319	0.431
127	0.000	0.105	1.318	0.431
423	0.000	0.105	1.317	0.431
223	0.145	0.107	1.298	0.431
550	0.000	0.108	1.293	0.431
133	0.000	0.108	1.293	0.431
130	0.000	0.108	1.292	0.431
30	0.000	0.108	1.291	0.431
57	0.000	0.109	1.286	0.431
455	0.000	0.109	1.283	0.431
395	0.000	0.112	1.266	0.437
286	0.231	0.113	1.257	0.437
409	0.000	0.114	1.250	0.437
392	0.000	0.115	1.242	0.437
512	0.000	0.115	1.240	0.437
284	0.000	0.116	1.234	0.437
171	0.000	0.117	1.229	0.437
407	0.000	0.118	1.224	0.437
534	0.000	0.118	1.223	0.437
275	0.000	0.119	1.215	0.437
80	0.000	0.12	1.210	0.437
110	100.000	0.121	1.202	0.437
300	0.000	0.121	1.202	0.437
197	0.000	0.122	1.193	0.437
11	0.157	0.123	1.192	0.437
69	0.000	0.123	1.187	0.437
440	0.000	0.124	1.183	0.437
505	0.000	0.127	1.165	0.445
372	0.000	0.13	1.147	0.452
4	0.000	0.131	1.141	0.453
466	91.626	0.132	1.134	0.454
347	0.000	0.137	1.108	0.466
475	0.098	0.137	1.105	0.466
344	0.000	0.141	1.083	0.476
374	0.000	0.143	1.073	0.48
398	0.000	0.145	1.062	0.484
29	0.000	0.148	1.047	0.491
564	0.000	0.15	1.038	0.491
354	0.000	0.15	1.036	0.491
207	0.000	0.151	1.033	0.491
389	0.000	0.153	1.020	0.492
320	0.000	0.154	1.018	0.492
501	0.000	0.154	1.018	0.492
341	0.000	0.155	1.013	0.493
50	0.000	0.158	0.997	0.496
265	0.000	0.158	0.995	0.496
93	0.000	0.16	0.988	0.496
322	0.000	0.16	0.987	0.496
483	0.000	0.161	0.983	0.496
249	0.000	0.161	0.983	0.496
5	0.000	0.165	0.963	0.506
78	0.000	0.167	0.955	0.507
244	0.000	0.167	0.954	0.507
388	0.192	0.169	0.945	0.51
173	0.000	0.17	0.940	0.511
144	0.234	0.171	0.935	0.511
510	0.000	0.173	0.930	0.511
248	0.000	0.173	0.928	0.511
477	0.201	0.181	0.896	0.528
8	0.000	0.181	0.896	0.528
243	0.202	0.182	0.889	0.528
239	100.000	0.182	0.889	0.528
119	0.000	0.184	0.882	0.53
506	0.205	0.186	0.876	0.531
282	100.000	0.187	0.869	0.534
276	100.000	0.189	0.862	0.536
559	0.000	0.194	0.845	0.546
141	100.000	0.198	0.830	0.555
73	100.000	0.201	0.817	0.559
327	0.000	0.202	0.813	0.559
40	0.000	0.202	0.813	0.559
206	100.000	0.204	0.806	0.562
198	0.224	0.209	0.791	0.571
231	100.000	0.211	0.783	0.572
485	0.000	0.211	0.783	0.572
156	100.000	0.222	0.745	0.6
177	100.000	0.227	0.729	0.61
242	0.293	0.241	0.688	0.643
88	0.253	0.247	0.669	0.658
51	100.000	0.253	0.652	0.671
161	100.000	0.255	0.647	0.673
558	0.000	0.264	0.624	0.693
267	0.209	0.265	0.621	0.693
443	0.000	0.269	0.612	0.698
217	100.000	0.274	0.599	0.703
68	0.000	0.274	0.599	0.703
441	0.000	0.274	0.598	0.703
520	0.000	0.279	0.587	0.711
288	100.000	0.281	0.580	0.715
191	0.000	0.289	0.563	0.729
48	0.000	0.289	0.561	0.729
150	100.000	0.293	0.553	0.734
542	0.000	0.294	0.551	0.734
89	100.000	0.307	0.522	0.76
70	100.000	0.307	0.521	0.76
214	0.300	0.311	0.513	0.764
3	93.837	0.312	0.511	0.764
289	0.219	0.313	0.509	0.764
87	0.354	0.317	0.501	0.771
209	100.000	0.323	0.489	0.781
325	0.230	0.324	0.486	0.781
86	0.000	0.339	0.457	0.813
503	0.245	0.34	0.455	0.813
98	0.248	0.346	0.444	0.823
194	100.000	0.357	0.425	0.846
205	100.000	0.362	0.416	0.848
539	0.000	0.362	0.415	0.848
460	0.000	0.363	0.413	0.848
444	0.000	0.364	0.413	0.848
417	60.805	0.369	0.404	0.856
208	0.276	0.38	0.385	0.877
514	0.274	0.381	0.384	0.877
102	0.352	0.383	0.381	0.877
487	100.000	0.401	0.353	0.915
72	0.301	0.415	0.333	0.943
260	100.000	0.422	0.322	0.956
397	0.465	0.427	0.315	0.96
385	100.000	0.428	0.314	0.96
488	88.440	0.429	0.313	0.96
170	92.283	0.434	0.306	0.967
222	91.788	0.437	0.303	0.969
154	2.214	0.453	0.281	0.983
465	95.786	0.482	0.248	0.983
183	0.513	0.489	0.240	0.983
220	100.000	0.491	0.237	0.983
168	1.780	0.491	0.237	0.983
254	100.000	0.499	0.229	0.983
157	91.742	0.502	0.225	0.983
175	0.377	0.504	0.223	0.983
105	100.000	0.507	0.220	0.983
82	100.000	0.509	0.219	0.983
447	96.069	0.509	0.218	0.983
96	99.541	0.511	0.216	0.983
63	100.000	0.513	0.214	0.983
145	100.000	0.514	0.213	0.983
339	0.390	0.514	0.213	0.983
210	94.260	0.514	0.213	0.983
10	100.000	0.518	0.209	0.983
285	98.408	0.522	0.205	0.983
15	0.403	0.532	0.196	0.983
136	0.439	0.533	0.194	0.983
310	100.000	0.534	0.194	0.983
149	0.448	0.539	0.188	0.983
52	0.451	0.543	0.185	0.983
100	0.413	0.543	0.185	0.983
252	0.421	0.549	0.180	0.983
421	0.426	0.556	0.174	0.983
224	99.026	0.564	0.166	0.983
90	0.486	0.582	0.151	0.983
6	0.571	0.582	0.151	0.983
172	1.929	0.585	0.149	0.983
200	100.000	0.589	0.146	0.983
85	0.460	0.591	0.144	0.983
181	0.472	0.602	0.136	0.983
46	0.472	0.602	0.136	0.983
12	0.563	0.655	0.100	0.983
330	0.533	0.661	0.096	0.983
268	1.624	0.67	0.091	0.983
77	0.547	0.674	0.088	0.983
336	0.551	0.678	0.086	0.983
184	0.591	0.685	0.082	0.983
298	0.581	0.702	0.073	0.983
143	1.525	0.71	0.069	0.983
152	0.591	0.713	0.067	0.983
185	0.708	0.735	0.057	0.983
313	0.616	0.735	0.057	0.983
201	0.638	0.754	0.049	0.983
513	0.669	0.754	0.049	0.983
292	0.646	0.759	0.047	0.983
148	0.658	0.769	0.043	0.983
202	0.767	0.771	0.042	0.983
178	0.783	0.771	0.042	0.983
2	0.724	0.789	0.036	0.983
469	0.694	0.799	0.033	0.983
204	0.783	0.803	0.031	0.983
230	0.763	0.822	0.025	0.983
431	1.360	0.829	0.023	0.983
540	1.269	0.846	0.019	0.983
59	0.816	0.875	0.012	0.983
527	0.822	0.89	0.010	0.983
169	1.122	0.926	0.004	0.983
164	1.138	0.928	0.004	0.983
287	34.092	0.928	0.004	0.983
131	0.000	0.958	0.001	0.983
187	0.000	0.958	0.001	0.983
228	0.000	0.958	0.001	0.983
250	0.000	0.958	0.001	0.983
353	0.000	0.958	0.001	0.983
420	0.000	0.958	0.001	0.983
445	0.000	0.958	0.001	0.983
474	0.000	0.958	0.001	0.983
489	0.000	0.958	0.001	0.983
507	0.000	0.958	0.001	0.983
521	0.000	0.958	0.001	0.983
84	0.000	0.958	0.001	0.983
1	0.000	0.958	0.001	0.983
186	0.000	0.958	0.001	0.983
326	0.000	0.958	0.001	0.983
381	0.000	0.958	0.001	0.983
400	0.000	0.958	0.001	0.983
410	0.000	0.958	0.001	0.983
414	0.000	0.958	0.001	0.983
56	0.000	0.958	0.001	0.983
132	0.000	0.959	0.001	0.983
19	0.000	0.959	0.001	0.983
21	0.000	0.959	0.001	0.983
229	0.000	0.959	0.001	0.983
255	0.000	0.959	0.001	0.983
256	0.000	0.959	0.001	0.983
264	0.000	0.959	0.001	0.983
301	0.000	0.959	0.001	0.983
315	0.000	0.959	0.001	0.983
562	0.000	0.959	0.001	0.983
236	0.000	0.96	0.001	0.983
241	0.000	0.96	0.001	0.983
561	0.000	0.96	0.001	0.983
146	0.000	0.962	0.001	0.983
299	0.000	0.962	0.001	0.983
316	0.000	0.962	0.001	0.983
332	0.000	0.962	0.001	0.983
373	0.000	0.962	0.001	0.983
517	0.000	0.962	0.001	0.983
62	0.000	0.962	0.001	0.983
79	0.000	0.962	0.001	0.983
329	0.000	0.962	0.001	0.983
359	0.000	0.962	0.001	0.983
401	0.000	0.962	0.001	0.983
419	0.000	0.962	0.001	0.983
491	0.000	0.962	0.001	0.983
523	0.000	0.962	0.001	0.983
552	0.000	0.962	0.001	0.983
14	0.000	0.963	0.001	0.983
296	0.000	0.963	0.001	0.983
314	0.000	0.963	0.001	0.983
331	0.000	0.963	0.001	0.983
383	0.000	0.963	0.001	0.983
391	0.000	0.963	0.001	0.983
406	0.000	0.963	0.001	0.983
41	0.000	0.963	0.001	0.983
43	0.000	0.963	0.001	0.983
124	0.000	0.963	0.001	0.983
35	0.000	0.963	0.001	0.983
103	0.000	0.964	0.001	0.983
162	0.000	0.964	0.001	0.983
211	0.000	0.964	0.001	0.983
446	0.000	0.964	0.001	0.983
471	0.000	0.964	0.001	0.983
496	0.000	0.964	0.001	0.983
555	0.000	0.964	0.001	0.983
16	0.000	0.964	0.001	0.983
259	0.000	0.964	0.001	0.983
271	0.000	0.964	0.001	0.983
438	0.000	0.964	0.001	0.983
547	0.000	0.964	0.001	0.983
361	0.000	0.964	0.001	0.983
427	0.000	0.964	0.001	0.983
428	0.000	0.964	0.001	0.983
516	0.000	0.964	0.001	0.983
182	0.000	0.965	0.001	0.983
199	0.000	0.965	0.001	0.983
26	0.000	0.965	0.001	0.983
302	0.000	0.965	0.001	0.983
335	0.000	0.965	0.001	0.983
402	0.000	0.965	0.001	0.983
413	0.000	0.965	0.001	0.983
47	0.000	0.965	0.001	0.983
511	0.000	0.965	0.001	0.983
113	0.000	0.965	0.001	0.983
17	0.000	0.965	0.001	0.983
33	0.000	0.965	0.001	0.983
454	0.000	0.965	0.001	0.983
273	0.000	0.967	0.001	0.983
324	0.000	0.967	0.001	0.983
493	0.000	0.967	0.001	0.983
537	0.000	0.967	0.001	0.983
293	0.000	0.968	0.001	0.983
38	0.000	0.968	0.001	0.983
393	0.000	0.968	0.001	0.983
458	0.000	0.968	0.001	0.983
128	0.000	0.968	0.001	0.983
258	0.000	0.968	0.001	0.983
317	0.000	0.968	0.001	0.983
399	0.000	0.968	0.001	0.983
462	0.000	0.968	0.001	0.983
195	0.000	0.969	0.001	0.983
24	0.000	0.969	0.001	0.983
118	0.000	0.969	0.001	0.983
323	0.000	0.969	0.001	0.983
448	0.000	0.969	0.001	0.983
108	0.000	0.969	0.001	0.983
174	0.000	0.969	0.001	0.983
337	0.000	0.969	0.001	0.983
65	0.000	0.969	0.001	0.983
81	0.000	0.969	0.001	0.983
99	0.000	0.969	0.001	0.983
142	0.000	0.97	0.001	0.983
196	0.000	0.97	0.001	0.983
311	0.000	0.97	0.001	0.983
484	0.000	0.97	0.001	0.983
53	0.000	0.97	0.001	0.983
343	0.000	0.97	0.001	0.983
350	0.000	0.97	0.001	0.983
365	0.000	0.97	0.001	0.983
123	0.000	0.971	0.001	0.983
126	0.000	0.971	0.001	0.983
138	0.000	0.971	0.001	0.983
219	0.000	0.971	0.001	0.983
278	0.000	0.971	0.001	0.983
508	0.000	0.971	0.001	0.983
522	0.000	0.971	0.001	0.983
533	0.000	0.971	0.001	0.983
91	0.000	0.971	0.001	0.983
20	0.000	0.971	0.001	0.983
290	0.000	0.971	0.001	0.983
479	0.000	0.971	0.001	0.983
486	0.000	0.971	0.001	0.983
348	0.000	0.971	0.001	0.983
352	0.000	0.971	0.001	0.983
387	0.000	0.971	0.001	0.983
390	0.000	0.971	0.001	0.983
433	0.000	0.971	0.001	0.983
515	0.000	0.971	0.001	0.983
528	0.000	0.971	0.001	0.983
95	0.000	0.971	0.001	0.983
478	0.000	0.971	0.001	0.983
546	0.000	0.971	0.001	0.983
556	0.000	0.971	0.001	0.983
22	0.000	0.971	0.001	0.983
159	0.000	0.971	0.001	0.983
257	0.000	0.971	0.001	0.983
345	0.000	0.971	0.001	0.983
480	0.000	0.971	0.001	0.983
490	0.000	0.972	0.001	0.983
563	0.000	0.972	0.001	0.983
280	0.000	0.972	0.001	0.983
281	0.000	0.972	0.001	0.983
531	0.000	0.972	0.001	0.983
548	0.000	0.972	0.001	0.983
114	0.000	0.972	0.001	0.983
180	0.000	0.972	0.001	0.983
213	0.000	0.972	0.001	0.983
221	0.000	0.972	0.001	0.983
364	0.000	0.972	0.001	0.983
376	0.000	0.972	0.001	0.983
436	0.000	0.972	0.001	0.983
461	0.000	0.972	0.001	0.983
499	0.000	0.972	0.001	0.983
504	0.000	0.972	0.001	0.983
526	0.000	0.972	0.001	0.983
247	0.000	0.972	0.001	0.983
31	0.000	0.972	0.001	0.983
357	0.000	0.972	0.001	0.983
403	0.000	0.972	0.001	0.983
449	0.000	0.972	0.001	0.983
498	0.000	0.972	0.001	0.983
32	0.000	0.972	0.001	0.983
426	0.000	0.972	0.001	0.983
442	0.000	0.972	0.001	0.983
111	0.000	0.972	0.001	0.983
225	0.000	0.972	0.001	0.983
351	0.000	0.972	0.001	0.983
405	0.000	0.972	0.001	0.983
412	0.000	0.972	0.001	0.983
482	0.000	0.972	0.001	0.983
13	0.000	0.973	0.001	0.983
212	0.000	0.973	0.001	0.983
269	0.000	0.973	0.001	0.983
377	0.000	0.973	0.001	0.983
120	0.000	0.973	0.001	0.983
203	0.000	0.973	0.001	0.983
295	0.000	0.973	0.001	0.983
340	0.000	0.973	0.001	0.983
380	0.000	0.973	0.001	0.983
404	0.000	0.973	0.001	0.983
67	0.000	0.973	0.001	0.983
167	0.000	0.973	0.001	0.983
394	0.000	0.973	0.001	0.983
42	0.000	0.973	0.001	0.983
457	0.000	0.973	0.001	0.983
107	0.000	0.973	0.001	0.983
160	0.000	0.973	0.001	0.983
23	0.000	0.973	0.001	0.983
245	0.000	0.973	0.001	0.983
532	0.000	0.973	0.001	0.983
94	0.000	0.973	0.001	0.983
226	0.000	0.973	0.001	0.983
188	0.000	0.973	0.001	0.983
525	0.000	0.973	0.001	0.983
535	0.000	0.973	0.001	0.983
543	0.000	0.973	0.001	0.983
530	0.000	0.973	0.001	0.983
349	0.000	0.974	0.001	0.983
386	0.000	0.974	0.001	0.983
536	0.000	0.974	0.001	0.983
74	0.000	0.974	0.001	0.983
215	0.000	0.974	0.001	0.983
218	0.000	0.974	0.001	0.983
396	0.000	0.974	0.001	0.983
45	0.000	0.974	0.001	0.983
557	0.000	0.974	0.001	0.983
179	0.000	0.975	0.000	0.983
338	0.000	0.975	0.000	0.983
544	0.000	0.975	0.000	0.983
189	0.000	0.975	0.000	0.983
541	0.000	0.975	0.000	0.983
263	0.000	0.977	0.000	0.983
333	0.000	0.977	0.000	0.983
66	0.000	0.977	0.000	0.983
121	0.000	0.977	0.000	0.983
163	0.000	0.977	0.000	0.983
450	0.000	0.977	0.000	0.983
134	0.000	0.978	0.000	0.983
140	0.000	0.978	0.000	0.983
308	0.000	0.979	0.000	0.983
139	0.000	0.98	0.000	0.983
165	0.000	0.98	0.000	0.983
192	0.000	0.98	0.000	0.983
246	0.000	0.98	0.000	0.983
356	0.000	0.98	0.000	0.983
363	0.000	0.98	0.000	0.983
434	0.000	0.98	0.000	0.983
551	0.000	0.98	0.000	0.983
76	0.000	0.98	0.000	0.983
92	0.000	0.98	0.000	0.983
117	0.000	0.983	0.000	0.983
166	0.000	0.983	0.000	0.983
176	0.000	0.983	0.000	0.983
272	0.000	0.983	0.000	0.983
529	0.000	0.983	0.000	0.983
545	0.000	0.983	0.000	0.983
7	0.000	0.983	0.000	0.983