# Omega fit to each site after fixing tree and all other parameters.
# Fits compared to null model of omega = 1.
# P-values NOT corrected for multiple testing, so consider Q-values too.
# Will fit different synonymous rate for each site.
#
site	omega	P	dLnL	Q
98	0.000	2.52e-05	8.875	0.00336
233	0.000	2.56e-05	8.861	0.00336
135	0.000	0.000701	5.744	0.0541
87	0.017	0.000823	5.594	0.0541
158	0.000	0.0013	5.170	0.0572
216	0.000	0.0013	5.168	0.0572
232	0.000	0.00567	3.826	0.162
53	0.000	0.00573	3.817	0.162
146	0.000	0.00615	3.753	0.162
64	0.000	0.00616	3.751	0.162
241	0.083	0.0103	3.289	0.229
248	9.839	0.0106	3.268	0.229
236	0.000	0.0113	3.207	0.229
134	0.000	0.0125	3.122	0.234
257	0.000	0.0178	2.807	0.294
162	0.000	0.0179	2.803	0.294
219	0.000	0.0197	2.718	0.305
213	28.584	0.0236	2.563	0.344
109	0.000	0.0307	2.336	0.393
123	0.000	0.0323	2.292	0.393
23	0.000	0.0324	2.289	0.393
139	19.977	0.0329	2.276	0.393
255	0.000	0.0466	1.980	0.394
70	0.000	0.0466	1.980	0.394
60	0.000	0.0552	1.838	0.394
76	0.000	0.0552	1.838	0.394
52	0.000	0.0557	1.830	0.394
237	0.000	0.0559	1.828	0.394
132	0.000	0.0561	1.825	0.394
90	0.000	0.0561	1.825	0.394
247	0.000	0.0621	1.740	0.394
120	0.000	0.0654	1.697	0.394
229	0.000	0.0661	1.689	0.394
86	0.000	0.0661	1.689	0.394
149	0.000	0.0663	1.686	0.394
42	0.000	0.0663	1.686	0.394
167	0.000	0.0664	1.685	0.394
251	0.000	0.0796	1.536	0.394
181	0.000	0.0799	1.533	0.394
65	0.000	0.0799	1.533	0.394
220	0.000	0.0833	1.500	0.394
235	0.000	0.0834	1.498	0.394
78	0.000	0.0834	1.498	0.394
206	0.000	0.0841	1.492	0.394
260	0.000	0.0841	1.492	0.394
97	0.000	0.0842	1.491	0.394
49	0.000	0.0847	1.486	0.394
44	0.077	0.086	1.474	0.394
116	0.000	0.0869	1.466	0.394
164	0.000	0.0869	1.466	0.394
238	100.000	0.0876	1.459	0.394
156	0.000	0.09	1.438	0.394
112	0.000	0.0931	1.410	0.394
169	0.000	0.0931	1.410	0.394
182	0.000	0.0931	1.410	0.394
56	0.000	0.0931	1.410	0.394
147	0.000	0.0957	1.388	0.394
225	0.000	0.0964	1.382	0.394
222	0.000	0.0967	1.380	0.394
192	0.000	0.0974	1.374	0.394
202	0.000	0.1	1.352	0.394
194	0.000	0.1	1.352	0.394
2	0.000	0.1	1.352	0.394
226	0.000	0.1	1.352	0.394
82	0.000	0.1	1.352	0.394
118	0.000	0.101	1.346	0.394
119	0.000	0.101	1.346	0.394
178	0.000	0.105	1.312	0.394
198	0.000	0.106	1.306	0.394
58	0.000	0.113	1.258	0.394
91	0.000	0.114	1.251	0.394
31	0.104	0.114	1.251	0.394
177	97.102	0.118	1.222	0.394
68	0.000	0.119	1.217	0.394
19	0.000	0.12	1.209	0.394
234	0.000	0.12	1.207	0.394
55	0.000	0.12	1.207	0.394
191	0.000	0.12	1.206	0.394
124	0.000	0.126	1.168	0.394
170	0.000	0.127	1.162	0.394
153	0.000	0.128	1.160	0.394
40	0.000	0.128	1.160	0.394
93	0.000	0.132	1.135	0.394
20	0.000	0.135	1.117	0.394
256	0.000	0.135	1.117	0.394
29	0.000	0.135	1.117	0.394
15	100.000	0.136	1.110	0.394
50	92.456	0.138	1.102	0.394
100	0.000	0.14	1.088	0.394
125	0.000	0.14	1.088	0.394
207	0.000	0.14	1.088	0.394
261	0.064	0.14	1.088	0.394
54	0.000	0.143	1.073	0.394
243	0.000	0.143	1.072	0.394
26	0.000	0.146	1.056	0.394
66	0.000	0.146	1.056	0.394
174	0.000	0.151	1.031	0.394
200	0.000	0.151	1.031	0.394
32	0.000	0.151	1.031	0.394
51	0.000	0.152	1.024	0.394
18	62.425	0.153	1.020	0.394
224	0.000	0.154	1.015	0.394
5	0.000	0.154	1.015	0.394
14	100.000	0.163	0.972	0.413
81	0.000	0.169	0.948	0.422
190	0.187	0.171	0.938	0.424
239	97.566	0.18	0.898	0.443
218	100.000	0.189	0.862	0.461
79	100.000	0.2	0.819	0.484
165	0.000	0.215	0.769	0.509
77	0.000	0.215	0.769	0.509
150	100.000	0.221	0.748	0.52
168	0.000	0.24	0.690	0.559
117	100.000	0.252	0.656	0.582
171	94.576	0.261	0.633	0.594
27	100.000	0.262	0.629	0.594
253	0.198	0.274	0.599	0.616
111	0.165	0.283	0.577	0.631
262	0.167	0.287	0.566	0.635
22	0.157	0.293	0.554	0.641
102	0.162	0.3	0.538	0.651
138	0.181	0.31	0.516	0.668
113	0.244	0.313	0.508	0.67
157	19.810	0.319	0.497	0.676
133	0.196	0.33	0.474	0.695
143	0.199	0.335	0.465	0.699
4	100.000	0.344	0.448	0.706
249	100.000	0.345	0.446	0.706
142	100.000	0.347	0.443	0.706
37	100.000	0.352	0.433	0.706
105	0.206	0.353	0.432	0.706
1	100.000	0.355	0.427	0.706
209	0.215	0.357	0.424	0.706
6	100.000	0.393	0.364	0.772
187	100.000	0.4	0.355	0.775
172	0.248	0.404	0.348	0.775
3	0.248	0.404	0.348	0.775
254	93.476	0.421	0.324	0.802
8	0.275	0.426	0.317	0.806
94	0.291	0.434	0.306	0.815
24	98.716	0.438	0.300	0.818
10	2.157	0.45	0.285	0.834
250	0.267	0.458	0.276	0.836
148	0.292	0.461	0.272	0.836
128	100.000	0.471	0.260	0.836
199	0.319	0.471	0.260	0.836
7	94.725	0.471	0.259	0.836
252	96.217	0.474	0.257	0.836
74	100.000	0.474	0.257	0.836
89	0.330	0.479	0.250	0.841
115	0.338	0.486	0.242	0.847
230	0.340	0.491	0.237	0.85
141	100.000	0.508	0.219	0.872
227	84.169	0.512	0.215	0.872
221	0.362	0.514	0.213	0.872
145	100.000	0.518	0.209	0.873
122	0.362	0.523	0.203	0.877
163	0.438	0.542	0.186	0.899
75	100.000	0.544	0.184	0.899
131	0.365	0.549	0.179	0.903
126	99.751	0.553	0.176	0.904
62	0.381	0.566	0.165	0.918
246	0.412	0.582	0.151	0.928
108	0.420	0.585	0.149	0.928
175	0.420	0.585	0.149	0.928
244	0.420	0.585	0.149	0.928
129	100.000	0.599	0.138	0.937
242	0.365	0.6	0.137	0.937
215	0.430	0.602	0.136	0.937
214	0.647	0.617	0.125	0.954
57	0.461	0.621	0.122	0.956
17	0.451	0.632	0.115	0.966
180	0.482	0.64	0.110	0.969
46	0.480	0.641	0.109	0.969
63	100.000	0.649	0.103	0.971
13	0.502	0.65	0.103	0.971
179	0.504	0.66	0.097	0.98
184	96.375	0.669	0.091	0.982
67	0.389	0.675	0.088	0.982
240	0.396	0.682	0.084	0.982
152	0.422	0.685	0.082	0.982
35	100.000	0.693	0.078	0.982
121	1.742	0.696	0.076	0.982
212	0.550	0.708	0.070	0.982
223	1.686	0.712	0.068	0.982
188	0.464	0.717	0.066	0.982
231	2.157	0.735	0.057	0.982
38	100.000	0.737	0.057	0.982
95	0.467	0.752	0.050	0.982
16	1.668	0.761	0.046	0.982
140	100.000	0.77	0.043	0.982
195	0.421	0.77	0.043	0.982
159	0.628	0.775	0.041	0.982
210	0.665	0.791	0.035	0.982
84	0.532	0.794	0.034	0.982
69	34.061	0.797	0.033	0.982
228	0.696	0.801	0.032	0.982
130	0.261	0.828	0.024	0.982
217	1.404	0.832	0.022	0.982
173	0.728	0.843	0.020	0.982
176	1.260	0.871	0.013	0.982
196	0.725	0.874	0.013	0.982
258	0.789	0.879	0.012	0.982
161	100.000	0.88	0.011	0.982
30	3.301	0.882	0.011	0.982
73	1.207	0.889	0.010	0.982
21	0.690	0.892	0.009	0.982
205	0.000	0.947	0.002	0.982
41	0.000	0.947	0.002	0.982
47	0.000	0.947	0.002	0.982
104	0.000	0.949	0.002	0.982
186	0.000	0.949	0.002	0.982
245	0.000	0.949	0.002	0.982
43	0.000	0.949	0.002	0.982
92	0.000	0.949	0.002	0.982
107	0.000	0.951	0.002	0.982
71	0.000	0.951	0.002	0.982
12	0.000	0.952	0.002	0.982
39	0.000	0.952	0.002	0.982
85	0.000	0.952	0.002	0.982
96	0.000	0.952	0.002	0.982
201	0.000	0.952	0.002	0.982
106	0.000	0.952	0.002	0.982
189	0.000	0.952	0.002	0.982
208	0.000	0.952	0.002	0.982
25	0.000	0.952	0.002	0.982
151	0.000	0.952	0.002	0.982
154	0.000	0.952	0.002	0.982
48	0.000	0.953	0.002	0.982
9	0.000	0.953	0.002	0.982
80	0.000	0.954	0.002	0.982
72	0.000	0.954	0.002	0.982
185	0.000	0.954	0.002	0.982
204	0.000	0.954	0.002	0.982
263	0.000	0.954	0.002	0.982
160	1.118	0.954	0.002	0.982
28	0.000	0.955	0.002	0.982
45	0.000	0.955	0.002	0.982
183	0.885	0.956	0.002	0.982
83	0.000	0.957	0.001	0.982
136	0.000	0.958	0.001	0.982
166	0.000	0.958	0.001	0.982
197	0.000	0.958	0.001	0.982
36	0.000	0.958	0.001	0.982
103	0.000	0.958	0.001	0.982
155	0.000	0.958	0.001	0.982
203	0.000	0.959	0.001	0.982
101	0.000	0.96	0.001	0.982
110	0.000	0.96	0.001	0.982
61	0.000	0.96	0.001	0.982
127	0.000	0.962	0.001	0.982
137	0.000	0.963	0.001	0.982
88	0.000	0.963	0.001	0.982
193	0.000	0.963	0.001	0.982
211	0.000	0.963	0.001	0.982
114	0.000	0.967	0.001	0.982
144	0.000	0.967	0.001	0.982
259	0.000	0.967	0.001	0.982
33	1.095	0.967	0.001	0.982
11	1.031	0.982	0.000	0.99
34	0.976	0.986	0.000	0.99
99	0.976	0.986	0.000	0.99
59	1.006	0.998	0.000	0.998