# Omega fit to each site after fixing tree and all other parameters.
# Fits compared to null model of omega = 1.
# P-values NOT corrected for multiple testing, so consider Q-values too.
# Will fit different synonymous rate for each site.
#
site	omega	P	dLnL	Q
213	37.242	0.000345	6.404	0.0745
248	20.046	0.000567	5.941	0.0745
233	0.000	0.00164	4.956	0.144
218	100.000	0.00257	4.544	0.169
146	0.000	0.00988	3.328	0.421
87	0.029	0.0102	3.299	0.421
139	33.363	0.0112	3.215	0.421
134	0.000	0.0133	3.064	0.437
257	0.000	0.0169	2.853	0.46
209	100.000	0.0175	2.823	0.46
46	82.845	0.0218	2.629	0.522
105	72.030	0.0286	2.396	0.612
141	100.000	0.0307	2.334	0.612
15	100.000	0.0326	2.284	0.612
111	85.704	0.0425	2.058	0.662
18	100.000	0.0429	2.049	0.662
236	0.000	0.0483	1.949	0.662
53	0.000	0.0485	1.946	0.662
167	0.000	0.0493	1.932	0.662
145	100.000	0.0539	1.857	0.662
238	100.000	0.055	1.841	0.662
249	92.045	0.0554	1.835	0.662
135	0.000	0.0591	1.782	0.675
90	0.000	0.0651	1.701	0.697
23	0.000	0.0679	1.667	0.697
86	0.000	0.0724	1.614	0.697
195	28.429	0.0738	1.598	0.697
229	0.000	0.0742	1.593	0.697
64	0.000	0.0779	1.554	0.706
247	0.000	0.0869	1.466	0.728
65	0.000	0.0905	1.432	0.728
50	100.000	0.0911	1.427	0.728
70	0.000	0.0928	1.412	0.728
202	0.000	0.0961	1.384	0.728
116	0.000	0.0986	1.364	0.728
177	99.505	0.101	1.344	0.728
251	0.000	0.105	1.312	0.728
241	0.224	0.107	1.301	0.728
149	0.000	0.108	1.292	0.728
76	0.000	0.111	1.270	0.73
181	0.000	0.117	1.231	0.748
142	100.000	0.119	1.212	0.748
14	100.000	0.122	1.193	0.749
198	0.000	0.132	1.133	0.756
260	0.000	0.137	1.104	0.756
261	0.066	0.138	1.101	0.756
255	0.000	0.14	1.089	0.756
78	0.000	0.141	1.081	0.756
117	100.000	0.144	1.069	0.756
147	0.000	0.144	1.068	0.756
170	0.000	0.151	1.032	0.774
243	0.000	0.154	1.018	0.774
123	0.000	0.156	1.007	0.774
125	0.000	0.161	0.980	0.784
79	100.000	0.168	0.949	0.784
164	0.000	0.172	0.932	0.784
239	88.591	0.177	0.911	0.784
235	0.000	0.178	0.906	0.784
162	0.000	0.179	0.904	0.784
44	0.152	0.182	0.891	0.784
2	0.000	0.184	0.882	0.784
31	0.140	0.185	0.879	0.784
5	0.000	0.197	0.834	0.82
194	0.000	0.2	0.820	0.82
220	0.000	0.203	0.812	0.82
138	14.475	0.21	0.786	0.837
32	0.000	0.22	0.754	0.859
219	0.000	0.222	0.744	0.859
54	0.000	0.227	0.729	0.859
169	0.000	0.234	0.708	0.859
59	5.061	0.234	0.707	0.859
150	98.128	0.236	0.701	0.859
226	0.000	0.244	0.678	0.859
26	0.000	0.245	0.677	0.859
171	100.000	0.255	0.649	0.859
19	0.000	0.258	0.641	0.859
157	92.095	0.263	0.627	0.859
49	0.000	0.263	0.626	0.859
55	0.000	0.267	0.615	0.859
27	100.000	0.277	0.591	0.859
58	0.000	0.278	0.587	0.859
60	0.000	0.279	0.587	0.859
178	0.000	0.279	0.586	0.859
217	4.613	0.28	0.582	0.859
131	96.759	0.289	0.563	0.859
4	100.000	0.291	0.557	0.859
112	0.000	0.298	0.542	0.859
37	100.000	0.301	0.535	0.859
206	0.000	0.303	0.531	0.859
224	0.000	0.306	0.524	0.859
124	0.000	0.307	0.523	0.859
200	0.000	0.307	0.522	0.859
187	89.862	0.31	0.514	0.859
190	0.303	0.311	0.514	0.859
222	0.000	0.312	0.512	0.859
234	0.000	0.316	0.502	0.859
22	0.164	0.317	0.501	0.859
10	2.664	0.329	0.476	0.879
1	100.000	0.332	0.471	0.879
256	0.000	0.336	0.464	0.879
212	6.404	0.338	0.460	0.879
252	100.000	0.343	0.449	0.885
148	0.205	0.347	0.442	0.886
24	100.000	0.352	0.433	0.89
153	0.000	0.356	0.425	0.893
6	100.000	0.368	0.405	0.903
165	0.000	0.37	0.402	0.903
126	100.000	0.371	0.400	0.903
7	93.007	0.375	0.394	0.904
223	4.037	0.383	0.380	0.916
40	0.000	0.387	0.375	0.916
77	0.000	0.395	0.361	0.923
66	0.000	0.403	0.350	0.923
254	100.000	0.403	0.349	0.923
133	0.239	0.404	0.349	0.923
68	0.000	0.415	0.332	0.941
237	0.000	0.431	0.310	0.969
128	92.084	0.438	0.300	0.97
143	0.262	0.439	0.299	0.97
89	0.295	0.443	0.295	0.97
168	0.000	0.449	0.287	0.975
51	0.000	0.455	0.280	0.978
93	0.000	0.46	0.272	0.978
156	0.000	0.461	0.271	0.978
74	91.910	0.466	0.265	0.98
191	0.000	0.47	0.261	0.98
227	100.000	0.474	0.257	0.98
207	0.000	0.478	0.252	0.98
182	0.000	0.481	0.249	0.98
192	0.000	0.486	0.242	0.984
115	0.340	0.495	0.233	0.992
11	2.635	0.498	0.230	0.992
3	0.316	0.504	0.223	0.997
21	4.502	0.509	0.218	0.999
172	0.334	0.527	0.200	1
113	2.587	0.528	0.199	1
210	2.718	0.53	0.197	1
140	100.000	0.531	0.196	1
174	0.000	0.536	0.192	1
163	0.415	0.539	0.189	1
52	0.000	0.541	0.187	1
75	95.554	0.545	0.183	1
98	0.000	0.548	0.181	1
199	0.382	0.549	0.180	1
120	0.000	0.554	0.175	1
122	0.388	0.556	0.173	1
262	0.340	0.561	0.169	1
56	0.000	0.586	0.149	1
100	0.000	0.594	0.142	1
129	88.161	0.599	0.138	1
81	0.000	0.6	0.137	1
29	0.000	0.604	0.135	1
242	0.428	0.616	0.126	1
118	0.000	0.624	0.120	1
13	0.472	0.624	0.120	1
246	0.451	0.627	0.118	1
244	0.454	0.628	0.118	1
158	0.000	0.63	0.116	1
196	2.515	0.635	0.113	1
232	0.000	0.647	0.105	1
250	0.425	0.651	0.103	1
121	1.917	0.653	0.101	1
16	2.138	0.656	0.099	1
63	100.000	0.66	0.097	1
73	1.827	0.667	0.093	1
109	0.000	0.673	0.089	1
57	0.507	0.674	0.088	1
231	2.630	0.682	0.084	1
69	100.000	0.687	0.081	1
161	100.000	0.695	0.077	1
184	93.120	0.698	0.076	1
130	0.188	0.703	0.073	1
20	0.000	0.71	0.069	1
67	0.429	0.719	0.065	1
216	0.000	0.728	0.060	1
35	2.201	0.729	0.060	1
175	0.567	0.733	0.058	1
152	0.463	0.733	0.058	1
38	100.000	0.735	0.057	1
97	0.000	0.743	0.054	1
214	0.761	0.75	0.051	1
253	0.591	0.752	0.050	1
215	0.553	0.755	0.049	1
8	0.608	0.755	0.049	1
95	0.466	0.76	0.047	1
119	0.000	0.766	0.044	1
91	0.000	0.77	0.043	1
230	0.630	0.774	0.041	1
82	0.000	0.779	0.039	1
160	1.823	0.78	0.039	1
94	2.046	0.782	0.038	1
42	0.000	0.792	0.035	1
62	0.575	0.801	0.032	1
33	1.760	0.805	0.030	1
173	0.682	0.817	0.027	1
188	0.606	0.82	0.026	1
180	0.700	0.822	0.025	1
132	0.000	0.824	0.025	1
228	0.727	0.827	0.024	1
225	0.000	0.872	0.013	1
34	1.243	0.879	0.012	1
30	2.596	0.886	0.010	1
159	0.824	0.894	0.009	1
17	1.216	0.904	0.007	1
102	1.305	0.918	0.005	1
84	0.833	0.919	0.005	1
221	0.864	0.929	0.004	1
258	1.154	0.929	0.004	1
179	1.130	0.939	0.003	1
104	0.000	0.941	0.003	1
9	0.000	0.948	0.002	1
85	0.000	0.948	0.002	1
245	0.000	0.949	0.002	1
71	0.000	0.952	0.002	1
43	0.000	0.953	0.002	1
166	0.000	0.957	0.001	1
83	0.000	0.957	0.001	1
61	0.000	0.958	0.001	1
203	0.000	0.958	0.001	1
28	0.000	0.959	0.001	1
96	0.000	0.96	0.001	1
88	0.000	0.962	0.001	1
103	0.000	0.965	0.001	1
92	0.000	0.968	0.001	1
127	0.000	0.969	0.001	1
110	0.000	0.969	0.001	1
101	0.000	0.97	0.001	1
47	0.000	0.97	0.001	1
136	0.000	0.971	0.001	1
137	0.000	0.972	0.001	1
39	0.000	0.973	0.001	1
25	0.000	0.975	0.001	1
205	0.000	0.976	0.000	1
259	0.000	0.976	0.000	1
193	0.000	0.976	0.000	1
144	0.000	0.977	0.000	1
36	0.000	0.978	0.000	1
155	0.000	0.98	0.000	1
114	0.000	0.981	0.000	1
183	1.051	0.982	0.000	1
240	1.046	0.984	0.000	1
72	0.000	0.986	0.000	1
189	0.000	0.986	0.000	1
108	1.030	0.987	0.000	1
12	0.000	0.987	0.000	1
211	0.000	0.987	0.000	1
80	0.625	0.988	0.000	1
186	0.000	0.989	0.000	1
201	0.000	0.991	0.000	1
151	0.731	0.992	0.000	1
197	0.000	0.992	0.000	1
208	0.000	0.992	0.000	1
176	1.009	0.995	0.000	1
41	0.000	0.996	0.000	1
185	0.000	0.996	0.000	1
263	0.000	0.997	0.000	1
204	0.000	0.997	0.000	1
99	1.003	0.998	0.000	1
107	0.962	0.999	0.000	1
45	0.980	0.999	0.000	1
154	0.986	1	0.000	1
106	0.992	1	0.000	1
48	0.996	1	0.000	1