# Omega fit to each site after fixing tree and all other parameters.
# Fits compared to null model of omega = 1.
# P-values NOT corrected for multiple testing, so consider Q-values too.
# Will fit different synonymous rate for each site.
#
site	omega	P	dLnL	Q
98	0.000	5.69e-06	10.295	0.0015
233	0.000	2.45e-05	8.901	0.00322
135	0.000	0.000364	6.355	0.0319
216	0.000	0.000952	5.460	0.0626
158	0.000	0.0028	4.467	0.123
87	0.024	0.00282	4.462	0.123
232	0.000	0.00458	4.019	0.155
53	0.000	0.00471	3.993	0.155
241	0.065	0.00538	3.873	0.157
248	10.465	0.00909	3.402	0.226
64	0.000	0.00979	3.336	0.226
146	0.000	0.0104	3.281	0.226
236	0.000	0.0112	3.218	0.226
257	0.000	0.0137	3.036	0.258
219	0.000	0.0154	2.935	0.27
162	0.000	0.0191	2.748	0.313
134	0.000	0.0228	2.590	0.353
213	29.379	0.0242	2.539	0.354
123	0.000	0.0256	2.492	0.354
109	0.000	0.0282	2.408	0.371
139	30.008	0.0339	2.251	0.377
52	0.000	0.0391	2.129	0.377
198	0.000	0.0433	2.042	0.377
178	0.000	0.0433	2.041	0.377
237	0.000	0.0462	1.987	0.377
255	0.000	0.0481	1.953	0.377
70	0.000	0.0481	1.953	0.377
23	0.000	0.0557	1.831	0.377
97	0.000	0.0577	1.801	0.377
229	0.000	0.0637	1.719	0.377
86	0.000	0.0637	1.719	0.377
116	0.000	0.0637	1.719	0.377
164	0.000	0.0637	1.719	0.377
167	0.000	0.066	1.690	0.377
112	0.000	0.0717	1.622	0.377
169	0.000	0.0717	1.622	0.377
182	0.000	0.0717	1.622	0.377
56	0.000	0.0717	1.622	0.377
120	0.000	0.0735	1.601	0.377
225	0.000	0.0739	1.597	0.377
156	0.000	0.0741	1.595	0.377
60	0.000	0.0764	1.570	0.377
76	0.000	0.0764	1.570	0.377
132	0.000	0.0784	1.549	0.377
90	0.000	0.0784	1.549	0.377
251	0.000	0.0787	1.546	0.377
181	0.000	0.0814	1.518	0.377
65	0.000	0.0814	1.518	0.377
247	0.000	0.082	1.512	0.377
147	0.000	0.0823	1.510	0.377
220	0.000	0.0833	1.500	0.377
44	0.074	0.0846	1.487	0.377
31	0.085	0.0849	1.485	0.377
206	0.000	0.0852	1.481	0.377
260	0.000	0.0852	1.481	0.377
81	0.000	0.0875	1.460	0.377
149	0.000	0.0924	1.416	0.377
42	0.000	0.0924	1.416	0.377
91	0.000	0.0939	1.403	0.377
118	0.000	0.0944	1.399	0.377
119	0.000	0.0944	1.399	0.377
202	0.000	0.0972	1.375	0.377
222	0.000	0.102	1.341	0.377
58	0.000	0.102	1.339	0.377
192	0.000	0.102	1.333	0.377
177	100.000	0.103	1.330	0.377
68	0.000	0.104	1.324	0.377
261	0.054	0.105	1.317	0.377
26	0.000	0.105	1.314	0.377
66	0.000	0.105	1.314	0.377
235	0.000	0.107	1.297	0.377
78	0.000	0.107	1.297	0.377
124	0.000	0.113	1.256	0.377
170	0.000	0.115	1.240	0.377
93	0.000	0.116	1.234	0.377
153	0.000	0.122	1.199	0.377
40	0.000	0.122	1.199	0.377
174	0.000	0.124	1.186	0.377
200	0.000	0.124	1.186	0.377
32	0.000	0.124	1.186	0.377
224	0.000	0.124	1.185	0.377
5	0.000	0.124	1.185	0.377
51	0.000	0.126	1.173	0.377
238	91.028	0.129	1.154	0.377
49	0.000	0.13	1.145	0.377
20	0.000	0.131	1.139	0.377
256	0.000	0.131	1.139	0.377
29	0.000	0.131	1.139	0.377
194	0.000	0.132	1.136	0.377
2	0.000	0.132	1.136	0.377
226	0.000	0.132	1.136	0.377
82	0.000	0.132	1.136	0.377
54	0.000	0.141	1.082	0.393
100	0.000	0.144	1.069	0.393
125	0.000	0.144	1.069	0.393
207	0.000	0.144	1.069	0.393
243	0.000	0.145	1.063	0.393
18	100.000	0.153	1.021	0.408
19	0.000	0.154	1.014	0.408
191	0.000	0.157	1.001	0.408
234	0.000	0.158	0.996	0.408
55	0.000	0.158	0.996	0.408
50	100.000	0.161	0.983	0.411
190	0.192	0.176	0.917	0.444
165	0.000	0.18	0.901	0.445
77	0.000	0.18	0.901	0.445
15	100.000	0.185	0.878	0.455
79	100.000	0.197	0.831	0.478
168	0.000	0.198	0.828	0.478
14	100.000	0.202	0.813	0.483
150	100.000	0.224	0.740	0.53
218	100.000	0.228	0.726	0.536
239	100.000	0.233	0.712	0.541
117	91.557	0.235	0.706	0.541
113	0.188	0.239	0.693	0.547
27	100.000	0.261	0.632	0.592
253	0.200	0.283	0.576	0.636
249	100.000	0.29	0.559	0.642
105	0.171	0.292	0.554	0.642
171	100.000	0.293	0.553	0.642
22	0.162	0.301	0.536	0.653
10	2.630	0.336	0.463	0.719
111	0.198	0.336	0.462	0.719
37	100.000	0.346	0.445	0.733
1	95.986	0.352	0.433	0.74
102	0.192	0.358	0.422	0.748
209	0.217	0.366	0.409	0.758
142	100.000	0.378	0.388	0.774
4	100.000	0.38	0.386	0.774
6	100.000	0.389	0.370	0.782
262	0.234	0.392	0.366	0.782
89	0.265	0.397	0.359	0.782
187	100.000	0.397	0.358	0.782
141	100.000	0.398	0.357	0.782
7	100.000	0.408	0.343	0.792
131	0.261	0.41	0.340	0.792
133	0.257	0.421	0.324	0.808
157	7.666	0.429	0.313	0.818
57	0.291	0.437	0.302	0.822
138	0.265	0.438	0.301	0.822
143	0.268	0.444	0.293	0.825
227	100.000	0.446	0.291	0.825
254	84.370	0.465	0.267	0.845
199	0.321	0.466	0.265	0.845
145	93.319	0.467	0.265	0.845
115	0.319	0.469	0.262	0.845
128	100.000	0.475	0.255	0.846
62	0.310	0.476	0.254	0.846
172	0.303	0.482	0.247	0.846
3	0.303	0.482	0.247	0.846
24	100.000	0.492	0.236	0.849
252	100.000	0.494	0.234	0.849
250	0.265	0.494	0.234	0.849
242	0.305	0.5	0.227	0.849
75	100.000	0.502	0.226	0.849
163	0.397	0.506	0.222	0.849
148	0.330	0.507	0.220	0.849
74	100.000	0.534	0.194	0.887
122	0.374	0.538	0.190	0.887
126	100.000	0.541	0.187	0.887
215	0.375	0.544	0.184	0.887
108	0.386	0.553	0.176	0.887
175	0.386	0.553	0.176	0.887
244	0.386	0.553	0.176	0.887
59	4.394	0.564	0.166	0.899
230	0.407	0.572	0.159	0.907
63	98.980	0.581	0.153	0.914
46	0.424	0.587	0.148	0.916
8	0.411	0.588	0.146	0.916
221	0.436	0.597	0.140	0.922
129	100.000	0.6	0.137	0.922
180	0.442	0.604	0.135	0.922
195	0.307	0.609	0.131	0.922
179	0.449	0.61	0.130	0.922
94	0.445	0.618	0.124	0.926
210	0.453	0.62	0.123	0.926
38	100.000	0.639	0.110	0.95
184	100.000	0.643	0.108	0.95
214	0.681	0.659	0.097	0.968
246	0.498	0.665	0.094	0.971
17	0.493	0.671	0.090	0.975
121	1.804	0.68	0.085	0.982
258	0.542	0.702	0.073	0.984
67	0.419	0.705	0.072	0.984
95	0.401	0.709	0.070	0.984
84	0.436	0.709	0.070	0.984
212	0.555	0.712	0.068	0.984
152	0.456	0.716	0.066	0.984
13	0.582	0.721	0.064	0.984
223	1.576	0.745	0.053	0.984
188	0.514	0.765	0.045	0.984
140	91.582	0.77	0.043	0.984
196	0.562	0.77	0.043	0.984
130	0.210	0.782	0.038	0.984
240	0.505	0.807	0.030	0.984
173	0.697	0.828	0.023	0.984
21	0.540	0.829	0.023	0.984
228	0.762	0.85	0.018	0.984
159	0.753	0.852	0.017	0.984
16	1.307	0.873	0.013	0.984
161	100.000	0.873	0.013	0.984
35	1.564	0.882	0.011	0.984
69	1.965	0.893	0.009	0.984
160	1.162	0.933	0.004	0.984
231	1.201	0.934	0.003	0.984
104	0.000	0.945	0.002	0.984
186	0.000	0.945	0.002	0.984
245	0.000	0.945	0.002	0.984
43	0.000	0.945	0.002	0.984
92	0.000	0.945	0.002	0.984
151	0.000	0.947	0.002	0.984
154	0.000	0.947	0.002	0.984
176	1.096	0.949	0.002	0.984
107	0.000	0.95	0.002	0.984
11	1.089	0.951	0.002	0.984
28	0.000	0.952	0.002	0.984
45	0.000	0.952	0.002	0.984
83	0.000	0.952	0.002	0.984
101	0.000	0.952	0.002	0.984
110	0.000	0.952	0.002	0.984
61	0.000	0.952	0.002	0.984
106	0.000	0.953	0.002	0.984
189	0.000	0.953	0.002	0.984
208	0.000	0.953	0.002	0.984
25	0.000	0.953	0.002	0.984
71	0.000	0.953	0.002	0.984
203	0.000	0.953	0.002	0.984
12	0.000	0.954	0.002	0.984
39	0.000	0.954	0.002	0.984
85	0.000	0.954	0.002	0.984
96	0.000	0.954	0.002	0.984
103	0.000	0.955	0.002	0.984
155	0.000	0.955	0.002	0.984
201	0.000	0.957	0.001	0.984
48	0.000	0.958	0.001	0.984
9	0.000	0.958	0.001	0.984
136	0.000	0.958	0.001	0.984
166	0.000	0.958	0.001	0.984
197	0.000	0.958	0.001	0.984
36	0.000	0.958	0.001	0.984
80	0.000	0.96	0.001	0.984
114	0.000	0.96	0.001	0.984
144	0.000	0.96	0.001	0.984
259	0.000	0.96	0.001	0.984
193	0.000	0.962	0.001	0.984
211	0.000	0.962	0.001	0.984
183	1.119	0.962	0.001	0.984
205	0.000	0.962	0.001	0.984
41	0.000	0.962	0.001	0.984
47	0.000	0.962	0.001	0.984
137	0.000	0.963	0.001	0.984
88	0.000	0.963	0.001	0.984
185	0.000	0.963	0.001	0.984
204	0.000	0.963	0.001	0.984
217	0.929	0.963	0.001	0.984
263	0.000	0.963	0.001	0.984
72	0.000	0.965	0.001	0.984
127	0.000	0.966	0.001	0.984
30	1.129	0.98	0.000	0.992
33	1.056	0.981	0.000	0.992
34	0.984	0.991	0.000	0.994
99	0.984	0.991	0.000	0.994
73	1.001	0.999	0.000	0.999