# Omega fit to each site after fixing tree and all other parameters.
# Fits compared to null model of omega = 1.
# P-values NOT corrected for multiple testing, so consider Q-values too.
# Will fit different synonymous rate for each site.
#
site	omega	P	dLnL	Q
98	0.000	2.22e-06	11.196	0.000585
233	0.000	2.6e-05	8.846	0.00342
135	0.000	0.000266	6.647	0.0233
216	0.000	0.000869	5.544	0.0572
158	0.000	0.00207	4.741	0.109
53	0.000	0.00299	4.407	0.118
232	0.000	0.00314	4.362	0.118
87	0.018	0.00565	3.829	0.186
241	0.073	0.00637	3.721	0.186
248	11.082	0.00811	3.505	0.19
64	0.000	0.00902	3.410	0.19
236	0.000	0.00953	3.361	0.19
146	0.000	0.00956	3.358	0.19
257	0.000	0.0101	3.310	0.19
219	0.000	0.0109	3.237	0.192
162	0.000	0.0136	3.045	0.223
134	0.000	0.0166	2.870	0.257
213	100.000	0.0192	2.740	0.281
109	0.000	0.0237	2.556	0.329
139	100.000	0.0259	2.481	0.339
123	0.000	0.0271	2.443	0.339
198	0.000	0.0357	2.206	0.349
178	0.000	0.0357	2.205	0.349
23	0.000	0.0373	2.169	0.349
255	0.000	0.04	2.108	0.349
70	0.000	0.04	2.108	0.349
52	0.000	0.0421	2.066	0.349
237	0.000	0.0501	1.919	0.349
116	0.000	0.0522	1.885	0.349
164	0.000	0.0522	1.885	0.349
97	0.000	0.0544	1.850	0.349
156	0.000	0.0605	1.762	0.349
91	0.000	0.0608	1.758	0.349
225	0.000	0.0616	1.746	0.349
120	0.000	0.0627	1.732	0.349
31	0.061	0.0644	1.710	0.349
229	0.000	0.0683	1.662	0.349
86	0.000	0.0683	1.662	0.349
147	0.000	0.0688	1.656	0.349
167	0.000	0.07	1.641	0.349
261	0.039	0.071	1.630	0.349
118	0.000	0.0778	1.555	0.349
119	0.000	0.0778	1.555	0.349
149	0.000	0.0779	1.554	0.349
42	0.000	0.0779	1.554	0.349
112	0.000	0.0802	1.530	0.349
169	0.000	0.0802	1.530	0.349
182	0.000	0.0802	1.530	0.349
56	0.000	0.0802	1.530	0.349
202	0.000	0.0806	1.526	0.349
60	0.000	0.0833	1.500	0.349
76	0.000	0.0833	1.500	0.349
222	0.000	0.084	1.493	0.349
44	0.075	0.0847	1.486	0.349
192	0.000	0.0848	1.485	0.349
132	0.000	0.0848	1.485	0.349
90	0.000	0.0848	1.485	0.349
220	0.000	0.0859	1.475	0.349
81	0.000	0.0866	1.468	0.349
58	0.000	0.0868	1.467	0.349
206	0.000	0.0873	1.462	0.349
260	0.000	0.0873	1.462	0.349
247	0.000	0.0883	1.453	0.349
251	0.000	0.0893	1.443	0.349
235	0.000	0.0896	1.441	0.349
78	0.000	0.0896	1.441	0.349
68	0.000	0.09	1.437	0.349
181	0.000	0.0915	1.424	0.349
65	0.000	0.0915	1.424	0.349
26	0.000	0.0941	1.401	0.349
66	0.000	0.0941	1.401	0.349
177	96.202	0.0963	1.383	0.352
18	100.000	0.101	1.347	0.357
49	0.000	0.108	1.292	0.357
15	100.000	0.11	1.280	0.357
174	0.000	0.11	1.278	0.357
200	0.000	0.11	1.278	0.357
32	0.000	0.11	1.278	0.357
224	0.000	0.11	1.275	0.357
5	0.000	0.11	1.275	0.357
124	0.000	0.112	1.264	0.357
51	0.000	0.112	1.264	0.357
170	0.000	0.113	1.253	0.357
93	0.000	0.114	1.248	0.357
153	0.000	0.123	1.187	0.374
40	0.000	0.123	1.187	0.374
238	100.000	0.129	1.150	0.374
20	0.000	0.131	1.143	0.374
256	0.000	0.131	1.143	0.374
29	0.000	0.131	1.143	0.374
194	0.000	0.134	1.124	0.374
2	0.000	0.134	1.124	0.374
226	0.000	0.134	1.124	0.374
82	0.000	0.134	1.124	0.374
50	100.000	0.141	1.085	0.378
54	0.000	0.141	1.082	0.378
100	0.000	0.143	1.073	0.378
125	0.000	0.143	1.073	0.378
207	0.000	0.143	1.073	0.378
243	0.000	0.144	1.069	0.378
19	0.000	0.155	1.012	0.397
191	0.000	0.157	1.004	0.397
234	0.000	0.157	1.000	0.397
55	0.000	0.157	1.000	0.397
79	94.783	0.158	0.995	0.397
14	100.000	0.173	0.927	0.43
190	0.179	0.177	0.911	0.435
165	0.000	0.19	0.858	0.459
77	0.000	0.19	0.858	0.459
218	100.000	0.203	0.810	0.485
239	91.298	0.205	0.802	0.485
168	0.000	0.206	0.798	0.485
117	92.788	0.221	0.748	0.515
150	100.000	0.224	0.739	0.517
27	100.000	0.246	0.674	0.562
249	100.000	0.248	0.667	0.563
10	2.971	0.274	0.597	0.615
113	0.149	0.276	0.593	0.615
171	100.000	0.283	0.577	0.625
22	0.133	0.289	0.562	0.633
59	76.936	0.293	0.552	0.638
253	0.141	0.315	0.506	0.678
1	100.000	0.322	0.490	0.686
105	0.176	0.323	0.488	0.686
37	100.000	0.327	0.479	0.689
102	0.154	0.34	0.456	0.709
89	0.216	0.35	0.437	0.724
157	97.725	0.354	0.429	0.728
142	100.000	0.362	0.415	0.732
4	90.322	0.364	0.411	0.732
6	100.000	0.365	0.410	0.732
141	100.000	0.368	0.406	0.732
187	100.000	0.37	0.402	0.732
7	96.874	0.373	0.397	0.732
111	0.209	0.378	0.389	0.736
131	0.221	0.404	0.349	0.772
199	0.261	0.407	0.343	0.772
209	0.228	0.408	0.343	0.772
115	0.254	0.408	0.342	0.772
242	0.274	0.416	0.330	0.782
227	100.000	0.422	0.322	0.788
145	97.832	0.441	0.297	0.813
57	0.269	0.442	0.296	0.813
262	0.258	0.45	0.286	0.821
254	100.000	0.456	0.278	0.827
128	98.181	0.462	0.271	0.83
62	0.261	0.464	0.268	0.83
24	100.000	0.48	0.249	0.848
252	92.971	0.48	0.249	0.848
133	0.292	0.489	0.239	0.858
148	0.294	0.496	0.231	0.859
138	0.290	0.499	0.229	0.859
74	100.000	0.5	0.227	0.859
143	0.297	0.51	0.217	0.868
163	0.321	0.512	0.215	0.868
126	100.000	0.515	0.212	0.868
8	0.330	0.525	0.202	0.878
215	0.328	0.531	0.197	0.878
75	100.000	0.531	0.196	0.878
172	0.344	0.552	0.177	0.901
3	0.344	0.552	0.177	0.901
250	0.265	0.555	0.174	0.901
122	0.383	0.561	0.169	0.904
130	0.112	0.565	0.165	0.906
230	0.377	0.573	0.159	0.913
121	2.304	0.597	0.140	0.932
94	0.394	0.61	0.130	0.932
221	0.435	0.61	0.130	0.932
46	0.429	0.611	0.129	0.932
108	0.425	0.617	0.125	0.932
175	0.425	0.617	0.125	0.932
244	0.425	0.617	0.125	0.932
67	0.312	0.621	0.122	0.932
180	0.452	0.623	0.121	0.932
179	0.454	0.624	0.120	0.932
95	0.296	0.624	0.120	0.932
63	100.000	0.65	0.103	0.966
129	68.181	0.66	0.097	0.972
17	0.454	0.661	0.096	0.972
38	98.100	0.671	0.090	0.977
210	0.503	0.685	0.082	0.977
240	0.336	0.688	0.081	0.977
195	0.309	0.689	0.080	0.977
152	0.426	0.698	0.075	0.977
196	0.485	0.714	0.067	0.977
84	0.422	0.72	0.064	0.977
223	1.710	0.721	0.064	0.977
140	99.986	0.728	0.060	0.977
188	0.464	0.734	0.058	0.977
184	98.571	0.736	0.057	0.977
246	0.578	0.745	0.053	0.977
13	0.605	0.75	0.051	0.977
212	0.594	0.763	0.046	0.977
214	0.775	0.766	0.044	0.977
258	0.606	0.77	0.043	0.977
21	0.519	0.812	0.028	0.977
173	0.672	0.825	0.024	0.977
217	1.512	0.841	0.020	0.977
228	0.745	0.845	0.019	0.977
16	1.411	0.854	0.017	0.977
161	71.524	0.877	0.012	0.977
35	1.503	0.878	0.012	0.977
11	1.185	0.907	0.007	0.977
231	1.238	0.926	0.004	0.977
159	1.113	0.931	0.004	0.977
104	0.000	0.936	0.003	0.977
186	0.000	0.936	0.003	0.977
245	0.000	0.936	0.003	0.977
43	0.000	0.936	0.003	0.977
92	0.000	0.936	0.003	0.977
30	0.709	0.938	0.003	0.977
151	0.000	0.94	0.003	0.977
154	0.000	0.94	0.003	0.977
107	0.000	0.942	0.003	0.977
83	0.000	0.945	0.002	0.977
101	0.000	0.945	0.002	0.977
110	0.000	0.945	0.002	0.977
61	0.000	0.945	0.002	0.977
28	0.000	0.945	0.002	0.977
45	0.000	0.945	0.002	0.977
203	0.000	0.946	0.002	0.977
106	0.000	0.946	0.002	0.977
189	0.000	0.946	0.002	0.977
208	0.000	0.946	0.002	0.977
25	0.000	0.946	0.002	0.977
71	0.000	0.947	0.002	0.977
103	0.000	0.947	0.002	0.977
155	0.000	0.947	0.002	0.977
12	0.000	0.948	0.002	0.977
39	0.000	0.948	0.002	0.977
85	0.000	0.948	0.002	0.977
96	0.000	0.948	0.002	0.977
201	0.000	0.951	0.002	0.977
48	0.000	0.951	0.002	0.977
9	0.000	0.951	0.002	0.977
73	1.095	0.952	0.002	0.977
136	0.000	0.953	0.002	0.977
166	0.000	0.953	0.002	0.977
197	0.000	0.953	0.002	0.977
36	0.000	0.953	0.002	0.977
80	0.000	0.954	0.002	0.977
34	1.090	0.954	0.002	0.977
99	1.090	0.954	0.002	0.977
114	0.000	0.955	0.002	0.977
144	0.000	0.955	0.002	0.977
259	0.000	0.955	0.002	0.977
193	0.000	0.955	0.002	0.977
211	0.000	0.955	0.002	0.977
183	1.138	0.957	0.001	0.977
205	0.000	0.957	0.001	0.977
41	0.000	0.957	0.001	0.977
47	0.000	0.957	0.001	0.977
137	0.000	0.958	0.001	0.977
88	0.000	0.958	0.001	0.977
185	0.000	0.959	0.001	0.977
204	0.000	0.959	0.001	0.977
263	0.000	0.959	0.001	0.977
72	0.000	0.96	0.001	0.977
127	0.000	0.962	0.001	0.977
33	0.908	0.966	0.001	0.977
160	1.064	0.974	0.001	0.982
176	0.988	0.994	0.000	0.996
69	1.019	0.996	0.000	0.996