# Differential preferences fit to each site.
# Regularizing prior: ('invquadratic', 150.0, 0.5)
#
site	dpi_A	dpi_C	dpi_D	dpi_E	dpi_F	dpi_G	dpi_H	dpi_I	dpi_K	dpi_L	dpi_M	dpi_N	dpi_P	dpi_Q	dpi_R	dpi_S	dpi_T	dpi_V	dpi_W	dpi_Y	half_sum_abs_dpi
92	-0.0058	-0.0034	-0.0046	-0.0070	-0.0027	-0.0080	-0.0034	-0.0098	-0.0118	-0.0117	-0.0022	-0.0079	-0.0043	-0.0053	-0.0178	-0.0120	-0.0098	-0.0078	0.1401	-0.0047	0.1401
76	-0.0058	-0.0034	-0.0046	-0.0070	-0.0027	-0.0080	-0.0034	-0.0098	-0.0118	-0.0117	-0.0022	-0.0079	-0.0043	-0.0053	-0.0178	-0.0120	-0.0098	-0.0078	0.1401	-0.0047	0.1401
551	-0.0058	-0.0034	-0.0046	-0.0070	-0.0027	-0.0080	-0.0034	-0.0098	-0.0118	-0.0117	-0.0022	-0.0079	-0.0043	-0.0053	-0.0178	-0.0120	-0.0098	-0.0078	0.1401	-0.0047	0.1401
434	-0.0058	-0.0034	-0.0046	-0.0070	-0.0027	-0.0080	-0.0034	-0.0098	-0.0118	-0.0117	-0.0022	-0.0079	-0.0043	-0.0053	-0.0178	-0.0120	-0.0098	-0.0078	0.1401	-0.0047	0.1401
363	-0.0058	-0.0034	-0.0046	-0.0070	-0.0027	-0.0080	-0.0034	-0.0098	-0.0118	-0.0117	-0.0022	-0.0079	-0.0043	-0.0053	-0.0178	-0.0120	-0.0098	-0.0078	0.1401	-0.0047	0.1401
356	-0.0058	-0.0034	-0.0046	-0.0070	-0.0027	-0.0080	-0.0034	-0.0098	-0.0118	-0.0117	-0.0022	-0.0079	-0.0043	-0.0053	-0.0178	-0.0120	-0.0098	-0.0078	0.1401	-0.0047	0.1401
246	-0.0058	-0.0034	-0.0046	-0.0070	-0.0027	-0.0080	-0.0034	-0.0098	-0.0118	-0.0117	-0.0022	-0.0079	-0.0043	-0.0053	-0.0178	-0.0120	-0.0098	-0.0078	0.1401	-0.0047	0.1401
192	-0.0058	-0.0034	-0.0046	-0.0070	-0.0027	-0.0080	-0.0034	-0.0098	-0.0118	-0.0117	-0.0022	-0.0079	-0.0043	-0.0053	-0.0178	-0.0120	-0.0098	-0.0078	0.1401	-0.0047	0.1401
165	-0.0058	-0.0034	-0.0046	-0.0070	-0.0027	-0.0080	-0.0034	-0.0098	-0.0118	-0.0117	-0.0022	-0.0079	-0.0043	-0.0053	-0.0178	-0.0120	-0.0098	-0.0078	0.1401	-0.0047	0.1401
139	-0.0058	-0.0034	-0.0046	-0.0070	-0.0027	-0.0080	-0.0034	-0.0098	-0.0118	-0.0117	-0.0022	-0.0079	-0.0043	-0.0053	-0.0178	-0.0120	-0.0098	-0.0078	0.1401	-0.0047	0.1401
197	-0.0063	-0.0030	-0.0048	-0.0071	-0.0030	-0.0076	-0.0037	-0.0097	-0.0116	-0.0135	-0.0025	-0.0079	0.1399	-0.0062	-0.0142	-0.0142	-0.0104	-0.0078	-0.0015	-0.0049	0.1399
266	-0.0063	-0.0030	-0.0048	-0.0071	-0.0030	-0.0076	-0.0037	-0.0097	-0.0116	-0.0135	-0.0025	-0.0079	0.1399	-0.0062	-0.0142	-0.0142	-0.0104	-0.0078	-0.0015	-0.0049	0.1399
227	-0.0063	-0.0030	-0.0048	-0.0071	-0.0030	-0.0076	-0.0037	-0.0097	-0.0116	-0.0135	-0.0025	-0.0079	0.1399	-0.0062	-0.0142	-0.0142	-0.0104	-0.0078	-0.0015	-0.0049	0.1399
99	-0.0063	-0.0030	-0.0048	-0.0071	-0.0030	-0.0076	-0.0037	-0.0097	-0.0116	-0.0135	-0.0025	-0.0079	0.1399	-0.0062	-0.0142	-0.0142	-0.0104	-0.0078	-0.0015	-0.0049	0.1399
81	-0.0063	-0.0030	-0.0048	-0.0071	-0.0030	-0.0076	-0.0037	-0.0097	-0.0116	-0.0135	-0.0025	-0.0079	0.1399	-0.0062	-0.0142	-0.0142	-0.0104	-0.0078	-0.0015	-0.0049	0.1399
65	-0.0063	-0.0030	-0.0048	-0.0071	-0.0030	-0.0076	-0.0037	-0.0097	-0.0116	-0.0135	-0.0025	-0.0079	0.1399	-0.0062	-0.0142	-0.0142	-0.0104	-0.0078	-0.0015	-0.0049	0.1399
337	-0.0063	-0.0030	-0.0048	-0.0071	-0.0030	-0.0076	-0.0037	-0.0097	-0.0116	-0.0135	-0.0025	-0.0079	0.1399	-0.0062	-0.0142	-0.0142	-0.0104	-0.0078	-0.0015	-0.0049	0.1399
174	-0.0063	-0.0030	-0.0048	-0.0071	-0.0030	-0.0076	-0.0037	-0.0097	-0.0116	-0.0135	-0.0025	-0.0079	0.1399	-0.0062	-0.0142	-0.0142	-0.0104	-0.0078	-0.0015	-0.0049	0.1399
108	-0.0063	-0.0030	-0.0048	-0.0071	-0.0030	-0.0076	-0.0037	-0.0097	-0.0116	-0.0135	-0.0025	-0.0079	0.1399	-0.0062	-0.0142	-0.0142	-0.0104	-0.0078	-0.0015	-0.0049	0.1399
502	-0.0063	-0.0030	-0.0048	-0.0071	-0.0030	-0.0076	-0.0037	-0.0097	-0.0116	-0.0135	-0.0025	-0.0079	0.1399	-0.0062	-0.0142	-0.0142	-0.0104	-0.0078	-0.0015	-0.0049	0.1399
312	-0.0063	-0.0030	-0.0048	-0.0071	-0.0030	-0.0076	-0.0037	-0.0097	-0.0116	-0.0135	-0.0025	-0.0079	0.1399	-0.0062	-0.0142	-0.0142	-0.0104	-0.0078	-0.0015	-0.0049	0.1399
319	-0.0063	-0.0030	-0.0048	-0.0071	-0.0030	-0.0076	-0.0037	-0.0097	-0.0116	-0.0135	-0.0025	-0.0079	0.1399	-0.0062	-0.0142	-0.0142	-0.0104	-0.0078	-0.0015	-0.0049	0.1399
233	-0.0063	-0.0030	-0.0048	-0.0071	-0.0030	-0.0076	-0.0044	-0.0097	-0.0116	-0.0135	-0.0025	-0.0079	0.1399	-0.0055	-0.0142	-0.0142	-0.0104	-0.0078	-0.0015	-0.0049	0.1399
251	-0.0063	-0.0030	-0.0048	-0.0071	-0.0030	-0.0076	-0.0044	-0.0097	-0.0116	-0.0135	-0.0025	-0.0079	0.1399	-0.0055	-0.0142	-0.0142	-0.0104	-0.0078	-0.0015	-0.0049	0.1399
306	-0.0063	-0.0030	-0.0048	-0.0071	-0.0030	-0.0076	-0.0044	-0.0097	-0.0116	-0.0135	-0.0025	-0.0079	0.1399	-0.0055	-0.0142	-0.0142	-0.0104	-0.0078	-0.0015	-0.0049	0.1399
297	-0.0063	-0.0030	-0.0048	-0.0071	-0.0030	-0.0076	-0.0044	-0.0097	-0.0116	-0.0135	-0.0025	-0.0079	0.1399	-0.0055	-0.0142	-0.0142	-0.0104	-0.0078	-0.0015	-0.0049	0.1399
140	-0.0063	-0.0030	-0.0048	-0.0071	-0.0030	-0.0076	-0.0044	-0.0097	-0.0116	-0.0135	-0.0025	-0.0079	0.1399	-0.0055	-0.0142	-0.0142	-0.0104	-0.0078	-0.0015	-0.0049	0.1399
134	-0.0063	-0.0030	-0.0048	-0.0071	-0.0030	-0.0076	-0.0044	-0.0097	-0.0116	-0.0135	-0.0025	-0.0079	0.1399	-0.0055	-0.0142	-0.0142	-0.0104	-0.0078	-0.0015	-0.0049	0.1399
486	-0.0057	0.1397	-0.0046	-0.0069	-0.0032	-0.0079	-0.0034	-0.0096	-0.0116	-0.0110	-0.0022	-0.0078	-0.0043	-0.0053	-0.0164	-0.0125	-0.0096	-0.0077	-0.0016	-0.0085	0.1397
479	-0.0057	0.1397	-0.0046	-0.0069	-0.0032	-0.0079	-0.0034	-0.0096	-0.0116	-0.0110	-0.0022	-0.0078	-0.0043	-0.0053	-0.0164	-0.0125	-0.0096	-0.0077	-0.0016	-0.0085	0.1397
290	-0.0057	0.1397	-0.0046	-0.0069	-0.0032	-0.0079	-0.0034	-0.0096	-0.0116	-0.0110	-0.0022	-0.0078	-0.0043	-0.0053	-0.0164	-0.0125	-0.0096	-0.0077	-0.0016	-0.0085	0.1397
20	-0.0057	0.1397	-0.0046	-0.0069	-0.0032	-0.0079	-0.0034	-0.0096	-0.0116	-0.0110	-0.0022	-0.0078	-0.0043	-0.0053	-0.0164	-0.0125	-0.0096	-0.0077	-0.0016	-0.0085	0.1397
294	-0.0057	0.1396	-0.0046	-0.0069	-0.0032	-0.0079	-0.0034	-0.0096	-0.0115	-0.0110	-0.0022	-0.0078	-0.0043	-0.0053	-0.0164	-0.0125	-0.0096	-0.0077	-0.0016	-0.0085	0.1396
58	-0.0057	0.1396	-0.0046	-0.0069	-0.0032	-0.0079	-0.0034	-0.0096	-0.0115	-0.0110	-0.0022	-0.0078	-0.0043	-0.0053	-0.0164	-0.0125	-0.0096	-0.0077	-0.0016	-0.0085	0.1396
563	-0.0057	0.1396	-0.0046	-0.0069	-0.0032	-0.0079	-0.0034	-0.0096	-0.0116	-0.0110	-0.0022	-0.0078	-0.0043	-0.0053	-0.0163	-0.0125	-0.0096	-0.0077	-0.0016	-0.0085	0.1396
490	-0.0057	0.1396	-0.0046	-0.0069	-0.0032	-0.0079	-0.0034	-0.0096	-0.0116	-0.0110	-0.0022	-0.0078	-0.0043	-0.0053	-0.0163	-0.0125	-0.0096	-0.0077	-0.0016	-0.0085	0.1396
151	-0.0057	0.1396	-0.0046	-0.0069	-0.0032	-0.0079	-0.0034	-0.0096	-0.0116	-0.0110	-0.0022	-0.0078	-0.0043	-0.0053	-0.0163	-0.0125	-0.0096	-0.0077	-0.0016	-0.0085	0.1396
318	-0.0057	0.1396	-0.0046	-0.0069	-0.0032	-0.0079	-0.0034	-0.0096	-0.0116	-0.0110	-0.0022	-0.0078	-0.0043	-0.0053	-0.0163	-0.0125	-0.0096	-0.0077	-0.0016	-0.0085	0.1396
553	-0.0057	0.1396	-0.0046	-0.0069	-0.0032	-0.0079	-0.0034	-0.0096	-0.0116	-0.0110	-0.0022	-0.0078	-0.0043	-0.0053	-0.0163	-0.0125	-0.0096	-0.0077	-0.0016	-0.0085	0.1396
83	-0.0057	0.1396	-0.0046	-0.0069	-0.0032	-0.0079	-0.0034	-0.0096	-0.0116	-0.0110	-0.0022	-0.0078	-0.0043	-0.0053	-0.0163	-0.0125	-0.0096	-0.0077	-0.0016	-0.0085	0.1396
9	-0.0057	0.1396	-0.0046	-0.0069	-0.0032	-0.0079	-0.0034	-0.0096	-0.0116	-0.0110	-0.0022	-0.0078	-0.0043	-0.0053	-0.0163	-0.0125	-0.0096	-0.0077	-0.0016	-0.0085	0.1396
106	-0.0057	0.1396	-0.0046	-0.0069	-0.0032	-0.0079	-0.0034	-0.0096	-0.0116	-0.0110	-0.0022	-0.0078	-0.0043	-0.0053	-0.0163	-0.0125	-0.0096	-0.0077	-0.0015	-0.0085	0.1396
560	-0.0057	0.1396	-0.0046	-0.0069	-0.0032	-0.0079	-0.0034	-0.0096	-0.0116	-0.0110	-0.0022	-0.0078	-0.0043	-0.0053	-0.0163	-0.0125	-0.0096	-0.0077	-0.0015	-0.0085	0.1396
71	-0.0057	0.1396	-0.0046	-0.0069	-0.0032	-0.0079	-0.0034	-0.0096	-0.0116	-0.0110	-0.0022	-0.0078	-0.0043	-0.0053	-0.0163	-0.0125	-0.0096	-0.0077	-0.0015	-0.0085	0.1396
552	-0.0054	-0.0024	-0.0043	-0.0066	-0.0024	-0.0072	-0.0031	-0.0141	-0.0122	-0.0116	0.1371	-0.0075	-0.0040	-0.0050	-0.0141	-0.0111	-0.0113	-0.0097	-0.0008	-0.0044	0.1371
523	-0.0054	-0.0024	-0.0043	-0.0066	-0.0024	-0.0072	-0.0031	-0.0141	-0.0122	-0.0116	0.1371	-0.0075	-0.0040	-0.0050	-0.0141	-0.0111	-0.0113	-0.0097	-0.0008	-0.0044	0.1371
491	-0.0054	-0.0024	-0.0043	-0.0066	-0.0024	-0.0072	-0.0031	-0.0141	-0.0122	-0.0116	0.1371	-0.0075	-0.0040	-0.0050	-0.0141	-0.0111	-0.0113	-0.0097	-0.0008	-0.0044	0.1371
419	-0.0054	-0.0024	-0.0043	-0.0066	-0.0024	-0.0072	-0.0031	-0.0141	-0.0122	-0.0116	0.1371	-0.0075	-0.0040	-0.0050	-0.0141	-0.0111	-0.0113	-0.0097	-0.0008	-0.0044	0.1371
401	-0.0054	-0.0024	-0.0043	-0.0066	-0.0024	-0.0072	-0.0031	-0.0141	-0.0122	-0.0116	0.1371	-0.0075	-0.0040	-0.0050	-0.0141	-0.0111	-0.0113	-0.0097	-0.0008	-0.0044	0.1371
359	-0.0054	-0.0024	-0.0043	-0.0066	-0.0024	-0.0072	-0.0031	-0.0141	-0.0122	-0.0116	0.1371	-0.0075	-0.0040	-0.0050	-0.0141	-0.0111	-0.0113	-0.0097	-0.0008	-0.0044	0.1371
329	-0.0054	-0.0024	-0.0043	-0.0066	-0.0024	-0.0072	-0.0031	-0.0141	-0.0122	-0.0116	0.1371	-0.0075	-0.0040	-0.0050	-0.0141	-0.0111	-0.0113	-0.0097	-0.0008	-0.0044	0.1371
53	-0.0052	-0.0023	-0.0046	-0.0064	-0.0023	-0.0069	0.1290	-0.0090	-0.0109	-0.0109	-0.0018	-0.0079	-0.0043	-0.0059	-0.0164	-0.0107	-0.0090	-0.0071	-0.0007	-0.0067	0.1290
484	-0.0052	-0.0023	-0.0046	-0.0064	-0.0023	-0.0069	0.1290	-0.0090	-0.0109	-0.0109	-0.0018	-0.0079	-0.0043	-0.0059	-0.0164	-0.0107	-0.0090	-0.0071	-0.0007	-0.0067	0.1290
311	-0.0052	-0.0023	-0.0046	-0.0064	-0.0023	-0.0069	0.1290	-0.0090	-0.0109	-0.0109	-0.0018	-0.0079	-0.0043	-0.0059	-0.0164	-0.0107	-0.0090	-0.0071	-0.0007	-0.0067	0.1290
196	-0.0052	-0.0023	-0.0046	-0.0064	-0.0023	-0.0069	0.1290	-0.0090	-0.0109	-0.0109	-0.0018	-0.0079	-0.0043	-0.0059	-0.0164	-0.0107	-0.0090	-0.0071	-0.0007	-0.0067	0.1290
142	-0.0052	-0.0023	-0.0046	-0.0064	-0.0023	-0.0069	0.1290	-0.0090	-0.0109	-0.0109	-0.0018	-0.0079	-0.0043	-0.0059	-0.0164	-0.0107	-0.0090	-0.0071	-0.0007	-0.0067	0.1290
24	-0.0052	-0.0023	-0.0046	-0.0064	-0.0023	-0.0069	0.1290	-0.0090	-0.0109	-0.0109	-0.0018	-0.0079	-0.0043	-0.0059	-0.0164	-0.0107	-0.0090	-0.0071	-0.0007	-0.0067	0.1290
195	-0.0052	-0.0023	-0.0046	-0.0064	-0.0023	-0.0069	0.1290	-0.0090	-0.0109	-0.0109	-0.0018	-0.0079	-0.0043	-0.0059	-0.0164	-0.0107	-0.0090	-0.0071	-0.0007	-0.0067	0.1290
368	-0.0052	-0.0023	-0.0046	-0.0064	-0.0023	-0.0069	0.1290	-0.0090	-0.0109	-0.0109	-0.0018	-0.0079	-0.0043	-0.0059	-0.0164	-0.0107	-0.0090	-0.0071	-0.0007	-0.0067	0.1290
367	-0.0052	-0.0023	-0.0046	-0.0064	-0.0023	-0.0069	0.1290	-0.0090	-0.0109	-0.0109	-0.0018	-0.0079	-0.0043	-0.0059	-0.0164	-0.0107	-0.0090	-0.0071	-0.0007	-0.0067	0.1290
44	-0.0052	-0.0023	-0.0046	-0.0064	-0.0023	-0.0069	0.1290	-0.0090	-0.0109	-0.0109	-0.0018	-0.0079	-0.0043	-0.0059	-0.0164	-0.0107	-0.0090	-0.0071	-0.0007	-0.0067	0.1290
453	-0.0052	-0.0023	-0.0046	-0.0064	-0.0023	-0.0069	0.1290	-0.0090	-0.0109	-0.0109	-0.0018	-0.0079	-0.0043	-0.0059	-0.0164	-0.0107	-0.0090	-0.0071	-0.0007	-0.0067	0.1290
153	-0.0052	-0.0023	-0.0046	-0.0064	-0.0023	-0.0069	0.1290	-0.0090	-0.0109	-0.0109	-0.0018	-0.0079	-0.0043	-0.0059	-0.0164	-0.0107	-0.0090	-0.0071	-0.0007	-0.0067	0.1290
430	-0.0051	-0.0026	-0.0040	-0.0063	0.1268	-0.0069	-0.0029	-0.0097	-0.0109	-0.0134	-0.0017	-0.0072	-0.0037	-0.0047	-0.0130	-0.0128	-0.0090	-0.0075	-0.0006	-0.0048	0.1268
270	-0.0051	-0.0026	-0.0040	-0.0063	0.1268	-0.0069	-0.0029	-0.0097	-0.0109	-0.0134	-0.0017	-0.0072	-0.0037	-0.0047	-0.0130	-0.0128	-0.0090	-0.0075	-0.0006	-0.0048	0.1268
133	-0.0051	-0.0026	-0.0040	-0.0063	0.1268	-0.0069	-0.0029	-0.0097	-0.0109	-0.0134	-0.0017	-0.0072	-0.0037	-0.0047	-0.0130	-0.0128	-0.0090	-0.0075	-0.0006	-0.0048	0.1268
550	-0.0051	-0.0026	-0.0040	-0.0063	0.1268	-0.0069	-0.0029	-0.0097	-0.0109	-0.0134	-0.0017	-0.0072	-0.0037	-0.0047	-0.0130	-0.0128	-0.0090	-0.0075	-0.0006	-0.0048	0.1268
127	-0.0051	-0.0026	-0.0040	-0.0063	0.1268	-0.0069	-0.0029	-0.0097	-0.0109	-0.0134	-0.0017	-0.0072	-0.0037	-0.0047	-0.0130	-0.0128	-0.0090	-0.0075	-0.0006	-0.0048	0.1268
130	-0.0051	-0.0026	-0.0040	-0.0063	0.1268	-0.0069	-0.0029	-0.0097	-0.0109	-0.0134	-0.0017	-0.0072	-0.0037	-0.0047	-0.0130	-0.0128	-0.0090	-0.0075	-0.0006	-0.0048	0.1268
307	-0.0051	-0.0026	-0.0040	-0.0063	0.1268	-0.0069	-0.0029	-0.0097	-0.0109	-0.0134	-0.0017	-0.0072	-0.0037	-0.0047	-0.0130	-0.0128	-0.0090	-0.0075	-0.0006	-0.0048	0.1268
452	-0.0051	-0.0026	-0.0040	-0.0063	0.1268	-0.0069	-0.0029	-0.0097	-0.0109	-0.0134	-0.0017	-0.0072	-0.0037	-0.0047	-0.0130	-0.0128	-0.0090	-0.0075	-0.0006	-0.0048	0.1268
482	-0.0051	-0.0026	-0.0040	-0.0063	0.1268	-0.0069	-0.0029	-0.0097	-0.0109	-0.0134	-0.0017	-0.0072	-0.0037	-0.0047	-0.0130	-0.0128	-0.0090	-0.0075	-0.0006	-0.0048	0.1268
412	-0.0051	-0.0026	-0.0040	-0.0063	0.1268	-0.0069	-0.0029	-0.0097	-0.0109	-0.0134	-0.0017	-0.0072	-0.0037	-0.0047	-0.0130	-0.0128	-0.0090	-0.0075	-0.0006	-0.0048	0.1268
405	-0.0051	-0.0026	-0.0040	-0.0063	0.1268	-0.0069	-0.0029	-0.0097	-0.0109	-0.0134	-0.0017	-0.0072	-0.0037	-0.0047	-0.0130	-0.0128	-0.0090	-0.0075	-0.0006	-0.0048	0.1268
351	-0.0051	-0.0026	-0.0040	-0.0063	0.1268	-0.0069	-0.0029	-0.0097	-0.0109	-0.0134	-0.0017	-0.0072	-0.0037	-0.0047	-0.0130	-0.0128	-0.0090	-0.0075	-0.0006	-0.0048	0.1268
225	-0.0051	-0.0026	-0.0040	-0.0063	0.1268	-0.0069	-0.0029	-0.0097	-0.0109	-0.0134	-0.0017	-0.0072	-0.0037	-0.0047	-0.0130	-0.0128	-0.0090	-0.0075	-0.0006	-0.0048	0.1268
111	-0.0051	-0.0026	-0.0040	-0.0063	0.1268	-0.0069	-0.0029	-0.0097	-0.0109	-0.0134	-0.0017	-0.0072	-0.0037	-0.0047	-0.0130	-0.0128	-0.0090	-0.0075	-0.0006	-0.0048	0.1268
480	-0.0051	-0.0026	-0.0040	-0.0063	0.1268	-0.0069	-0.0029	-0.0097	-0.0109	-0.0134	-0.0017	-0.0072	-0.0037	-0.0047	-0.0130	-0.0128	-0.0090	-0.0075	-0.0006	-0.0048	0.1268
345	-0.0051	-0.0026	-0.0040	-0.0063	0.1268	-0.0069	-0.0029	-0.0097	-0.0109	-0.0134	-0.0017	-0.0072	-0.0037	-0.0047	-0.0130	-0.0128	-0.0090	-0.0075	-0.0006	-0.0048	0.1268
257	-0.0051	-0.0026	-0.0040	-0.0063	0.1268	-0.0069	-0.0029	-0.0097	-0.0109	-0.0134	-0.0017	-0.0072	-0.0037	-0.0047	-0.0130	-0.0128	-0.0090	-0.0075	-0.0006	-0.0048	0.1268
159	-0.0051	-0.0026	-0.0040	-0.0063	0.1268	-0.0069	-0.0029	-0.0097	-0.0109	-0.0134	-0.0017	-0.0072	-0.0037	-0.0047	-0.0130	-0.0128	-0.0090	-0.0075	-0.0006	-0.0048	0.1268
253	-0.0054	-0.0021	0.1242	-0.0074	-0.0022	-0.0092	-0.0032	-0.0087	-0.0106	-0.0101	-0.0017	-0.0110	-0.0037	-0.0046	-0.0126	-0.0104	-0.0087	-0.0073	-0.0007	-0.0045	0.1242
451	-0.0054	-0.0021	0.1242	-0.0074	-0.0022	-0.0092	-0.0032	-0.0087	-0.0106	-0.0101	-0.0017	-0.0110	-0.0037	-0.0046	-0.0126	-0.0104	-0.0087	-0.0073	-0.0007	-0.0045	0.1242
30	-0.0054	-0.0021	0.1242	-0.0074	-0.0022	-0.0092	-0.0032	-0.0087	-0.0106	-0.0101	-0.0017	-0.0110	-0.0037	-0.0046	-0.0126	-0.0104	-0.0087	-0.0073	-0.0007	-0.0045	0.1242
379	-0.0054	-0.0021	0.1242	-0.0074	-0.0022	-0.0092	-0.0032	-0.0087	-0.0106	-0.0101	-0.0017	-0.0110	-0.0037	-0.0046	-0.0126	-0.0104	-0.0087	-0.0073	-0.0007	-0.0045	0.1242
432	-0.0054	-0.0021	0.1242	-0.0074	-0.0022	-0.0092	-0.0032	-0.0087	-0.0106	-0.0101	-0.0017	-0.0110	-0.0037	-0.0046	-0.0126	-0.0104	-0.0087	-0.0073	-0.0007	-0.0045	0.1242
291	-0.0054	-0.0021	0.1242	-0.0074	-0.0022	-0.0092	-0.0032	-0.0087	-0.0106	-0.0101	-0.0017	-0.0110	-0.0037	-0.0046	-0.0126	-0.0104	-0.0087	-0.0073	-0.0007	-0.0045	0.1242
500	-0.0054	-0.0021	0.1242	-0.0074	-0.0022	-0.0092	-0.0032	-0.0087	-0.0106	-0.0101	-0.0017	-0.0110	-0.0037	-0.0046	-0.0126	-0.0104	-0.0087	-0.0073	-0.0007	-0.0045	0.1242
454	-0.0054	-0.0021	0.1242	-0.0074	-0.0022	-0.0092	-0.0032	-0.0087	-0.0106	-0.0101	-0.0017	-0.0110	-0.0037	-0.0046	-0.0126	-0.0104	-0.0087	-0.0073	-0.0007	-0.0045	0.1242
33	-0.0054	-0.0021	0.1242	-0.0074	-0.0022	-0.0092	-0.0032	-0.0087	-0.0106	-0.0101	-0.0017	-0.0110	-0.0037	-0.0046	-0.0126	-0.0104	-0.0087	-0.0073	-0.0007	-0.0045	0.1242
17	-0.0054	-0.0021	0.1242	-0.0074	-0.0022	-0.0092	-0.0032	-0.0087	-0.0106	-0.0101	-0.0017	-0.0110	-0.0037	-0.0046	-0.0126	-0.0104	-0.0087	-0.0073	-0.0007	-0.0045	0.1242
113	-0.0054	-0.0021	0.1242	-0.0074	-0.0022	-0.0092	-0.0032	-0.0087	-0.0106	-0.0101	-0.0017	-0.0110	-0.0037	-0.0046	-0.0126	-0.0104	-0.0087	-0.0073	-0.0007	-0.0045	0.1242
516	-0.0054	-0.0021	0.1242	-0.0074	-0.0022	-0.0092	-0.0032	-0.0087	-0.0106	-0.0101	-0.0017	-0.0110	-0.0037	-0.0046	-0.0126	-0.0104	-0.0087	-0.0073	-0.0007	-0.0045	0.1242
428	-0.0054	-0.0021	0.1242	-0.0074	-0.0022	-0.0092	-0.0032	-0.0087	-0.0106	-0.0101	-0.0017	-0.0110	-0.0037	-0.0046	-0.0126	-0.0104	-0.0087	-0.0073	-0.0007	-0.0045	0.1242
427	-0.0054	-0.0021	0.1242	-0.0074	-0.0022	-0.0092	-0.0032	-0.0087	-0.0106	-0.0101	-0.0017	-0.0110	-0.0037	-0.0046	-0.0126	-0.0104	-0.0087	-0.0073	-0.0007	-0.0045	0.1242
361	-0.0054	-0.0021	0.1242	-0.0074	-0.0022	-0.0092	-0.0032	-0.0087	-0.0106	-0.0101	-0.0017	-0.0110	-0.0037	-0.0046	-0.0126	-0.0104	-0.0087	-0.0073	-0.0007	-0.0045	0.1242
276	-0.0030	-0.0004	-0.0018	-0.0041	0.0390	-0.0047	-0.0010	-0.0076	-0.0086	-0.0407	0.0005	-0.0049	0.0740	-0.0025	-0.0108	-0.0101	-0.0068	-0.0054	0.0015	-0.0027	0.1150
94	-0.0045	-0.0043	-0.0039	-0.0056	-0.0022	-0.0062	-0.0044	-0.0082	-0.0100	-0.0095	-0.0012	-0.0072	-0.0032	-0.0041	-0.0120	-0.0102	-0.0081	-0.0063	-0.0002	0.1113	0.1113
532	-0.0045	-0.0043	-0.0039	-0.0056	-0.0022	-0.0062	-0.0044	-0.0082	-0.0100	-0.0095	-0.0012	-0.0072	-0.0032	-0.0041	-0.0120	-0.0102	-0.0081	-0.0063	-0.0002	0.1113	0.1113
245	-0.0045	-0.0043	-0.0039	-0.0056	-0.0022	-0.0062	-0.0044	-0.0082	-0.0100	-0.0095	-0.0012	-0.0072	-0.0032	-0.0041	-0.0120	-0.0102	-0.0081	-0.0063	-0.0002	0.1113	0.1113
23	-0.0045	-0.0043	-0.0039	-0.0056	-0.0022	-0.0062	-0.0044	-0.0082	-0.0100	-0.0095	-0.0012	-0.0072	-0.0032	-0.0041	-0.0120	-0.0102	-0.0081	-0.0063	-0.0002	0.1113	0.1113
160	-0.0045	-0.0043	-0.0039	-0.0056	-0.0022	-0.0062	-0.0044	-0.0082	-0.0100	-0.0095	-0.0012	-0.0072	-0.0032	-0.0041	-0.0120	-0.0102	-0.0081	-0.0063	-0.0002	0.1113	0.1113
107	-0.0045	-0.0043	-0.0039	-0.0056	-0.0022	-0.0062	-0.0044	-0.0082	-0.0100	-0.0095	-0.0012	-0.0072	-0.0032	-0.0041	-0.0120	-0.0102	-0.0081	-0.0063	-0.0002	0.1113	0.1113
173	-0.0045	-0.0043	-0.0039	-0.0056	-0.0022	-0.0062	-0.0044	-0.0082	-0.0100	-0.0095	-0.0012	-0.0072	-0.0032	-0.0041	-0.0120	-0.0102	-0.0081	-0.0063	-0.0002	0.1113	0.1113
483	-0.0045	-0.0043	-0.0039	-0.0056	-0.0022	-0.0062	-0.0044	-0.0082	-0.0100	-0.0095	-0.0012	-0.0072	-0.0032	-0.0041	-0.0120	-0.0102	-0.0081	-0.0063	-0.0002	0.1113	0.1113
526	-0.0045	-0.0043	-0.0039	-0.0056	-0.0022	-0.0062	-0.0044	-0.0082	-0.0100	-0.0095	-0.0012	-0.0072	-0.0032	-0.0041	-0.0120	-0.0102	-0.0081	-0.0063	-0.0002	0.1113	0.1113
504	-0.0045	-0.0043	-0.0039	-0.0056	-0.0022	-0.0062	-0.0044	-0.0082	-0.0100	-0.0095	-0.0012	-0.0072	-0.0032	-0.0041	-0.0120	-0.0102	-0.0081	-0.0063	-0.0002	0.1113	0.1113
499	-0.0045	-0.0043	-0.0039	-0.0056	-0.0022	-0.0062	-0.0044	-0.0082	-0.0100	-0.0095	-0.0012	-0.0072	-0.0032	-0.0041	-0.0120	-0.0102	-0.0081	-0.0063	-0.0002	0.1113	0.1113
461	-0.0045	-0.0043	-0.0039	-0.0056	-0.0022	-0.0062	-0.0044	-0.0082	-0.0100	-0.0095	-0.0012	-0.0072	-0.0032	-0.0041	-0.0120	-0.0102	-0.0081	-0.0063	-0.0002	0.1113	0.1113
436	-0.0045	-0.0043	-0.0039	-0.0056	-0.0022	-0.0062	-0.0044	-0.0082	-0.0100	-0.0095	-0.0012	-0.0072	-0.0032	-0.0041	-0.0120	-0.0102	-0.0081	-0.0063	-0.0002	0.1113	0.1113
376	-0.0045	-0.0043	-0.0039	-0.0056	-0.0022	-0.0062	-0.0044	-0.0082	-0.0100	-0.0095	-0.0012	-0.0072	-0.0032	-0.0041	-0.0120	-0.0102	-0.0081	-0.0063	-0.0002	0.1113	0.1113
364	-0.0045	-0.0043	-0.0039	-0.0056	-0.0022	-0.0062	-0.0044	-0.0082	-0.0100	-0.0095	-0.0012	-0.0072	-0.0032	-0.0041	-0.0120	-0.0102	-0.0081	-0.0063	-0.0002	0.1113	0.1113
221	-0.0045	-0.0043	-0.0039	-0.0056	-0.0022	-0.0062	-0.0044	-0.0082	-0.0100	-0.0095	-0.0012	-0.0072	-0.0032	-0.0041	-0.0120	-0.0102	-0.0081	-0.0063	-0.0002	0.1113	0.1113
213	-0.0045	-0.0043	-0.0039	-0.0056	-0.0022	-0.0062	-0.0044	-0.0082	-0.0100	-0.0095	-0.0012	-0.0072	-0.0032	-0.0041	-0.0120	-0.0102	-0.0081	-0.0063	-0.0002	0.1113	0.1113
180	-0.0045	-0.0043	-0.0039	-0.0056	-0.0022	-0.0062	-0.0044	-0.0082	-0.0100	-0.0095	-0.0012	-0.0072	-0.0032	-0.0041	-0.0120	-0.0102	-0.0081	-0.0063	-0.0002	0.1113	0.1113
114	-0.0045	-0.0043	-0.0039	-0.0056	-0.0022	-0.0062	-0.0044	-0.0082	-0.0100	-0.0095	-0.0012	-0.0072	-0.0032	-0.0041	-0.0120	-0.0102	-0.0081	-0.0063	-0.0002	0.1113	0.1113
207	-0.0045	-0.0043	-0.0039	-0.0056	-0.0022	-0.0062	-0.0044	-0.0082	-0.0100	-0.0095	-0.0012	-0.0072	-0.0032	-0.0041	-0.0120	-0.0102	-0.0081	-0.0063	-0.0002	0.1113	0.1113
321	-0.0045	-0.0043	-0.0039	-0.0056	-0.0022	-0.0062	-0.0044	-0.0082	-0.0100	-0.0095	-0.0012	-0.0072	-0.0032	-0.0041	-0.0120	-0.0102	-0.0081	-0.0063	-0.0002	0.1113	0.1113
244	-0.0045	-0.0043	-0.0039	-0.0056	-0.0022	-0.0062	-0.0044	-0.0082	-0.0100	-0.0095	-0.0012	-0.0072	-0.0032	-0.0041	-0.0120	-0.0102	-0.0081	-0.0063	-0.0002	0.1113	0.1113
501	-0.0045	-0.0043	-0.0039	-0.0056	-0.0022	-0.0062	-0.0044	-0.0082	-0.0100	-0.0095	-0.0012	-0.0072	-0.0032	-0.0041	-0.0120	-0.0102	-0.0081	-0.0063	-0.0002	0.1113	0.1113
366	-0.0045	-0.0043	-0.0039	-0.0056	-0.0022	-0.0062	-0.0044	-0.0082	-0.0100	-0.0095	-0.0012	-0.0072	-0.0032	-0.0041	-0.0120	-0.0102	-0.0081	-0.0063	-0.0002	0.1113	0.1113
308	-0.0045	-0.0017	-0.0035	-0.0061	-0.0017	-0.0062	-0.0032	-0.0082	-0.0109	-0.0100	-0.0013	-0.0064	-0.0037	0.1108	-0.0155	-0.0098	-0.0081	-0.0063	-0.0002	-0.0036	0.1108
67	-0.0045	-0.0017	-0.0035	-0.0061	-0.0017	-0.0062	-0.0032	-0.0082	-0.0109	-0.0100	-0.0013	-0.0064	-0.0037	0.1108	-0.0155	-0.0098	-0.0081	-0.0063	-0.0002	-0.0036	0.1108
404	-0.0045	-0.0017	-0.0035	-0.0061	-0.0017	-0.0062	-0.0032	-0.0082	-0.0109	-0.0100	-0.0013	-0.0064	-0.0037	0.1108	-0.0155	-0.0098	-0.0081	-0.0063	-0.0002	-0.0036	0.1108
380	-0.0045	-0.0017	-0.0035	-0.0061	-0.0017	-0.0062	-0.0032	-0.0082	-0.0109	-0.0100	-0.0013	-0.0064	-0.0037	0.1108	-0.0155	-0.0098	-0.0081	-0.0063	-0.0002	-0.0036	0.1108
340	-0.0045	-0.0017	-0.0035	-0.0061	-0.0017	-0.0062	-0.0032	-0.0082	-0.0109	-0.0100	-0.0013	-0.0064	-0.0037	0.1108	-0.0155	-0.0098	-0.0081	-0.0063	-0.0002	-0.0036	0.1108
295	-0.0045	-0.0017	-0.0035	-0.0061	-0.0017	-0.0062	-0.0032	-0.0082	-0.0109	-0.0100	-0.0013	-0.0064	-0.0037	0.1108	-0.0155	-0.0098	-0.0081	-0.0063	-0.0002	-0.0036	0.1108
203	-0.0045	-0.0017	-0.0035	-0.0061	-0.0017	-0.0062	-0.0032	-0.0082	-0.0109	-0.0100	-0.0013	-0.0064	-0.0037	0.1108	-0.0155	-0.0098	-0.0081	-0.0063	-0.0002	-0.0036	0.1108
120	-0.0045	-0.0017	-0.0035	-0.0061	-0.0017	-0.0062	-0.0032	-0.0082	-0.0109	-0.0100	-0.0013	-0.0064	-0.0037	0.1108	-0.0155	-0.0098	-0.0081	-0.0063	-0.0002	-0.0036	0.1108
384	-0.0045	-0.0017	-0.0035	-0.0061	-0.0017	-0.0062	-0.0032	-0.0082	-0.0109	-0.0100	-0.0013	-0.0064	-0.0037	0.1108	-0.0155	-0.0098	-0.0081	-0.0063	-0.0002	-0.0036	0.1108
467	-0.0045	-0.0017	-0.0035	-0.0061	-0.0017	-0.0062	-0.0032	-0.0082	-0.0109	-0.0100	-0.0013	-0.0064	-0.0037	0.1108	-0.0155	-0.0098	-0.0081	-0.0063	-0.0002	-0.0036	0.1108
559	-0.0045	-0.0017	-0.0035	-0.0061	-0.0017	-0.0062	-0.0032	-0.0082	-0.0109	-0.0100	-0.0013	-0.0064	-0.0037	0.1108	-0.0155	-0.0098	-0.0081	-0.0063	-0.0002	-0.0036	0.1108
372	-0.0045	-0.0017	-0.0035	-0.0061	-0.0017	-0.0062	-0.0032	-0.0082	-0.0109	-0.0100	-0.0013	-0.0064	-0.0037	0.1108	-0.0155	-0.0098	-0.0081	-0.0063	-0.0002	-0.0036	0.1108
369	-0.0045	-0.0017	-0.0035	-0.0061	-0.0017	-0.0062	-0.0032	-0.0082	-0.0109	-0.0100	-0.0013	-0.0064	-0.0037	0.1108	-0.0155	-0.0098	-0.0081	-0.0063	-0.0002	-0.0036	0.1108
238	-0.0045	-0.0017	-0.0035	-0.0061	-0.0017	-0.0062	-0.0032	-0.0082	-0.0109	-0.0100	-0.0013	-0.0064	-0.0037	0.1108	-0.0155	-0.0098	-0.0081	-0.0063	-0.0002	-0.0036	0.1108
110	-0.0031	-0.0041	0.0375	-0.0044	-0.0008	-0.0053	0.0714	-0.0066	-0.0084	-0.0080	0.0003	-0.0071	-0.0017	-0.0026	-0.0106	-0.0088	-0.0066	-0.0049	0.0014	-0.0276	0.1106
141	-0.0039	-0.0011	-0.0044	-0.0070	-0.0012	-0.0055	-0.0021	-0.0080	-0.0177	-0.0087	-0.0008	0.1080	-0.0026	-0.0038	-0.0141	-0.0105	-0.0079	-0.0057	0.0003	-0.0033	0.1083
286	-0.0054	-0.0020	-0.0038	-0.0060	-0.0021	-0.0065	-0.0027	-0.0085	-0.0103	-0.0133	-0.0016	-0.0068	0.0990	-0.0047	-0.0125	0.0083	-0.0095	-0.0067	-0.0007	-0.0039	0.1072
115	-0.0045	-0.0014	-0.0040	0.1055	-0.0015	-0.0083	-0.0021	-0.0077	-0.0147	-0.0090	-0.0010	-0.0061	-0.0029	-0.0041	-0.0114	-0.0093	-0.0077	-0.0064	0.0000	-0.0033	0.1055
37	-0.0045	-0.0014	-0.0040	0.1055	-0.0015	-0.0083	-0.0021	-0.0077	-0.0147	-0.0090	-0.0010	-0.0061	-0.0029	-0.0041	-0.0114	-0.0093	-0.0077	-0.0064	0.0000	-0.0033	0.1055
371	-0.0045	-0.0014	-0.0040	0.1055	-0.0015	-0.0083	-0.0021	-0.0077	-0.0147	-0.0090	-0.0010	-0.0061	-0.0029	-0.0041	-0.0114	-0.0093	-0.0077	-0.0064	0.0000	-0.0033	0.1055
462	-0.0045	-0.0014	-0.0040	0.1055	-0.0015	-0.0083	-0.0021	-0.0077	-0.0147	-0.0090	-0.0010	-0.0061	-0.0029	-0.0041	-0.0114	-0.0093	-0.0077	-0.0064	0.0000	-0.0033	0.1055
399	-0.0045	-0.0014	-0.0040	0.1055	-0.0015	-0.0083	-0.0021	-0.0077	-0.0147	-0.0090	-0.0010	-0.0061	-0.0029	-0.0041	-0.0114	-0.0093	-0.0077	-0.0064	0.0000	-0.0033	0.1055
317	-0.0045	-0.0014	-0.0040	0.1055	-0.0015	-0.0083	-0.0021	-0.0077	-0.0147	-0.0090	-0.0010	-0.0061	-0.0029	-0.0041	-0.0114	-0.0093	-0.0077	-0.0064	0.0000	-0.0033	0.1055
258	-0.0045	-0.0014	-0.0040	0.1055	-0.0015	-0.0083	-0.0021	-0.0077	-0.0147	-0.0090	-0.0010	-0.0061	-0.0029	-0.0041	-0.0114	-0.0093	-0.0077	-0.0064	0.0000	-0.0033	0.1055
128	-0.0045	-0.0014	-0.0040	0.1055	-0.0015	-0.0083	-0.0021	-0.0077	-0.0147	-0.0090	-0.0010	-0.0061	-0.0029	-0.0041	-0.0114	-0.0093	-0.0077	-0.0064	0.0000	-0.0033	0.1055
84	-0.0045	-0.0014	-0.0040	0.1055	-0.0015	-0.0083	-0.0021	-0.0077	-0.0147	-0.0090	-0.0010	-0.0061	-0.0029	-0.0041	-0.0114	-0.0093	-0.0077	-0.0064	0.0000	-0.0033	0.1055
521	-0.0045	-0.0014	-0.0040	0.1055	-0.0015	-0.0083	-0.0021	-0.0077	-0.0147	-0.0090	-0.0010	-0.0061	-0.0029	-0.0041	-0.0114	-0.0093	-0.0077	-0.0064	0.0000	-0.0033	0.1055
507	-0.0045	-0.0014	-0.0040	0.1055	-0.0015	-0.0083	-0.0021	-0.0077	-0.0147	-0.0090	-0.0010	-0.0061	-0.0029	-0.0041	-0.0114	-0.0093	-0.0077	-0.0064	0.0000	-0.0033	0.1055
489	-0.0045	-0.0014	-0.0040	0.1055	-0.0015	-0.0083	-0.0021	-0.0077	-0.0147	-0.0090	-0.0010	-0.0061	-0.0029	-0.0041	-0.0114	-0.0093	-0.0077	-0.0064	0.0000	-0.0033	0.1055
474	-0.0045	-0.0014	-0.0040	0.1055	-0.0015	-0.0083	-0.0021	-0.0077	-0.0147	-0.0090	-0.0010	-0.0061	-0.0029	-0.0041	-0.0114	-0.0093	-0.0077	-0.0064	0.0000	-0.0033	0.1055
445	-0.0045	-0.0014	-0.0040	0.1055	-0.0015	-0.0083	-0.0021	-0.0077	-0.0147	-0.0090	-0.0010	-0.0061	-0.0029	-0.0041	-0.0114	-0.0093	-0.0077	-0.0064	0.0000	-0.0033	0.1055
420	-0.0045	-0.0014	-0.0040	0.1055	-0.0015	-0.0083	-0.0021	-0.0077	-0.0147	-0.0090	-0.0010	-0.0061	-0.0029	-0.0041	-0.0114	-0.0093	-0.0077	-0.0064	0.0000	-0.0033	0.1055
353	-0.0045	-0.0014	-0.0040	0.1055	-0.0015	-0.0083	-0.0021	-0.0077	-0.0147	-0.0090	-0.0010	-0.0061	-0.0029	-0.0041	-0.0114	-0.0093	-0.0077	-0.0064	0.0000	-0.0033	0.1055
250	-0.0045	-0.0014	-0.0040	0.1055	-0.0015	-0.0083	-0.0021	-0.0077	-0.0147	-0.0090	-0.0010	-0.0061	-0.0029	-0.0041	-0.0114	-0.0093	-0.0077	-0.0064	0.0000	-0.0033	0.1055
228	-0.0045	-0.0014	-0.0040	0.1055	-0.0015	-0.0083	-0.0021	-0.0077	-0.0147	-0.0090	-0.0010	-0.0061	-0.0029	-0.0041	-0.0114	-0.0093	-0.0077	-0.0064	0.0000	-0.0033	0.1055
187	-0.0045	-0.0014	-0.0040	0.1055	-0.0015	-0.0083	-0.0021	-0.0077	-0.0147	-0.0090	-0.0010	-0.0061	-0.0029	-0.0041	-0.0114	-0.0093	-0.0077	-0.0064	0.0000	-0.0033	0.1055
131	-0.0045	-0.0014	-0.0040	0.1055	-0.0015	-0.0083	-0.0021	-0.0077	-0.0147	-0.0090	-0.0010	-0.0061	-0.0029	-0.0041	-0.0114	-0.0093	-0.0077	-0.0064	0.0000	-0.0033	0.1055
492	-0.0045	-0.0014	-0.0040	0.1055	-0.0015	-0.0083	-0.0021	-0.0077	-0.0147	-0.0090	-0.0010	-0.0061	-0.0029	-0.0041	-0.0114	-0.0093	-0.0077	-0.0064	0.0000	-0.0033	0.1055
97	-0.0045	-0.0014	-0.0040	0.1055	-0.0015	-0.0083	-0.0021	-0.0077	-0.0147	-0.0090	-0.0010	-0.0061	-0.0029	-0.0041	-0.0114	-0.0093	-0.0077	-0.0064	0.0000	-0.0033	0.1055
119	-0.0045	-0.0014	-0.0040	0.1055	-0.0015	-0.0083	-0.0021	-0.0077	-0.0147	-0.0090	-0.0010	-0.0061	-0.0029	-0.0041	-0.0114	-0.0093	-0.0077	-0.0064	0.0000	-0.0033	0.1055
116	-0.0045	-0.0014	-0.0040	0.1055	-0.0015	-0.0083	-0.0021	-0.0077	-0.0147	-0.0090	-0.0010	-0.0061	-0.0029	-0.0041	-0.0114	-0.0093	-0.0077	-0.0064	0.0000	-0.0033	0.1055
439	-0.0045	-0.0014	-0.0040	0.1055	-0.0015	-0.0083	-0.0021	-0.0077	-0.0147	-0.0090	-0.0010	-0.0061	-0.0029	-0.0041	-0.0114	-0.0093	-0.0077	-0.0064	0.0000	-0.0033	0.1055
416	-0.0045	-0.0014	-0.0040	0.1055	-0.0015	-0.0083	-0.0021	-0.0077	-0.0147	-0.0090	-0.0010	-0.0061	-0.0029	-0.0041	-0.0114	-0.0093	-0.0077	-0.0064	0.0000	-0.0033	0.1055
411	-0.0045	-0.0014	-0.0040	0.1054	-0.0015	-0.0083	-0.0021	-0.0077	-0.0147	-0.0090	-0.0010	-0.0061	-0.0029	-0.0041	-0.0114	-0.0093	-0.0077	-0.0064	0.0000	-0.0033	0.1055
50	-0.0045	-0.0014	-0.0040	0.1054	-0.0015	-0.0083	-0.0021	-0.0077	-0.0147	-0.0090	-0.0010	-0.0061	-0.0029	-0.0041	-0.0114	-0.0093	-0.0077	-0.0064	0.0000	-0.0033	0.1055
481	-0.0045	-0.0014	-0.0040	0.1054	-0.0015	-0.0083	-0.0021	-0.0077	-0.0147	-0.0090	-0.0010	-0.0061	-0.0029	-0.0041	-0.0114	-0.0093	-0.0077	-0.0064	0.0000	-0.0033	0.1055
378	0.1044	-0.0013	-0.0031	-0.0060	-0.0014	-0.0062	-0.0020	-0.0077	-0.0095	-0.0090	-0.0009	-0.0060	-0.0032	-0.0037	-0.0114	-0.0098	-0.0119	-0.0083	0.0002	-0.0032	0.1046
547	0.1043	-0.0013	-0.0031	-0.0059	-0.0013	-0.0062	-0.0020	-0.0077	-0.0095	-0.0090	-0.0009	-0.0060	-0.0032	-0.0037	-0.0114	-0.0098	-0.0119	-0.0083	0.0002	-0.0032	0.1045
438	0.1043	-0.0013	-0.0031	-0.0059	-0.0013	-0.0062	-0.0020	-0.0077	-0.0095	-0.0090	-0.0009	-0.0060	-0.0032	-0.0037	-0.0114	-0.0098	-0.0119	-0.0083	0.0002	-0.0032	0.1045
271	0.1043	-0.0013	-0.0031	-0.0059	-0.0013	-0.0062	-0.0020	-0.0077	-0.0095	-0.0090	-0.0009	-0.0060	-0.0032	-0.0037	-0.0114	-0.0098	-0.0119	-0.0083	0.0002	-0.0032	0.1045
259	0.1043	-0.0013	-0.0031	-0.0059	-0.0013	-0.0062	-0.0020	-0.0077	-0.0095	-0.0090	-0.0009	-0.0060	-0.0032	-0.0037	-0.0114	-0.0098	-0.0119	-0.0083	0.0002	-0.0032	0.1045
16	0.1043	-0.0013	-0.0031	-0.0059	-0.0013	-0.0062	-0.0020	-0.0077	-0.0095	-0.0090	-0.0009	-0.0060	-0.0032	-0.0037	-0.0114	-0.0098	-0.0119	-0.0083	0.0002	-0.0032	0.1045
530	0.1043	-0.0013	-0.0031	-0.0059	-0.0013	-0.0062	-0.0020	-0.0077	-0.0095	-0.0090	-0.0009	-0.0060	-0.0032	-0.0037	-0.0114	-0.0098	-0.0119	-0.0083	0.0002	-0.0032	0.1045
265	0.1043	-0.0013	-0.0031	-0.0059	-0.0013	-0.0062	-0.0020	-0.0077	-0.0095	-0.0090	-0.0009	-0.0060	-0.0032	-0.0037	-0.0114	-0.0098	-0.0119	-0.0083	0.0002	-0.0032	0.1045
25	0.1043	-0.0012	-0.0032	-0.0058	-0.0014	-0.0062	-0.0020	-0.0077	-0.0095	-0.0090	-0.0009	-0.0060	-0.0032	-0.0037	-0.0114	-0.0098	-0.0120	-0.0083	0.0002	-0.0032	0.1044
472	0.1043	-0.0012	-0.0036	-0.0054	-0.0014	-0.0062	-0.0020	-0.0077	-0.0095	-0.0090	-0.0009	-0.0060	-0.0032	-0.0037	-0.0114	-0.0098	-0.0120	-0.0083	0.0002	-0.0032	0.1044
407	0.1043	-0.0012	-0.0038	-0.0052	-0.0014	-0.0062	-0.0020	-0.0077	-0.0095	-0.0090	-0.0009	-0.0060	-0.0032	-0.0037	-0.0114	-0.0098	-0.0120	-0.0083	0.0002	-0.0032	0.1044
64	0.1043	-0.0012	-0.0038	-0.0052	-0.0014	-0.0062	-0.0020	-0.0077	-0.0095	-0.0090	-0.0009	-0.0060	-0.0032	-0.0037	-0.0114	-0.0098	-0.0120	-0.0083	0.0002	-0.0032	0.1044
300	0.1043	-0.0012	-0.0038	-0.0052	-0.0014	-0.0062	-0.0020	-0.0077	-0.0095	-0.0090	-0.0009	-0.0060	-0.0032	-0.0037	-0.0114	-0.0098	-0.0120	-0.0083	0.0002	-0.0032	0.1044
347	0.1043	-0.0012	-0.0038	-0.0052	-0.0014	-0.0062	-0.0020	-0.0077	-0.0095	-0.0090	-0.0009	-0.0060	-0.0032	-0.0037	-0.0114	-0.0098	-0.0120	-0.0083	0.0002	-0.0032	0.1044
377	0.1043	-0.0012	-0.0038	-0.0052	-0.0014	-0.0062	-0.0020	-0.0077	-0.0095	-0.0090	-0.0009	-0.0060	-0.0032	-0.0037	-0.0114	-0.0098	-0.0120	-0.0083	0.0002	-0.0032	0.1044
269	0.1043	-0.0012	-0.0038	-0.0052	-0.0014	-0.0062	-0.0020	-0.0077	-0.0095	-0.0090	-0.0009	-0.0060	-0.0032	-0.0037	-0.0114	-0.0098	-0.0120	-0.0083	0.0002	-0.0032	0.1044
212	0.1043	-0.0012	-0.0038	-0.0052	-0.0014	-0.0062	-0.0020	-0.0077	-0.0095	-0.0090	-0.0009	-0.0060	-0.0032	-0.0037	-0.0114	-0.0098	-0.0120	-0.0083	0.0002	-0.0032	0.1044
13	0.1043	-0.0012	-0.0038	-0.0052	-0.0014	-0.0062	-0.0020	-0.0077	-0.0095	-0.0090	-0.0009	-0.0060	-0.0032	-0.0037	-0.0114	-0.0098	-0.0120	-0.0083	0.0002	-0.0032	0.1044
74	0.1043	-0.0012	-0.0038	-0.0052	-0.0014	-0.0062	-0.0020	-0.0077	-0.0095	-0.0090	-0.0009	-0.0060	-0.0032	-0.0037	-0.0114	-0.0098	-0.0120	-0.0083	0.0002	-0.0032	0.1044
536	0.1043	-0.0012	-0.0038	-0.0052	-0.0014	-0.0062	-0.0020	-0.0077	-0.0095	-0.0090	-0.0009	-0.0060	-0.0032	-0.0037	-0.0114	-0.0098	-0.0120	-0.0083	0.0002	-0.0032	0.1044
386	0.1043	-0.0012	-0.0038	-0.0052	-0.0014	-0.0062	-0.0020	-0.0077	-0.0095	-0.0090	-0.0009	-0.0060	-0.0032	-0.0037	-0.0114	-0.0098	-0.0120	-0.0083	0.0002	-0.0032	0.1044
349	0.1043	-0.0012	-0.0038	-0.0052	-0.0014	-0.0062	-0.0020	-0.0077	-0.0095	-0.0090	-0.0009	-0.0060	-0.0032	-0.0037	-0.0114	-0.0098	-0.0120	-0.0083	0.0002	-0.0032	0.1044
22	-0.0044	-0.0018	-0.0073	-0.0051	-0.0014	0.1032	-0.0020	-0.0076	-0.0093	-0.0088	-0.0009	-0.0059	-0.0028	-0.0037	-0.0117	-0.0136	-0.0075	-0.0063	0.0001	-0.0031	0.1032
365	-0.0044	-0.0018	-0.0073	-0.0051	-0.0014	0.1032	-0.0020	-0.0076	-0.0093	-0.0088	-0.0009	-0.0059	-0.0028	-0.0037	-0.0117	-0.0136	-0.0075	-0.0063	0.0001	-0.0031	0.1032
350	-0.0044	-0.0018	-0.0073	-0.0051	-0.0014	0.1032	-0.0020	-0.0076	-0.0093	-0.0088	-0.0009	-0.0059	-0.0028	-0.0037	-0.0117	-0.0136	-0.0075	-0.0063	0.0001	-0.0031	0.1032
343	-0.0044	-0.0018	-0.0073	-0.0051	-0.0014	0.1032	-0.0020	-0.0076	-0.0093	-0.0088	-0.0009	-0.0059	-0.0028	-0.0037	-0.0117	-0.0136	-0.0075	-0.0063	0.0001	-0.0031	0.1032
171	-0.0044	-0.0018	-0.0073	-0.0051	-0.0014	0.1032	-0.0020	-0.0076	-0.0093	-0.0088	-0.0009	-0.0059	-0.0028	-0.0037	-0.0117	-0.0136	-0.0075	-0.0063	0.0001	-0.0031	0.1032
409	-0.0044	-0.0018	-0.0073	-0.0051	-0.0014	0.1032	-0.0020	-0.0076	-0.0093	-0.0088	-0.0009	-0.0059	-0.0028	-0.0037	-0.0117	-0.0136	-0.0075	-0.0063	0.0001	-0.0031	0.1032
275	-0.0044	-0.0018	-0.0073	-0.0052	-0.0014	0.1032	-0.0020	-0.0076	-0.0093	-0.0088	-0.0009	-0.0059	-0.0028	-0.0037	-0.0117	-0.0136	-0.0075	-0.0063	0.0001	-0.0031	0.1032
193	-0.0044	-0.0018	-0.0072	-0.0052	-0.0014	0.1032	-0.0020	-0.0076	-0.0093	-0.0088	-0.0009	-0.0059	-0.0028	-0.0037	-0.0118	-0.0135	-0.0075	-0.0063	0.0001	-0.0031	0.1032
375	-0.0044	-0.0018	-0.0071	-0.0054	-0.0014	0.1032	-0.0020	-0.0076	-0.0093	-0.0088	-0.0009	-0.0059	-0.0028	-0.0037	-0.0120	-0.0133	-0.0075	-0.0063	0.0001	-0.0031	0.1032
69	-0.0044	-0.0016	-0.0053	-0.0069	-0.0014	0.1031	-0.0020	-0.0076	-0.0093	-0.0088	-0.0009	-0.0059	-0.0028	-0.0036	-0.0141	-0.0115	-0.0075	-0.0063	-0.0001	-0.0031	0.1031
239	-0.0397	0.0005	-0.0020	0.0345	0.0004	-0.0063	-0.0002	-0.0057	-0.0121	-0.0072	0.0009	-0.0041	0.0358	-0.0022	-0.0093	0.0290	-0.0074	-0.0053	0.0019	-0.0013	0.1029
397	-0.0066	-0.0011	-0.0032	-0.0055	-0.0014	-0.0060	-0.0017	0.1024	-0.0089	-0.0093	-0.0009	-0.0055	-0.0025	-0.0033	-0.0107	-0.0086	-0.0072	-0.0175	0.0003	-0.0028	0.1027
389	-0.0043	-0.0012	-0.0029	-0.0092	-0.0013	0.1026	-0.0019	-0.0075	-0.0092	-0.0088	-0.0008	-0.0058	-0.0027	-0.0035	-0.0176	-0.0091	-0.0074	-0.0062	-0.0003	-0.0030	0.1026
556	-0.0043	-0.0012	-0.0029	-0.0092	-0.0013	0.1026	-0.0019	-0.0075	-0.0092	-0.0088	-0.0008	-0.0058	-0.0027	-0.0035	-0.0176	-0.0091	-0.0074	-0.0062	-0.0003	-0.0030	0.1026
546	-0.0043	-0.0012	-0.0029	-0.0092	-0.0013	0.1026	-0.0019	-0.0075	-0.0092	-0.0088	-0.0008	-0.0058	-0.0027	-0.0035	-0.0176	-0.0091	-0.0074	-0.0062	-0.0003	-0.0030	0.1026
478	-0.0043	-0.0012	-0.0029	-0.0092	-0.0013	0.1026	-0.0019	-0.0075	-0.0092	-0.0088	-0.0008	-0.0058	-0.0027	-0.0035	-0.0176	-0.0091	-0.0074	-0.0062	-0.0003	-0.0030	0.1026
354	-0.0043	-0.0012	-0.0029	-0.0092	-0.0013	0.1026	-0.0019	-0.0075	-0.0092	-0.0088	-0.0008	-0.0058	-0.0027	-0.0035	-0.0176	-0.0091	-0.0074	-0.0062	-0.0002	-0.0030	0.1026
362	-0.0043	-0.0013	-0.0035	-0.0086	-0.0013	0.1023	-0.0019	-0.0075	-0.0092	-0.0088	-0.0008	-0.0058	-0.0027	-0.0036	-0.0167	-0.0097	-0.0075	-0.0062	0.0001	-0.0031	0.1025
109	-0.0043	-0.0012	-0.0029	-0.0092	-0.0013	0.1024	-0.0019	-0.0075	-0.0092	-0.0087	-0.0008	-0.0058	-0.0027	-0.0035	-0.0176	-0.0090	-0.0074	-0.0062	-0.0001	-0.0030	0.1024
355	-0.0043	-0.0012	-0.0029	-0.0092	-0.0013	0.1023	-0.0019	-0.0075	-0.0092	-0.0088	-0.0008	-0.0058	-0.0027	-0.0035	-0.0176	-0.0090	-0.0074	-0.0062	-0.0000	-0.0030	0.1023
240	-0.0043	-0.0012	-0.0029	-0.0092	-0.0013	0.1023	-0.0019	-0.0075	-0.0092	-0.0087	-0.0008	-0.0058	-0.0027	-0.0035	-0.0176	-0.0090	-0.0074	-0.0062	-0.0000	-0.0030	0.1023
277	-0.0043	-0.0012	-0.0029	-0.0092	-0.0013	0.1023	-0.0019	-0.0075	-0.0092	-0.0087	-0.0008	-0.0058	-0.0027	-0.0035	-0.0176	-0.0090	-0.0074	-0.0062	-0.0000	-0.0030	0.1023
55	-0.0043	-0.0012	-0.0029	-0.0092	-0.0013	0.1022	-0.0019	-0.0075	-0.0092	-0.0087	-0.0008	-0.0058	-0.0027	-0.0035	-0.0176	-0.0090	-0.0074	-0.0062	0.0001	-0.0030	0.1023
524	-0.0043	-0.0012	-0.0029	-0.0092	-0.0013	0.1021	-0.0019	-0.0075	-0.0092	-0.0087	-0.0008	-0.0058	-0.0027	-0.0035	-0.0176	-0.0091	-0.0074	-0.0062	0.0001	-0.0030	0.1023
429	-0.0043	-0.0012	-0.0029	-0.0092	-0.0013	0.1021	-0.0019	-0.0075	-0.0092	-0.0087	-0.0008	-0.0058	-0.0027	-0.0035	-0.0176	-0.0090	-0.0074	-0.0062	0.0001	-0.0030	0.1023
476	-0.0043	-0.0012	-0.0029	-0.0092	-0.0013	0.1021	-0.0019	-0.0075	-0.0092	-0.0087	-0.0008	-0.0058	-0.0027	-0.0035	-0.0176	-0.0090	-0.0074	-0.0062	0.0001	-0.0030	0.1023
104	-0.0043	-0.0012	-0.0029	-0.0092	-0.0013	0.1021	-0.0019	-0.0075	-0.0092	-0.0087	-0.0008	-0.0058	-0.0027	-0.0035	-0.0176	-0.0090	-0.0074	-0.0062	0.0002	-0.0030	0.1022
358	-0.0043	-0.0012	-0.0029	-0.0092	-0.0013	0.1021	-0.0019	-0.0075	-0.0092	-0.0088	-0.0008	-0.0058	-0.0027	-0.0035	-0.0176	-0.0090	-0.0074	-0.0062	0.0002	-0.0030	0.1022
75	-0.0043	-0.0012	-0.0029	-0.0092	-0.0013	0.1020	-0.0019	-0.0075	-0.0092	-0.0088	-0.0008	-0.0058	-0.0027	-0.0035	-0.0176	-0.0090	-0.0074	-0.0062	0.0002	-0.0030	0.1022
261	-0.0043	-0.0012	-0.0029	-0.0092	-0.0013	0.1020	-0.0019	-0.0075	-0.0092	-0.0087	-0.0008	-0.0058	-0.0027	-0.0035	-0.0176	-0.0090	-0.0074	-0.0062	0.0002	-0.0030	0.1022
346	-0.0043	-0.0012	-0.0029	-0.0092	-0.0013	0.1020	-0.0019	-0.0075	-0.0092	-0.0087	-0.0008	-0.0058	-0.0027	-0.0035	-0.0176	-0.0090	-0.0074	-0.0062	0.0002	-0.0030	0.1022
497	-0.0043	-0.0012	-0.0029	-0.0092	-0.0013	0.1020	-0.0019	-0.0075	-0.0092	-0.0087	-0.0008	-0.0058	-0.0027	-0.0035	-0.0176	-0.0090	-0.0074	-0.0062	0.0002	-0.0030	0.1022
279	-0.0043	-0.0012	-0.0029	-0.0092	-0.0012	0.1020	-0.0019	-0.0075	-0.0092	-0.0088	-0.0008	-0.0058	-0.0027	-0.0035	-0.0176	-0.0090	-0.0074	-0.0062	0.0002	-0.0030	0.1022
79	-0.0043	-0.0012	-0.0029	-0.0092	-0.0012	0.1020	-0.0019	-0.0075	-0.0092	-0.0088	-0.0008	-0.0058	-0.0027	-0.0035	-0.0176	-0.0090	-0.0074	-0.0062	0.0002	-0.0030	0.1022
62	-0.0043	-0.0012	-0.0029	-0.0092	-0.0012	0.1020	-0.0019	-0.0075	-0.0092	-0.0088	-0.0008	-0.0058	-0.0027	-0.0035	-0.0176	-0.0090	-0.0074	-0.0062	0.0002	-0.0030	0.1022
517	-0.0043	-0.0012	-0.0029	-0.0092	-0.0012	0.1020	-0.0019	-0.0075	-0.0092	-0.0088	-0.0008	-0.0058	-0.0027	-0.0035	-0.0176	-0.0090	-0.0074	-0.0062	0.0002	-0.0030	0.1022
373	-0.0043	-0.0012	-0.0029	-0.0092	-0.0012	0.1020	-0.0019	-0.0075	-0.0092	-0.0088	-0.0008	-0.0058	-0.0027	-0.0035	-0.0176	-0.0090	-0.0074	-0.0062	0.0002	-0.0030	0.1022
332	-0.0043	-0.0012	-0.0029	-0.0092	-0.0012	0.1020	-0.0019	-0.0075	-0.0092	-0.0088	-0.0008	-0.0058	-0.0027	-0.0035	-0.0176	-0.0090	-0.0074	-0.0062	0.0002	-0.0030	0.1022
316	-0.0043	-0.0012	-0.0029	-0.0092	-0.0012	0.1020	-0.0019	-0.0075	-0.0092	-0.0088	-0.0008	-0.0058	-0.0027	-0.0035	-0.0176	-0.0090	-0.0074	-0.0062	0.0002	-0.0030	0.1022
299	-0.0043	-0.0012	-0.0029	-0.0092	-0.0012	0.1020	-0.0019	-0.0075	-0.0092	-0.0088	-0.0008	-0.0058	-0.0027	-0.0035	-0.0176	-0.0090	-0.0074	-0.0062	0.0002	-0.0030	0.1022
146	-0.0043	-0.0012	-0.0029	-0.0092	-0.0012	0.1020	-0.0019	-0.0075	-0.0092	-0.0088	-0.0008	-0.0058	-0.0027	-0.0035	-0.0176	-0.0090	-0.0074	-0.0062	0.0002	-0.0030	0.1022
161	-0.0041	-0.0015	-0.0032	-0.0060	-0.0016	-0.0091	-0.0022	-0.0082	0.1009	-0.0087	-0.0012	-0.0061	-0.0029	-0.0039	-0.0148	-0.0101	-0.0080	-0.0058	-0.0002	-0.0033	0.1009
183	-0.0031	-0.0004	0.0686	-0.0044	-0.0004	-0.0048	-0.0018	-0.0075	0.0312	-0.0080	0.0000	-0.0265	-0.0019	-0.0027	-0.0105	-0.0135	-0.0073	-0.0049	0.0010	-0.0031	0.1008
511	-0.0040	-0.0013	-0.0056	-0.0051	-0.0013	-0.0056	-0.0023	-0.0080	-0.0107	-0.0088	-0.0009	0.0997	-0.0028	-0.0036	-0.0111	-0.0118	-0.0078	-0.0057	0.0001	-0.0036	0.0999
47	-0.0040	-0.0013	-0.0056	-0.0051	-0.0013	-0.0056	-0.0023	-0.0080	-0.0107	-0.0088	-0.0009	0.0997	-0.0028	-0.0036	-0.0111	-0.0118	-0.0078	-0.0057	0.0001	-0.0036	0.0999
413	-0.0040	-0.0013	-0.0056	-0.0051	-0.0013	-0.0056	-0.0023	-0.0080	-0.0107	-0.0088	-0.0009	0.0997	-0.0028	-0.0036	-0.0111	-0.0118	-0.0078	-0.0057	0.0001	-0.0036	0.0999
402	-0.0040	-0.0013	-0.0056	-0.0051	-0.0013	-0.0056	-0.0023	-0.0080	-0.0107	-0.0088	-0.0009	0.0997	-0.0028	-0.0036	-0.0111	-0.0118	-0.0078	-0.0057	0.0001	-0.0036	0.0999
335	-0.0040	-0.0013	-0.0056	-0.0051	-0.0013	-0.0056	-0.0023	-0.0080	-0.0107	-0.0088	-0.0009	0.0997	-0.0028	-0.0036	-0.0111	-0.0118	-0.0078	-0.0057	0.0001	-0.0036	0.0999
302	-0.0040	-0.0013	-0.0056	-0.0051	-0.0013	-0.0056	-0.0023	-0.0080	-0.0107	-0.0088	-0.0009	0.0997	-0.0028	-0.0036	-0.0111	-0.0118	-0.0078	-0.0057	0.0001	-0.0036	0.0999
26	-0.0040	-0.0013	-0.0056	-0.0051	-0.0013	-0.0056	-0.0023	-0.0080	-0.0107	-0.0088	-0.0009	0.0997	-0.0028	-0.0036	-0.0111	-0.0118	-0.0078	-0.0057	0.0001	-0.0036	0.0999
199	-0.0040	-0.0013	-0.0056	-0.0051	-0.0013	-0.0056	-0.0023	-0.0080	-0.0107	-0.0088	-0.0009	0.0997	-0.0028	-0.0036	-0.0111	-0.0118	-0.0078	-0.0057	0.0001	-0.0036	0.0999
182	-0.0040	-0.0013	-0.0056	-0.0051	-0.0013	-0.0056	-0.0023	-0.0080	-0.0107	-0.0088	-0.0009	0.0997	-0.0028	-0.0036	-0.0111	-0.0118	-0.0078	-0.0057	0.0001	-0.0036	0.0999
555	-0.0040	-0.0013	-0.0056	-0.0051	-0.0013	-0.0056	-0.0023	-0.0080	-0.0107	-0.0088	-0.0009	0.0997	-0.0028	-0.0036	-0.0111	-0.0118	-0.0078	-0.0057	0.0001	-0.0036	0.0999
496	-0.0040	-0.0013	-0.0056	-0.0051	-0.0013	-0.0056	-0.0023	-0.0080	-0.0107	-0.0088	-0.0009	0.0997	-0.0028	-0.0036	-0.0111	-0.0118	-0.0078	-0.0057	0.0001	-0.0036	0.0999
471	-0.0040	-0.0013	-0.0056	-0.0051	-0.0013	-0.0056	-0.0023	-0.0080	-0.0107	-0.0088	-0.0009	0.0997	-0.0028	-0.0036	-0.0111	-0.0118	-0.0078	-0.0057	0.0001	-0.0036	0.0999
446	-0.0040	-0.0013	-0.0056	-0.0051	-0.0013	-0.0056	-0.0023	-0.0080	-0.0107	-0.0088	-0.0009	0.0997	-0.0028	-0.0036	-0.0111	-0.0118	-0.0078	-0.0057	0.0001	-0.0036	0.0999
211	-0.0040	-0.0013	-0.0056	-0.0051	-0.0013	-0.0056	-0.0023	-0.0080	-0.0107	-0.0088	-0.0009	0.0997	-0.0028	-0.0036	-0.0111	-0.0118	-0.0078	-0.0057	0.0001	-0.0036	0.0999
162	-0.0040	-0.0013	-0.0056	-0.0051	-0.0013	-0.0056	-0.0023	-0.0080	-0.0107	-0.0088	-0.0009	0.0997	-0.0028	-0.0036	-0.0111	-0.0118	-0.0078	-0.0057	0.0001	-0.0036	0.0999
103	-0.0040	-0.0013	-0.0056	-0.0051	-0.0013	-0.0056	-0.0023	-0.0080	-0.0107	-0.0088	-0.0009	0.0997	-0.0028	-0.0036	-0.0111	-0.0118	-0.0078	-0.0057	0.0001	-0.0036	0.0999
470	-0.0040	-0.0013	-0.0056	-0.0051	-0.0013	-0.0056	-0.0023	-0.0080	-0.0107	-0.0088	-0.0009	0.0997	-0.0028	-0.0036	-0.0111	-0.0118	-0.0078	-0.0057	0.0001	-0.0036	0.0999
456	-0.0040	-0.0013	-0.0056	-0.0051	-0.0013	-0.0056	-0.0023	-0.0080	-0.0107	-0.0088	-0.0009	0.0997	-0.0028	-0.0036	-0.0111	-0.0118	-0.0078	-0.0057	0.0001	-0.0036	0.0999
437	-0.0040	-0.0013	-0.0056	-0.0051	-0.0013	-0.0056	-0.0023	-0.0080	-0.0107	-0.0088	-0.0009	0.0997	-0.0028	-0.0036	-0.0111	-0.0118	-0.0078	-0.0057	0.0001	-0.0036	0.0999
423	-0.0040	-0.0013	-0.0056	-0.0051	-0.0013	-0.0056	-0.0023	-0.0080	-0.0107	-0.0088	-0.0009	0.0997	-0.0028	-0.0036	-0.0111	-0.0118	-0.0078	-0.0057	0.0001	-0.0036	0.0999
262	-0.0040	-0.0013	-0.0056	-0.0051	-0.0013	-0.0056	-0.0023	-0.0080	-0.0107	-0.0088	-0.0009	0.0997	-0.0028	-0.0036	-0.0111	-0.0118	-0.0078	-0.0057	0.0001	-0.0036	0.0999
370	-0.0040	-0.0013	-0.0056	-0.0051	-0.0013	-0.0056	-0.0023	-0.0080	-0.0107	-0.0088	-0.0009	0.0997	-0.0028	-0.0036	-0.0111	-0.0118	-0.0078	-0.0057	0.0001	-0.0036	0.0999
27	-0.0040	-0.0013	-0.0056	-0.0051	-0.0013	-0.0056	-0.0023	-0.0080	-0.0107	-0.0088	-0.0009	0.0997	-0.0028	-0.0036	-0.0111	-0.0118	-0.0078	-0.0057	0.0001	-0.0036	0.0999
395	-0.0040	-0.0013	-0.0056	-0.0051	-0.0013	-0.0056	-0.0023	-0.0080	-0.0107	-0.0088	-0.0009	0.0997	-0.0028	-0.0036	-0.0111	-0.0118	-0.0078	-0.0057	0.0001	-0.0036	0.0999
284	-0.0040	-0.0013	-0.0056	-0.0051	-0.0013	-0.0056	-0.0023	-0.0080	-0.0107	-0.0088	-0.0009	0.0997	-0.0028	-0.0036	-0.0111	-0.0118	-0.0078	-0.0057	0.0001	-0.0036	0.0999
80	-0.0040	-0.0013	-0.0056	-0.0051	-0.0013	-0.0056	-0.0023	-0.0080	-0.0107	-0.0088	-0.0009	0.0997	-0.0028	-0.0036	-0.0111	-0.0118	-0.0078	-0.0057	0.0001	-0.0036	0.0999
392	-0.0040	-0.0013	-0.0056	-0.0051	-0.0013	-0.0056	-0.0023	-0.0080	-0.0107	-0.0088	-0.0009	0.0997	-0.0028	-0.0036	-0.0111	-0.0118	-0.0078	-0.0057	0.0001	-0.0036	0.0999
309	-0.0040	-0.0013	-0.0056	-0.0051	-0.0013	-0.0056	-0.0023	-0.0080	-0.0107	-0.0088	-0.0009	0.0997	-0.0028	-0.0036	-0.0111	-0.0118	-0.0078	-0.0057	0.0001	-0.0036	0.0999
54	-0.0040	-0.0013	-0.0056	-0.0051	-0.0013	-0.0056	-0.0023	-0.0080	-0.0107	-0.0088	-0.0009	0.0997	-0.0028	-0.0036	-0.0111	-0.0118	-0.0078	-0.0057	0.0001	-0.0036	0.0999
459	-0.0040	-0.0013	-0.0056	-0.0051	-0.0013	-0.0056	-0.0023	-0.0080	-0.0107	-0.0088	-0.0009	0.0997	-0.0028	-0.0036	-0.0111	-0.0118	-0.0078	-0.0057	0.0001	-0.0036	0.0999
39	-0.0040	-0.0013	-0.0056	-0.0051	-0.0013	-0.0056	-0.0023	-0.0080	-0.0107	-0.0088	-0.0009	0.0997	-0.0028	-0.0036	-0.0111	-0.0118	-0.0078	-0.0057	0.0001	-0.0036	0.0999
200	-0.0040	-0.0011	-0.0029	-0.0051	-0.0011	-0.0057	-0.0018	0.0124	-0.0109	-0.0102	0.0869	-0.0060	-0.0027	-0.0036	-0.0125	-0.0094	-0.0106	-0.0092	0.0004	-0.0030	0.0998
458	-0.0041	-0.0015	-0.0032	-0.0078	-0.0016	-0.0056	-0.0022	-0.0074	0.0980	-0.0086	-0.0016	-0.0067	-0.0029	-0.0041	-0.0145	-0.0089	-0.0078	-0.0058	-0.0002	-0.0033	0.0980
393	-0.0041	-0.0015	-0.0032	-0.0078	-0.0016	-0.0056	-0.0022	-0.0074	0.0980	-0.0086	-0.0016	-0.0067	-0.0029	-0.0041	-0.0145	-0.0089	-0.0078	-0.0058	-0.0002	-0.0033	0.0980
38	-0.0041	-0.0015	-0.0032	-0.0078	-0.0016	-0.0056	-0.0022	-0.0074	0.0980	-0.0086	-0.0016	-0.0067	-0.0029	-0.0041	-0.0145	-0.0089	-0.0078	-0.0058	-0.0002	-0.0033	0.0980
293	-0.0041	-0.0015	-0.0032	-0.0078	-0.0016	-0.0056	-0.0022	-0.0074	0.0980	-0.0086	-0.0016	-0.0067	-0.0029	-0.0041	-0.0145	-0.0089	-0.0078	-0.0058	-0.0002	-0.0033	0.0980
485	-0.0041	-0.0015	-0.0032	-0.0078	-0.0016	-0.0056	-0.0022	-0.0074	0.0980	-0.0086	-0.0016	-0.0067	-0.0029	-0.0041	-0.0145	-0.0089	-0.0078	-0.0058	-0.0002	-0.0033	0.0980
509	-0.0041	-0.0015	-0.0032	-0.0078	-0.0016	-0.0056	-0.0022	-0.0074	0.0979	-0.0086	-0.0016	-0.0067	-0.0029	-0.0041	-0.0145	-0.0089	-0.0078	-0.0058	-0.0002	-0.0033	0.0979
320	-0.0041	-0.0015	-0.0032	-0.0078	-0.0016	-0.0056	-0.0022	-0.0076	0.0979	-0.0086	-0.0015	-0.0067	-0.0029	-0.0041	-0.0145	-0.0089	-0.0078	-0.0058	-0.0002	-0.0033	0.0979
135	-0.0041	-0.0015	-0.0032	-0.0078	-0.0016	-0.0056	-0.0022	-0.0076	0.0979	-0.0086	-0.0014	-0.0067	-0.0029	-0.0041	-0.0145	-0.0089	-0.0078	-0.0058	-0.0002	-0.0033	0.0979
473	-0.0041	-0.0015	-0.0032	-0.0078	-0.0016	-0.0056	-0.0022	-0.0078	0.0979	-0.0086	-0.0013	-0.0067	-0.0029	-0.0041	-0.0145	-0.0089	-0.0078	-0.0058	-0.0002	-0.0033	0.0979
424	-0.0041	-0.0015	-0.0032	-0.0078	-0.0016	-0.0056	-0.0022	-0.0078	0.0979	-0.0086	-0.0012	-0.0067	-0.0029	-0.0041	-0.0145	-0.0089	-0.0078	-0.0058	-0.0002	-0.0033	0.0979
234	-0.0041	-0.0015	-0.0032	-0.0078	-0.0016	-0.0056	-0.0022	-0.0079	0.0979	-0.0086	-0.0012	-0.0067	-0.0029	-0.0041	-0.0145	-0.0089	-0.0078	-0.0058	-0.0002	-0.0033	0.0979
56	-0.0041	-0.0015	-0.0032	-0.0078	-0.0016	-0.0056	-0.0022	-0.0079	0.0979	-0.0086	-0.0012	-0.0067	-0.0029	-0.0041	-0.0145	-0.0089	-0.0078	-0.0058	-0.0002	-0.0033	0.0979
414	-0.0041	-0.0015	-0.0032	-0.0078	-0.0016	-0.0056	-0.0022	-0.0079	0.0979	-0.0086	-0.0012	-0.0067	-0.0029	-0.0041	-0.0145	-0.0089	-0.0078	-0.0058	-0.0002	-0.0033	0.0979
410	-0.0041	-0.0015	-0.0032	-0.0078	-0.0016	-0.0056	-0.0022	-0.0079	0.0979	-0.0086	-0.0012	-0.0067	-0.0029	-0.0041	-0.0145	-0.0089	-0.0078	-0.0058	-0.0002	-0.0033	0.0979
400	-0.0041	-0.0015	-0.0032	-0.0078	-0.0016	-0.0056	-0.0022	-0.0079	0.0979	-0.0086	-0.0012	-0.0067	-0.0029	-0.0041	-0.0145	-0.0089	-0.0078	-0.0058	-0.0002	-0.0033	0.0979
381	-0.0041	-0.0015	-0.0032	-0.0078	-0.0016	-0.0056	-0.0022	-0.0079	0.0979	-0.0086	-0.0012	-0.0067	-0.0029	-0.0041	-0.0145	-0.0089	-0.0078	-0.0058	-0.0002	-0.0033	0.0979
326	-0.0041	-0.0015	-0.0032	-0.0078	-0.0016	-0.0056	-0.0022	-0.0079	0.0979	-0.0086	-0.0012	-0.0067	-0.0029	-0.0041	-0.0145	-0.0089	-0.0078	-0.0058	-0.0002	-0.0033	0.0979
186	-0.0041	-0.0015	-0.0032	-0.0078	-0.0016	-0.0056	-0.0022	-0.0079	0.0979	-0.0086	-0.0012	-0.0067	-0.0029	-0.0041	-0.0145	-0.0089	-0.0078	-0.0058	-0.0002	-0.0033	0.0979
1	-0.0041	-0.0015	-0.0032	-0.0078	-0.0016	-0.0056	-0.0022	-0.0079	0.0979	-0.0086	-0.0012	-0.0067	-0.0029	-0.0041	-0.0145	-0.0089	-0.0078	-0.0058	-0.0002	-0.0033	0.0979
61	-0.0041	-0.0015	-0.0032	-0.0078	-0.0016	-0.0056	-0.0022	-0.0079	0.0979	-0.0086	-0.0012	-0.0067	-0.0029	-0.0041	-0.0145	-0.0089	-0.0078	-0.0058	-0.0002	-0.0033	0.0979
519	-0.0041	-0.0015	-0.0032	-0.0078	-0.0016	-0.0056	-0.0022	-0.0079	0.0979	-0.0086	-0.0012	-0.0067	-0.0029	-0.0041	-0.0145	-0.0089	-0.0078	-0.0058	-0.0002	-0.0033	0.0979
463	-0.0041	-0.0015	-0.0032	-0.0078	-0.0016	-0.0056	-0.0022	-0.0079	0.0979	-0.0086	-0.0012	-0.0067	-0.0029	-0.0041	-0.0145	-0.0089	-0.0078	-0.0058	-0.0002	-0.0033	0.0979
495	-0.0041	-0.0015	-0.0032	-0.0078	-0.0016	-0.0056	-0.0022	-0.0079	0.0979	-0.0086	-0.0012	-0.0067	-0.0029	-0.0041	-0.0145	-0.0089	-0.0078	-0.0058	-0.0002	-0.0033	0.0979
425	-0.0041	-0.0015	-0.0032	-0.0078	-0.0016	-0.0056	-0.0022	-0.0079	0.0979	-0.0086	-0.0012	-0.0067	-0.0029	-0.0041	-0.0145	-0.0089	-0.0078	-0.0058	-0.0002	-0.0033	0.0979
448	-0.0041	-0.0016	-0.0032	-0.0051	-0.0017	-0.0083	-0.0022	-0.0073	-0.0144	-0.0085	-0.0017	-0.0058	-0.0029	-0.0037	0.0978	-0.0097	-0.0077	-0.0057	-0.0008	-0.0033	0.0978
323	-0.0041	-0.0016	-0.0032	-0.0051	-0.0017	-0.0083	-0.0022	-0.0073	-0.0144	-0.0085	-0.0017	-0.0058	-0.0029	-0.0037	0.0978	-0.0097	-0.0077	-0.0057	-0.0008	-0.0033	0.0978
118	-0.0041	-0.0016	-0.0032	-0.0051	-0.0017	-0.0083	-0.0022	-0.0073	-0.0144	-0.0085	-0.0017	-0.0058	-0.0029	-0.0037	0.0978	-0.0097	-0.0077	-0.0057	-0.0008	-0.0033	0.0978
512	-0.0041	-0.0016	-0.0032	-0.0051	-0.0017	-0.0083	-0.0022	-0.0073	-0.0144	-0.0085	-0.0017	-0.0058	-0.0029	-0.0037	0.0978	-0.0097	-0.0077	-0.0057	-0.0008	-0.0033	0.0978
334	-0.0041	-0.0016	-0.0032	-0.0051	-0.0017	-0.0083	-0.0022	-0.0073	-0.0144	-0.0085	-0.0017	-0.0058	-0.0029	-0.0037	0.0978	-0.0097	-0.0077	-0.0057	-0.0008	-0.0033	0.0978
418	-0.0041	-0.0016	-0.0032	-0.0051	-0.0017	-0.0083	-0.0022	-0.0074	-0.0144	-0.0085	-0.0016	-0.0058	-0.0029	-0.0037	0.0977	-0.0097	-0.0077	-0.0057	-0.0007	-0.0033	0.0977
129	-0.0041	-0.0016	-0.0032	-0.0051	-0.0016	-0.0083	-0.0022	-0.0077	-0.0144	-0.0085	-0.0013	-0.0058	-0.0029	-0.0037	0.0973	-0.0097	-0.0077	-0.0057	-0.0004	-0.0033	0.0973
342	-0.0041	-0.0016	-0.0032	-0.0051	-0.0016	-0.0083	-0.0022	-0.0078	-0.0144	-0.0085	-0.0013	-0.0058	-0.0029	-0.0037	0.0973	-0.0097	-0.0077	-0.0057	-0.0003	-0.0033	0.0973
274	-0.0041	-0.0016	-0.0032	-0.0051	-0.0016	-0.0083	-0.0022	-0.0078	-0.0144	-0.0085	-0.0012	-0.0058	-0.0029	-0.0037	0.0972	-0.0097	-0.0077	-0.0057	-0.0003	-0.0033	0.0972
561	-0.0041	-0.0016	-0.0032	-0.0051	-0.0016	-0.0083	-0.0022	-0.0078	-0.0144	-0.0085	-0.0012	-0.0058	-0.0029	-0.0037	0.0972	-0.0097	-0.0077	-0.0057	-0.0003	-0.0033	0.0972
241	-0.0041	-0.0016	-0.0032	-0.0051	-0.0016	-0.0083	-0.0022	-0.0078	-0.0144	-0.0085	-0.0012	-0.0058	-0.0029	-0.0037	0.0972	-0.0097	-0.0077	-0.0057	-0.0003	-0.0033	0.0972
236	-0.0041	-0.0016	-0.0032	-0.0051	-0.0016	-0.0083	-0.0022	-0.0078	-0.0144	-0.0085	-0.0012	-0.0058	-0.0029	-0.0037	0.0972	-0.0097	-0.0077	-0.0057	-0.0003	-0.0033	0.0972
232	-0.0041	-0.0016	-0.0032	-0.0051	-0.0016	-0.0082	-0.0022	-0.0078	-0.0144	-0.0085	-0.0013	-0.0058	-0.0029	-0.0038	0.0972	-0.0097	-0.0077	-0.0057	-0.0003	-0.0033	0.0972
154	0.0363	0.0008	-0.0024	-0.0078	0.0007	-0.0038	-0.0001	-0.0059	-0.0312	-0.0069	0.0008	0.0562	-0.0009	-0.0019	-0.0118	-0.0088	-0.0098	-0.0044	0.0022	-0.0014	0.0971
494	-0.0057	-0.0011	-0.0028	-0.0057	-0.0012	-0.0059	-0.0018	-0.0093	-0.0090	-0.0094	-0.0026	-0.0057	-0.0025	-0.0034	-0.0110	-0.0089	-0.0073	0.0959	0.0003	-0.0029	0.0962
190	-0.0057	-0.0011	-0.0028	-0.0057	-0.0012	-0.0059	-0.0018	-0.0104	-0.0090	-0.0094	-0.0017	-0.0057	-0.0025	-0.0034	-0.0109	-0.0089	-0.0073	0.0958	0.0003	-0.0029	0.0961
408	-0.0057	-0.0011	-0.0028	-0.0057	-0.0012	-0.0059	-0.0018	-0.0078	-0.0090	-0.0094	-0.0041	-0.0057	-0.0025	-0.0034	-0.0109	-0.0089	-0.0073	0.0958	0.0003	-0.0029	0.0961
147	-0.0057	-0.0011	-0.0028	-0.0056	-0.0012	-0.0059	-0.0018	-0.0106	-0.0090	-0.0094	-0.0014	-0.0057	-0.0025	-0.0034	-0.0109	-0.0089	-0.0073	0.0958	0.0003	-0.0029	0.0961
518	-0.0057	-0.0011	-0.0028	-0.0057	-0.0012	-0.0059	-0.0018	-0.0074	-0.0090	-0.0094	-0.0045	-0.0057	-0.0025	-0.0034	-0.0109	-0.0089	-0.0073	0.0958	0.0003	-0.0029	0.0961
216	-0.0057	-0.0011	-0.0028	-0.0056	-0.0012	-0.0059	-0.0018	-0.0111	-0.0090	-0.0094	-0.0010	-0.0057	-0.0025	-0.0034	-0.0109	-0.0089	-0.0073	0.0958	0.0003	-0.0029	0.0961
40	-0.0057	-0.0011	-0.0028	-0.0056	-0.0012	-0.0059	-0.0018	-0.0073	-0.0090	-0.0094	-0.0046	-0.0057	-0.0025	-0.0034	-0.0109	-0.0089	-0.0073	0.0958	0.0003	-0.0029	0.0961
235	-0.0057	-0.0011	-0.0028	-0.0056	-0.0012	-0.0059	-0.0018	-0.0113	-0.0090	-0.0094	-0.0009	-0.0057	-0.0025	-0.0034	-0.0109	-0.0089	-0.0073	0.0958	0.0003	-0.0029	0.0961
464	-0.0057	-0.0011	-0.0028	-0.0056	-0.0012	-0.0059	-0.0018	-0.0113	-0.0090	-0.0094	-0.0008	-0.0057	-0.0025	-0.0034	-0.0109	-0.0089	-0.0073	0.0958	0.0003	-0.0029	0.0961
457	-0.0057	-0.0011	-0.0028	-0.0057	-0.0012	-0.0059	-0.0018	-0.0073	-0.0090	-0.0094	-0.0046	-0.0057	-0.0026	-0.0034	-0.0109	-0.0089	-0.0073	0.0958	0.0003	-0.0029	0.0961
42	-0.0057	-0.0011	-0.0028	-0.0057	-0.0012	-0.0059	-0.0018	-0.0073	-0.0090	-0.0094	-0.0046	-0.0057	-0.0026	-0.0034	-0.0109	-0.0089	-0.0073	0.0958	0.0003	-0.0029	0.0961
394	-0.0057	-0.0011	-0.0028	-0.0057	-0.0012	-0.0059	-0.0018	-0.0073	-0.0090	-0.0094	-0.0046	-0.0057	-0.0026	-0.0034	-0.0109	-0.0089	-0.0073	0.0958	0.0003	-0.0029	0.0961
35	-0.0057	-0.0011	-0.0028	-0.0056	-0.0012	-0.0059	-0.0018	-0.0115	-0.0090	-0.0094	-0.0007	-0.0057	-0.0025	-0.0034	-0.0109	-0.0089	-0.0073	0.0958	0.0003	-0.0029	0.0961
124	-0.0057	-0.0011	-0.0028	-0.0056	-0.0012	-0.0059	-0.0018	-0.0115	-0.0090	-0.0094	-0.0007	-0.0057	-0.0025	-0.0034	-0.0109	-0.0089	-0.0073	0.0958	0.0003	-0.0029	0.0961
322	-0.0057	-0.0011	-0.0036	-0.0049	-0.0016	-0.0059	-0.0018	-0.0114	-0.0090	-0.0089	-0.0007	-0.0057	-0.0025	-0.0034	-0.0109	-0.0089	-0.0073	0.0957	0.0003	-0.0029	0.0960
442	-0.0057	-0.0011	-0.0036	-0.0049	-0.0016	-0.0059	-0.0018	-0.0114	-0.0090	-0.0089	-0.0007	-0.0057	-0.0025	-0.0034	-0.0109	-0.0089	-0.0073	0.0957	0.0003	-0.0029	0.0960
426	-0.0057	-0.0011	-0.0036	-0.0049	-0.0016	-0.0059	-0.0018	-0.0114	-0.0090	-0.0089	-0.0007	-0.0057	-0.0025	-0.0034	-0.0109	-0.0089	-0.0073	0.0957	0.0003	-0.0029	0.0960
32	-0.0057	-0.0011	-0.0036	-0.0049	-0.0016	-0.0059	-0.0018	-0.0114	-0.0090	-0.0089	-0.0007	-0.0057	-0.0025	-0.0034	-0.0109	-0.0089	-0.0073	0.0957	0.0003	-0.0029	0.0960
543	-0.0057	-0.0011	-0.0036	-0.0049	-0.0016	-0.0059	-0.0018	-0.0114	-0.0090	-0.0089	-0.0007	-0.0057	-0.0025	-0.0034	-0.0109	-0.0089	-0.0073	0.0957	0.0003	-0.0029	0.0960
535	-0.0057	-0.0011	-0.0036	-0.0049	-0.0016	-0.0059	-0.0018	-0.0114	-0.0090	-0.0089	-0.0007	-0.0057	-0.0025	-0.0034	-0.0109	-0.0089	-0.0073	0.0957	0.0003	-0.0029	0.0960
525	-0.0057	-0.0011	-0.0036	-0.0049	-0.0016	-0.0059	-0.0018	-0.0114	-0.0090	-0.0089	-0.0007	-0.0057	-0.0025	-0.0034	-0.0109	-0.0089	-0.0073	0.0957	0.0003	-0.0029	0.0960
188	-0.0057	-0.0011	-0.0036	-0.0049	-0.0016	-0.0059	-0.0018	-0.0114	-0.0090	-0.0089	-0.0007	-0.0057	-0.0025	-0.0034	-0.0109	-0.0089	-0.0073	0.0957	0.0003	-0.0029	0.0960
202	-0.0024	0.0011	-0.0403	0.0246	0.0011	-0.0102	-0.0005	-0.0050	-0.0068	-0.0063	0.0015	0.0413	-0.0003	-0.0012	-0.0086	-0.0066	-0.0050	0.0228	0.0025	-0.0018	0.0949
168	-0.0021	0.0014	-0.0024	-0.0495	0.0013	0.0354	0.0007	-0.0047	0.0516	-0.0059	0.0017	-0.0031	-0.0001	-0.0018	-0.0095	-0.0062	-0.0047	-0.0041	0.0026	-0.0007	0.0947
226	-0.0063	-0.0012	-0.0029	-0.0049	-0.0013	-0.0054	-0.0019	-0.0099	-0.0090	-0.0085	-0.0008	-0.0064	-0.0031	-0.0035	-0.0108	-0.0098	0.0940	-0.0056	0.0002	-0.0030	0.0942
498	-0.0063	-0.0012	-0.0029	-0.0049	-0.0013	-0.0054	-0.0019	-0.0099	-0.0090	-0.0085	-0.0008	-0.0064	-0.0031	-0.0035	-0.0108	-0.0098	0.0940	-0.0056	0.0002	-0.0030	0.0942
449	-0.0063	-0.0012	-0.0029	-0.0049	-0.0013	-0.0054	-0.0019	-0.0099	-0.0090	-0.0085	-0.0008	-0.0064	-0.0031	-0.0035	-0.0108	-0.0098	0.0940	-0.0056	0.0002	-0.0030	0.0942
403	-0.0063	-0.0012	-0.0029	-0.0049	-0.0013	-0.0054	-0.0019	-0.0099	-0.0090	-0.0085	-0.0008	-0.0064	-0.0031	-0.0035	-0.0108	-0.0098	0.0940	-0.0056	0.0002	-0.0030	0.0942
357	-0.0063	-0.0012	-0.0029	-0.0049	-0.0013	-0.0054	-0.0019	-0.0099	-0.0090	-0.0085	-0.0008	-0.0064	-0.0031	-0.0035	-0.0108	-0.0098	0.0940	-0.0056	0.0002	-0.0030	0.0942
31	-0.0063	-0.0012	-0.0029	-0.0049	-0.0013	-0.0054	-0.0019	-0.0099	-0.0090	-0.0085	-0.0008	-0.0064	-0.0031	-0.0035	-0.0108	-0.0098	0.0940	-0.0056	0.0002	-0.0030	0.0942
247	-0.0063	-0.0012	-0.0029	-0.0049	-0.0013	-0.0054	-0.0019	-0.0099	-0.0090	-0.0085	-0.0008	-0.0064	-0.0031	-0.0035	-0.0108	-0.0098	0.0940	-0.0056	0.0002	-0.0030	0.0942
29	-0.0063	-0.0012	-0.0029	-0.0049	-0.0013	-0.0054	-0.0019	-0.0099	-0.0090	-0.0085	-0.0008	-0.0064	-0.0031	-0.0035	-0.0108	-0.0098	0.0940	-0.0056	0.0002	-0.0030	0.0942
534	-0.0063	-0.0012	-0.0029	-0.0049	-0.0013	-0.0054	-0.0019	-0.0099	-0.0091	-0.0085	-0.0008	-0.0063	-0.0031	-0.0035	-0.0109	-0.0097	0.0940	-0.0056	0.0002	-0.0030	0.0942
167	-0.0063	-0.0012	-0.0029	-0.0049	-0.0012	-0.0054	-0.0019	-0.0072	-0.0098	-0.0085	-0.0033	-0.0056	-0.0031	-0.0035	-0.0114	-0.0093	0.0939	-0.0056	0.0002	-0.0030	0.0941
435	-0.0063	-0.0012	-0.0029	-0.0049	-0.0012	-0.0054	-0.0018	-0.0098	-0.0098	-0.0085	-0.0008	-0.0056	-0.0031	-0.0034	-0.0114	-0.0093	0.0939	-0.0056	0.0002	-0.0030	0.0941
18	-0.0063	-0.0012	-0.0029	-0.0049	-0.0012	-0.0054	-0.0018	-0.0099	-0.0098	-0.0085	-0.0008	-0.0056	-0.0031	-0.0034	-0.0114	-0.0093	0.0939	-0.0056	0.0002	-0.0030	0.0941
34	-0.0063	-0.0012	-0.0029	-0.0049	-0.0012	-0.0054	-0.0018	-0.0099	-0.0098	-0.0085	-0.0008	-0.0056	-0.0031	-0.0034	-0.0114	-0.0093	0.0939	-0.0056	0.0002	-0.0030	0.0941
43	-0.0063	-0.0012	-0.0029	-0.0049	-0.0012	-0.0054	-0.0018	-0.0099	-0.0098	-0.0085	-0.0008	-0.0056	-0.0031	-0.0034	-0.0114	-0.0093	0.0939	-0.0056	0.0002	-0.0030	0.0941
41	-0.0063	-0.0012	-0.0029	-0.0049	-0.0012	-0.0054	-0.0018	-0.0099	-0.0098	-0.0085	-0.0008	-0.0056	-0.0031	-0.0034	-0.0114	-0.0093	0.0939	-0.0056	0.0002	-0.0030	0.0941
406	-0.0063	-0.0012	-0.0029	-0.0049	-0.0012	-0.0054	-0.0018	-0.0099	-0.0098	-0.0085	-0.0008	-0.0056	-0.0031	-0.0034	-0.0114	-0.0093	0.0939	-0.0056	0.0002	-0.0030	0.0941
391	-0.0063	-0.0012	-0.0029	-0.0049	-0.0012	-0.0054	-0.0018	-0.0099	-0.0098	-0.0085	-0.0008	-0.0056	-0.0031	-0.0034	-0.0114	-0.0093	0.0939	-0.0056	0.0002	-0.0030	0.0941
383	-0.0063	-0.0012	-0.0029	-0.0049	-0.0012	-0.0054	-0.0018	-0.0099	-0.0098	-0.0085	-0.0008	-0.0056	-0.0031	-0.0034	-0.0114	-0.0093	0.0939	-0.0056	0.0002	-0.0030	0.0941
331	-0.0063	-0.0012	-0.0029	-0.0049	-0.0012	-0.0054	-0.0018	-0.0099	-0.0098	-0.0085	-0.0008	-0.0056	-0.0031	-0.0034	-0.0114	-0.0093	0.0939	-0.0056	0.0002	-0.0030	0.0941
314	-0.0063	-0.0012	-0.0029	-0.0049	-0.0012	-0.0054	-0.0018	-0.0099	-0.0098	-0.0085	-0.0008	-0.0056	-0.0031	-0.0034	-0.0114	-0.0093	0.0939	-0.0056	0.0002	-0.0030	0.0941
296	-0.0063	-0.0012	-0.0029	-0.0049	-0.0012	-0.0054	-0.0018	-0.0099	-0.0098	-0.0085	-0.0008	-0.0056	-0.0031	-0.0034	-0.0114	-0.0093	0.0939	-0.0056	0.0002	-0.0030	0.0941
14	-0.0063	-0.0012	-0.0029	-0.0049	-0.0012	-0.0054	-0.0018	-0.0099	-0.0098	-0.0085	-0.0008	-0.0056	-0.0031	-0.0034	-0.0114	-0.0093	0.0939	-0.0056	0.0002	-0.0030	0.0941
360	-0.0034	-0.0001	-0.0018	-0.0042	-0.0002	-0.0047	-0.0008	-0.0215	-0.0094	-0.0090	0.0305	-0.0048	-0.0016	-0.0025	-0.0110	-0.0081	-0.0091	0.0622	0.0014	-0.0020	0.0940
178	-0.0031	-0.0005	-0.0022	-0.0095	-0.0005	-0.0047	-0.0011	-0.0066	-0.0227	-0.0078	0.0349	-0.0066	-0.0019	-0.0034	0.0572	-0.0081	-0.0073	-0.0049	0.0009	-0.0022	0.0931
237	-0.0037	-0.0008	0.0551	-0.0052	-0.0005	-0.0147	-0.0014	-0.0069	-0.0087	-0.0082	-0.0000	0.0369	-0.0019	-0.0028	-0.0110	-0.0118	-0.0068	-0.0057	0.0010	-0.0027	0.0930
562	-0.0037	-0.0010	-0.0027	-0.0047	-0.0011	-0.0052	-0.0017	0.0926	-0.0097	-0.0091	-0.0031	-0.0055	-0.0025	-0.0033	-0.0112	-0.0086	-0.0091	-0.0078	0.0003	-0.0028	0.0929
315	-0.0037	-0.0010	-0.0027	-0.0047	-0.0011	-0.0052	-0.0017	0.0926	-0.0097	-0.0091	-0.0031	-0.0055	-0.0025	-0.0033	-0.0112	-0.0086	-0.0091	-0.0078	0.0003	-0.0028	0.0929
301	-0.0037	-0.0010	-0.0027	-0.0047	-0.0011	-0.0052	-0.0017	0.0926	-0.0097	-0.0091	-0.0031	-0.0055	-0.0025	-0.0033	-0.0112	-0.0086	-0.0091	-0.0078	0.0003	-0.0028	0.0929
264	-0.0037	-0.0010	-0.0027	-0.0047	-0.0011	-0.0052	-0.0017	0.0926	-0.0097	-0.0091	-0.0031	-0.0055	-0.0025	-0.0033	-0.0112	-0.0086	-0.0091	-0.0078	0.0003	-0.0028	0.0929
256	-0.0037	-0.0010	-0.0027	-0.0047	-0.0011	-0.0052	-0.0017	0.0926	-0.0097	-0.0091	-0.0031	-0.0055	-0.0025	-0.0033	-0.0112	-0.0086	-0.0091	-0.0078	0.0003	-0.0028	0.0929
255	-0.0037	-0.0010	-0.0027	-0.0047	-0.0011	-0.0052	-0.0017	0.0926	-0.0097	-0.0091	-0.0031	-0.0055	-0.0025	-0.0033	-0.0112	-0.0086	-0.0091	-0.0078	0.0003	-0.0028	0.0929
229	-0.0037	-0.0010	-0.0027	-0.0047	-0.0011	-0.0052	-0.0017	0.0926	-0.0097	-0.0091	-0.0031	-0.0055	-0.0025	-0.0033	-0.0112	-0.0086	-0.0091	-0.0078	0.0003	-0.0028	0.0929
21	-0.0037	-0.0010	-0.0027	-0.0047	-0.0011	-0.0052	-0.0017	0.0926	-0.0097	-0.0091	-0.0031	-0.0055	-0.0025	-0.0033	-0.0112	-0.0086	-0.0091	-0.0078	0.0003	-0.0028	0.0929
19	-0.0037	-0.0010	-0.0027	-0.0047	-0.0011	-0.0052	-0.0017	0.0926	-0.0097	-0.0091	-0.0031	-0.0055	-0.0025	-0.0033	-0.0112	-0.0086	-0.0091	-0.0078	0.0003	-0.0028	0.0929
132	-0.0037	-0.0010	-0.0027	-0.0047	-0.0011	-0.0052	-0.0017	0.0926	-0.0097	-0.0091	-0.0031	-0.0055	-0.0025	-0.0033	-0.0112	-0.0086	-0.0091	-0.0078	0.0003	-0.0028	0.0929
15	-0.0037	-0.0021	0.0483	-0.0054	-0.0010	-0.0068	-0.0027	-0.0071	-0.0089	-0.0084	-0.0002	-0.0085	-0.0022	-0.0031	-0.0109	-0.0090	-0.0071	-0.0056	0.0008	0.0435	0.0926
288	-0.0041	-0.0009	0.0184	-0.0063	-0.0009	0.0736	-0.0021	-0.0072	-0.0089	-0.0084	-0.0005	-0.0110	-0.0024	-0.0032	-0.0109	-0.0092	-0.0071	-0.0060	0.0005	-0.0033	0.0926
537	-0.0037	-0.0016	-0.0027	-0.0047	-0.0011	-0.0078	-0.0017	-0.0075	-0.0087	-0.0082	-0.0007	-0.0097	-0.0025	-0.0033	-0.0126	0.0917	-0.0074	-0.0054	0.0003	-0.0028	0.0919
493	-0.0037	-0.0016	-0.0027	-0.0047	-0.0011	-0.0078	-0.0017	-0.0075	-0.0087	-0.0082	-0.0007	-0.0097	-0.0025	-0.0033	-0.0126	0.0917	-0.0074	-0.0054	0.0003	-0.0028	0.0919
324	-0.0037	-0.0016	-0.0027	-0.0047	-0.0011	-0.0078	-0.0017	-0.0075	-0.0087	-0.0082	-0.0007	-0.0097	-0.0025	-0.0033	-0.0126	0.0917	-0.0074	-0.0054	0.0003	-0.0028	0.0919
273	-0.0037	-0.0016	-0.0027	-0.0047	-0.0011	-0.0078	-0.0017	-0.0075	-0.0087	-0.0082	-0.0007	-0.0097	-0.0025	-0.0033	-0.0126	0.0917	-0.0074	-0.0054	0.0003	-0.0028	0.0919
382	-0.0037	-0.0016	-0.0027	-0.0047	-0.0011	-0.0078	-0.0017	-0.0075	-0.0087	-0.0082	-0.0007	-0.0097	-0.0025	-0.0033	-0.0126	0.0917	-0.0074	-0.0054	0.0003	-0.0028	0.0919
303	-0.0037	-0.0016	-0.0027	-0.0047	-0.0011	-0.0078	-0.0017	-0.0075	-0.0087	-0.0082	-0.0007	-0.0097	-0.0025	-0.0033	-0.0126	0.0917	-0.0074	-0.0054	0.0003	-0.0028	0.0919
122	-0.0037	-0.0016	-0.0027	-0.0047	-0.0011	-0.0078	-0.0017	-0.0075	-0.0087	-0.0082	-0.0007	-0.0097	-0.0025	-0.0033	-0.0126	0.0917	-0.0074	-0.0054	0.0003	-0.0028	0.0919
304	-0.0037	-0.0016	-0.0027	-0.0047	-0.0011	-0.0078	-0.0017	-0.0075	-0.0087	-0.0082	-0.0007	-0.0097	-0.0025	-0.0033	-0.0126	0.0917	-0.0074	-0.0054	0.0003	-0.0028	0.0919
158	-0.0037	-0.0016	-0.0027	-0.0047	-0.0011	-0.0078	-0.0017	-0.0075	-0.0087	-0.0082	-0.0007	-0.0097	-0.0025	-0.0033	-0.0126	0.0917	-0.0074	-0.0054	0.0003	-0.0028	0.0919
549	-0.0037	-0.0016	-0.0027	-0.0047	-0.0011	-0.0078	-0.0017	-0.0075	-0.0087	-0.0082	-0.0007	-0.0097	-0.0025	-0.0033	-0.0126	0.0917	-0.0074	-0.0054	0.0003	-0.0028	0.0919
268	-0.0036	-0.0037	-0.0031	-0.0047	0.0439	-0.0053	0.0088	-0.0073	-0.0091	-0.0088	-0.0003	-0.0064	-0.0023	-0.0033	-0.0115	-0.0095	-0.0072	-0.0055	0.0008	0.0380	0.0915
548	-0.0037	-0.0010	-0.0027	-0.0047	-0.0016	-0.0052	-0.0017	0.0904	-0.0088	-0.0087	-0.0011	-0.0062	-0.0025	-0.0033	-0.0106	-0.0091	-0.0092	-0.0079	0.0003	-0.0028	0.0908
531	-0.0037	-0.0010	-0.0027	-0.0047	-0.0016	-0.0052	-0.0017	0.0904	-0.0088	-0.0087	-0.0011	-0.0062	-0.0025	-0.0033	-0.0106	-0.0091	-0.0092	-0.0079	0.0003	-0.0028	0.0908
281	-0.0037	-0.0010	-0.0027	-0.0047	-0.0016	-0.0052	-0.0017	0.0904	-0.0088	-0.0087	-0.0011	-0.0062	-0.0025	-0.0033	-0.0106	-0.0091	-0.0092	-0.0079	0.0003	-0.0028	0.0908
280	-0.0037	-0.0010	-0.0027	-0.0047	-0.0016	-0.0052	-0.0017	0.0904	-0.0088	-0.0087	-0.0011	-0.0062	-0.0025	-0.0033	-0.0106	-0.0091	-0.0092	-0.0079	0.0003	-0.0028	0.0908
95	-0.0037	-0.0010	-0.0027	-0.0047	-0.0016	-0.0052	-0.0017	0.0904	-0.0088	-0.0087	-0.0011	-0.0062	-0.0025	-0.0033	-0.0106	-0.0091	-0.0092	-0.0079	0.0003	-0.0028	0.0908
528	-0.0037	-0.0010	-0.0027	-0.0047	-0.0016	-0.0052	-0.0017	0.0904	-0.0088	-0.0087	-0.0011	-0.0062	-0.0025	-0.0033	-0.0106	-0.0091	-0.0092	-0.0079	0.0003	-0.0028	0.0908
515	-0.0037	-0.0010	-0.0027	-0.0047	-0.0016	-0.0052	-0.0017	0.0904	-0.0088	-0.0087	-0.0011	-0.0062	-0.0025	-0.0033	-0.0106	-0.0091	-0.0092	-0.0079	0.0003	-0.0028	0.0908
433	-0.0037	-0.0010	-0.0027	-0.0047	-0.0016	-0.0052	-0.0017	0.0904	-0.0088	-0.0087	-0.0011	-0.0062	-0.0025	-0.0033	-0.0106	-0.0091	-0.0092	-0.0079	0.0003	-0.0028	0.0908
390	-0.0037	-0.0010	-0.0027	-0.0047	-0.0016	-0.0052	-0.0017	0.0904	-0.0088	-0.0087	-0.0011	-0.0062	-0.0025	-0.0033	-0.0106	-0.0091	-0.0092	-0.0079	0.0003	-0.0028	0.0908
387	-0.0037	-0.0010	-0.0027	-0.0047	-0.0016	-0.0052	-0.0017	0.0904	-0.0088	-0.0087	-0.0011	-0.0062	-0.0025	-0.0033	-0.0106	-0.0091	-0.0092	-0.0079	0.0003	-0.0028	0.0908
352	-0.0037	-0.0010	-0.0027	-0.0047	-0.0016	-0.0052	-0.0017	0.0904	-0.0088	-0.0087	-0.0011	-0.0062	-0.0025	-0.0033	-0.0106	-0.0091	-0.0092	-0.0079	0.0003	-0.0028	0.0908
348	-0.0037	-0.0010	-0.0027	-0.0047	-0.0016	-0.0052	-0.0017	0.0904	-0.0088	-0.0087	-0.0011	-0.0062	-0.0025	-0.0033	-0.0106	-0.0091	-0.0092	-0.0079	0.0003	-0.0028	0.0908
564	-0.0037	-0.0010	-0.0027	-0.0047	-0.0016	-0.0052	-0.0017	0.0904	-0.0088	-0.0087	-0.0011	-0.0062	-0.0025	-0.0033	-0.0106	-0.0091	-0.0092	-0.0079	0.0003	-0.0028	0.0908
398	-0.0037	-0.0010	-0.0027	-0.0047	-0.0016	-0.0052	-0.0017	0.0904	-0.0088	-0.0087	-0.0011	-0.0062	-0.0025	-0.0033	-0.0106	-0.0091	-0.0092	-0.0079	0.0003	-0.0028	0.0908
210	-0.0038	-0.0006	0.0448	0.0447	-0.0006	-0.0082	-0.0013	-0.0070	-0.0149	-0.0083	-0.0002	-0.0056	-0.0021	-0.0034	-0.0107	-0.0086	-0.0069	-0.0057	0.0009	-0.0025	0.0903
220	-0.0034	-0.0006	-0.0038	-0.0045	-0.0006	-0.0050	0.0499	-0.0072	-0.0094	-0.0087	-0.0002	0.0395	-0.0025	-0.0040	-0.0137	-0.0096	-0.0071	-0.0052	0.0009	-0.0048	0.0903
51	-0.0041	-0.0009	0.0194	-0.0064	-0.0009	-0.0088	-0.0021	-0.0071	-0.0089	-0.0084	-0.0005	0.0700	-0.0024	-0.0032	-0.0108	-0.0088	-0.0071	-0.0060	0.0005	-0.0034	0.0899
155	-0.0032	-0.0000	-0.0018	-0.0084	-0.0001	0.0302	-0.0008	-0.0065	0.0269	-0.0077	0.0320	-0.0048	-0.0016	-0.0025	-0.0304	-0.0083	-0.0066	-0.0052	0.0008	-0.0019	0.0899
267	-0.0040	-0.0025	-0.0030	-0.0050	-0.0015	-0.0065	-0.0020	-0.0073	-0.0098	-0.0091	-0.0011	-0.0057	-0.0028	-0.0036	0.0735	-0.0094	-0.0073	-0.0057	0.0161	-0.0031	0.0896
466	-0.0024	-0.0003	-0.0025	-0.0035	0.0002	-0.0073	-0.0005	-0.0067	-0.0082	-0.0072	0.0007	0.0490	-0.0012	-0.0020	-0.0125	-0.0293	0.0379	-0.0042	0.0017	-0.0017	0.0896
101	-0.0044	-0.0015	-0.0029	-0.0050	-0.0029	-0.0055	-0.0023	-0.0074	-0.0091	-0.0101	-0.0007	-0.0057	0.0532	-0.0035	-0.0114	0.0360	-0.0083	-0.0056	0.0003	-0.0034	0.0895
554	-0.0041	-0.0016	-0.0027	-0.0047	-0.0037	-0.0052	-0.0017	-0.0070	-0.0087	-0.0082	-0.0007	-0.0055	-0.0051	-0.0033	-0.0104	0.0892	-0.0078	-0.0054	0.0002	-0.0036	0.0894
544	-0.0041	-0.0016	-0.0027	-0.0047	-0.0037	-0.0052	-0.0017	-0.0070	-0.0087	-0.0082	-0.0007	-0.0054	-0.0051	-0.0033	-0.0104	0.0892	-0.0078	-0.0054	0.0002	-0.0036	0.0894
338	-0.0041	-0.0016	-0.0027	-0.0047	-0.0037	-0.0052	-0.0017	-0.0070	-0.0087	-0.0082	-0.0007	-0.0054	-0.0051	-0.0033	-0.0104	0.0892	-0.0078	-0.0054	0.0002	-0.0036	0.0894
179	-0.0041	-0.0016	-0.0027	-0.0047	-0.0037	-0.0052	-0.0017	-0.0070	-0.0087	-0.0082	-0.0007	-0.0054	-0.0051	-0.0033	-0.0104	0.0892	-0.0078	-0.0054	0.0002	-0.0036	0.0894
557	-0.0041	-0.0016	-0.0027	-0.0047	-0.0037	-0.0052	-0.0017	-0.0070	-0.0087	-0.0082	-0.0007	-0.0054	-0.0051	-0.0033	-0.0104	0.0892	-0.0078	-0.0054	0.0002	-0.0036	0.0894
45	-0.0041	-0.0016	-0.0027	-0.0047	-0.0037	-0.0052	-0.0017	-0.0070	-0.0087	-0.0082	-0.0007	-0.0054	-0.0051	-0.0033	-0.0104	0.0892	-0.0078	-0.0054	0.0002	-0.0036	0.0894
396	-0.0041	-0.0016	-0.0027	-0.0047	-0.0037	-0.0052	-0.0017	-0.0070	-0.0087	-0.0082	-0.0007	-0.0054	-0.0051	-0.0033	-0.0104	0.0892	-0.0078	-0.0054	0.0002	-0.0036	0.0894
218	-0.0041	-0.0016	-0.0027	-0.0047	-0.0037	-0.0052	-0.0017	-0.0070	-0.0087	-0.0082	-0.0007	-0.0054	-0.0051	-0.0033	-0.0104	0.0892	-0.0078	-0.0054	0.0002	-0.0036	0.0894
215	-0.0041	-0.0016	-0.0027	-0.0047	-0.0037	-0.0052	-0.0017	-0.0070	-0.0087	-0.0082	-0.0007	-0.0054	-0.0051	-0.0033	-0.0104	0.0892	-0.0078	-0.0054	0.0002	-0.0036	0.0894
341	-0.0041	-0.0016	-0.0027	-0.0047	-0.0037	-0.0052	-0.0017	-0.0070	-0.0087	-0.0082	-0.0007	-0.0054	-0.0051	-0.0033	-0.0104	0.0892	-0.0078	-0.0054	0.0002	-0.0036	0.0894
374	-0.0041	-0.0016	-0.0027	-0.0047	-0.0037	-0.0052	-0.0017	-0.0070	-0.0087	-0.0082	-0.0007	-0.0054	-0.0051	-0.0033	-0.0104	0.0892	-0.0078	-0.0054	0.0002	-0.0036	0.0894
93	-0.0041	-0.0016	-0.0027	-0.0047	-0.0037	-0.0052	-0.0017	-0.0070	-0.0087	-0.0082	-0.0007	-0.0054	-0.0051	-0.0033	-0.0104	0.0892	-0.0078	-0.0054	0.0002	-0.0036	0.0894
157	-0.0034	0.0481	-0.0024	-0.0045	-0.0007	-0.0082	-0.0013	-0.0075	-0.0087	-0.0082	-0.0003	-0.0105	-0.0021	-0.0030	-0.0133	0.0405	-0.0074	-0.0052	0.0008	-0.0026	0.0894
143	-0.0039	0.0004	-0.0032	-0.0033	0.0004	-0.0038	-0.0005	-0.0078	-0.0072	-0.0068	0.0008	-0.0350	-0.0013	-0.0018	-0.0091	0.0260	0.0600	-0.0039	0.0018	-0.0017	0.0893
198	-0.0044	-0.0016	-0.0028	-0.0049	-0.0037	-0.0054	-0.0019	-0.0073	-0.0091	-0.0092	-0.0007	-0.0057	0.0510	-0.0035	-0.0111	0.0376	-0.0083	-0.0056	0.0003	-0.0037	0.0889
505	-0.0041	-0.0014	-0.0027	-0.0047	-0.0026	-0.0052	-0.0017	-0.0070	-0.0087	-0.0093	-0.0007	-0.0055	-0.0051	-0.0033	-0.0104	0.0887	-0.0078	-0.0054	0.0002	-0.0032	0.0889
185	-0.0039	-0.0007	-0.0037	0.0149	-0.0008	0.0733	-0.0014	-0.0070	-0.0167	-0.0083	-0.0003	-0.0053	-0.0022	-0.0036	-0.0108	-0.0086	-0.0070	-0.0059	0.0007	-0.0026	0.0889
152	-0.0044	-0.0017	-0.0028	-0.0049	-0.0042	-0.0054	-0.0018	-0.0073	-0.0090	-0.0087	-0.0007	-0.0057	0.0496	-0.0034	-0.0109	0.0387	-0.0082	-0.0056	0.0003	-0.0038	0.0886
125	-0.0041	-0.0012	-0.0027	-0.0047	-0.0018	-0.0052	-0.0017	-0.0070	-0.0087	-0.0101	-0.0007	-0.0055	-0.0051	-0.0033	-0.0105	0.0883	-0.0078	-0.0054	0.0002	-0.0030	0.0886
538	-0.0041	-0.0012	-0.0027	-0.0047	-0.0016	-0.0052	-0.0017	-0.0070	-0.0087	-0.0103	-0.0007	-0.0055	-0.0051	-0.0033	-0.0105	0.0883	-0.0078	-0.0054	0.0002	-0.0030	0.0885
455	-0.0041	-0.0012	-0.0027	-0.0047	-0.0016	-0.0052	-0.0017	-0.0070	-0.0087	-0.0103	-0.0007	-0.0055	-0.0051	-0.0033	-0.0105	0.0882	-0.0078	-0.0054	0.0002	-0.0030	0.0885
283	-0.0041	-0.0011	-0.0027	-0.0047	-0.0012	-0.0052	-0.0017	-0.0070	-0.0087	-0.0108	-0.0007	-0.0055	-0.0051	-0.0033	-0.0105	0.0880	-0.0078	-0.0054	0.0003	-0.0028	0.0883
28	-0.0041	-0.0011	-0.0027	-0.0047	-0.0011	-0.0052	-0.0017	-0.0070	-0.0087	-0.0108	-0.0007	-0.0055	-0.0051	-0.0033	-0.0105	0.0880	-0.0078	-0.0054	0.0002	-0.0028	0.0883
91	-0.0041	-0.0011	-0.0027	-0.0047	-0.0011	-0.0052	-0.0017	-0.0070	-0.0087	-0.0108	-0.0007	-0.0055	-0.0051	-0.0033	-0.0105	0.0880	-0.0078	-0.0054	0.0003	-0.0028	0.0882
533	-0.0041	-0.0011	-0.0027	-0.0047	-0.0011	-0.0052	-0.0017	-0.0070	-0.0087	-0.0108	-0.0007	-0.0055	-0.0051	-0.0033	-0.0105	0.0880	-0.0078	-0.0054	0.0003	-0.0028	0.0882
522	-0.0041	-0.0011	-0.0027	-0.0047	-0.0011	-0.0052	-0.0017	-0.0070	-0.0087	-0.0108	-0.0007	-0.0055	-0.0051	-0.0033	-0.0105	0.0880	-0.0078	-0.0054	0.0003	-0.0028	0.0882
508	-0.0041	-0.0011	-0.0027	-0.0047	-0.0011	-0.0052	-0.0017	-0.0070	-0.0087	-0.0108	-0.0007	-0.0055	-0.0051	-0.0033	-0.0105	0.0880	-0.0078	-0.0054	0.0003	-0.0028	0.0882
278	-0.0041	-0.0011	-0.0027	-0.0047	-0.0011	-0.0052	-0.0017	-0.0070	-0.0087	-0.0108	-0.0007	-0.0055	-0.0051	-0.0033	-0.0105	0.0880	-0.0078	-0.0054	0.0003	-0.0028	0.0882
219	-0.0041	-0.0011	-0.0027	-0.0047	-0.0011	-0.0052	-0.0017	-0.0070	-0.0087	-0.0108	-0.0007	-0.0055	-0.0051	-0.0033	-0.0105	0.0880	-0.0078	-0.0054	0.0003	-0.0028	0.0882
138	-0.0041	-0.0011	-0.0027	-0.0047	-0.0011	-0.0052	-0.0017	-0.0070	-0.0087	-0.0108	-0.0007	-0.0055	-0.0051	-0.0033	-0.0105	0.0880	-0.0078	-0.0054	0.0003	-0.0028	0.0882
126	-0.0041	-0.0011	-0.0027	-0.0047	-0.0011	-0.0052	-0.0017	-0.0070	-0.0087	-0.0108	-0.0007	-0.0055	-0.0051	-0.0033	-0.0105	0.0880	-0.0078	-0.0054	0.0003	-0.0028	0.0882
123	-0.0041	-0.0011	-0.0027	-0.0047	-0.0011	-0.0052	-0.0017	-0.0070	-0.0087	-0.0108	-0.0007	-0.0055	-0.0051	-0.0033	-0.0105	0.0880	-0.0078	-0.0054	0.0003	-0.0028	0.0882
208	-0.0038	-0.0016	-0.0031	-0.0049	-0.0012	-0.0056	0.0476	-0.0072	-0.0089	-0.0091	-0.0007	-0.0061	-0.0031	-0.0059	0.0406	-0.0089	-0.0072	-0.0055	-0.0007	-0.0046	0.0882
209	-0.0057	-0.0013	-0.0029	-0.0063	-0.0013	-0.0054	-0.0019	-0.0094	0.0780	-0.0084	-0.0009	-0.0061	-0.0030	-0.0037	-0.0128	-0.0091	0.0089	-0.0056	0.0001	-0.0030	0.0870
156	-0.0033	-0.0006	-0.0023	0.0579	-0.0007	-0.0050	-0.0013	-0.0076	-0.0225	-0.0080	-0.0002	-0.0068	-0.0020	-0.0036	0.0282	-0.0083	-0.0074	-0.0050	0.0008	-0.0024	0.0869
487	-0.0035	-0.0007	0.0446	-0.0049	-0.0007	-0.0057	-0.0018	-0.0075	-0.0103	-0.0083	-0.0003	0.0414	-0.0022	-0.0030	-0.0107	-0.0113	-0.0074	-0.0054	0.0008	-0.0031	0.0868
488	-0.0035	-0.0007	0.0440	-0.0048	-0.0007	-0.0055	-0.0018	-0.0075	-0.0104	-0.0083	-0.0003	0.0420	-0.0022	-0.0030	-0.0107	-0.0115	-0.0074	-0.0053	0.0008	-0.0031	0.0868
70	-0.0037	-0.0010	-0.0044	-0.0065	-0.0011	-0.0053	-0.0020	-0.0078	0.0112	-0.0085	-0.0006	0.0751	-0.0025	-0.0036	-0.0131	-0.0104	-0.0076	-0.0055	0.0004	-0.0031	0.0867
388	-0.0035	-0.0006	0.0427	-0.0046	-0.0007	-0.0051	-0.0018	-0.0076	-0.0106	-0.0083	-0.0003	0.0432	-0.0022	-0.0030	-0.0107	-0.0119	-0.0074	-0.0053	0.0008	-0.0031	0.0867
100	-0.0034	-0.0006	0.0427	-0.0046	-0.0007	-0.0051	-0.0018	-0.0076	-0.0106	-0.0083	-0.0003	0.0432	-0.0022	-0.0030	-0.0107	-0.0120	-0.0074	-0.0052	0.0008	-0.0031	0.0867
242	-0.0034	-0.0007	-0.0024	-0.0045	-0.0012	-0.0050	-0.0014	0.0697	-0.0089	-0.0087	0.0162	-0.0059	-0.0022	-0.0030	-0.0106	-0.0089	-0.0092	-0.0080	0.0007	-0.0025	0.0866
136	-0.0040	-0.0007	0.0413	0.0105	-0.0008	0.0339	-0.0014	-0.0071	-0.0170	-0.0084	-0.0003	-0.0056	-0.0022	-0.0036	-0.0109	-0.0087	-0.0071	-0.0060	0.0007	-0.0026	0.0864
150	0.0766	-0.0008	-0.0026	-0.0049	-0.0009	-0.0054	-0.0015	-0.0071	-0.0089	-0.0111	-0.0005	-0.0055	-0.0052	-0.0032	-0.0108	0.0092	-0.0091	-0.0061	0.0006	-0.0027	0.0864
540	-0.0058	0.0442	-0.0028	-0.0054	0.0021	0.0004	-0.0015	-0.0085	-0.0088	-0.0087	-0.0038	-0.0054	-0.0022	-0.0030	-0.0117	-0.0087	-0.0071	0.0378	0.0015	-0.0026	0.0860
287	-0.0031	-0.0003	-0.0021	-0.0042	-0.0004	-0.0047	-0.0010	-0.0126	-0.0095	0.0317	0.0531	-0.0050	-0.0019	-0.0027	-0.0111	-0.0083	-0.0090	-0.0077	0.0011	-0.0022	0.0860
421	-0.0032	-0.0005	-0.0055	-0.0044	-0.0005	-0.0049	-0.0016	-0.0074	-0.0104	-0.0081	-0.0001	0.0432	-0.0020	-0.0028	-0.0105	-0.0118	-0.0072	-0.0050	0.0010	0.0416	0.0858
477	-0.0032	-0.0005	-0.0055	-0.0044	-0.0005	-0.0049	-0.0016	-0.0074	-0.0104	-0.0081	-0.0001	0.0432	-0.0020	-0.0028	-0.0105	-0.0118	-0.0072	-0.0050	0.0010	0.0416	0.0858
339	-0.0033	-0.0005	-0.0023	-0.0044	0.0444	-0.0049	-0.0012	0.0395	-0.0086	-0.0086	-0.0006	-0.0061	-0.0020	-0.0029	-0.0105	-0.0091	-0.0093	-0.0080	0.0009	-0.0024	0.0848
417	-0.0041	-0.0015	-0.0031	-0.0064	-0.0016	-0.0077	-0.0022	-0.0080	0.0718	-0.0086	-0.0011	-0.0063	-0.0029	-0.0039	0.0124	-0.0096	-0.0079	-0.0058	-0.0002	-0.0032	0.0842
230	-0.0308	0.0001	-0.0019	-0.0047	0.0000	-0.0050	-0.0006	-0.0060	-0.0076	-0.0072	0.0005	-0.0044	-0.0022	-0.0022	-0.0094	0.0284	0.0261	0.0272	0.0014	-0.0017	0.0837
447	-0.0037	-0.0005	-0.0033	0.0454	-0.0006	0.0371	-0.0012	-0.0068	-0.0152	-0.0081	-0.0001	-0.0051	-0.0020	-0.0033	-0.0105	-0.0084	-0.0068	-0.0056	0.0009	-0.0024	0.0834
201	-0.0037	-0.0005	-0.0030	0.0410	-0.0006	0.0413	-0.0012	-0.0068	-0.0113	-0.0081	-0.0001	-0.0051	-0.0020	-0.0031	-0.0143	-0.0086	-0.0068	-0.0056	0.0006	-0.0024	0.0830
298	-0.0038	-0.0011	-0.0028	-0.0054	-0.0012	-0.0054	-0.0029	-0.0072	-0.0100	-0.0090	-0.0007	-0.0056	-0.0031	0.0451	0.0375	-0.0088	-0.0072	-0.0055	0.0002	-0.0029	0.0828
527	-0.0038	-0.0011	-0.0028	-0.0054	-0.0012	-0.0054	-0.0028	-0.0072	-0.0100	-0.0090	-0.0007	-0.0056	-0.0031	0.0448	0.0378	-0.0087	-0.0072	-0.0055	0.0000	-0.0029	0.0826
252	-0.0036	-0.0004	-0.0022	0.0373	-0.0005	0.0445	-0.0011	-0.0067	-0.0085	-0.0080	-0.0000	-0.0051	-0.0019	-0.0028	-0.0189	-0.0083	-0.0067	-0.0055	0.0006	-0.0023	0.0824
513	0.0359	-0.0005	-0.0035	0.0111	-0.0006	0.0342	-0.0012	-0.0068	-0.0169	-0.0081	-0.0001	-0.0052	-0.0020	-0.0034	-0.0105	-0.0084	-0.0069	-0.0057	0.0009	-0.0024	0.0821
506	-0.0040	-0.0009	-0.0037	0.0447	-0.0010	-0.0083	-0.0016	-0.0071	0.0369	-0.0083	-0.0006	-0.0055	-0.0024	-0.0037	-0.0107	-0.0086	-0.0070	-0.0059	0.0004	-0.0028	0.0821
82	-0.0040	-0.0009	-0.0037	0.0449	-0.0010	-0.0083	-0.0016	-0.0071	0.0367	-0.0083	-0.0006	-0.0055	-0.0024	-0.0037	-0.0106	-0.0086	-0.0070	-0.0059	0.0004	-0.0027	0.0820
289	-0.0040	-0.0009	-0.0037	0.0448	-0.0010	-0.0083	-0.0016	-0.0071	0.0368	-0.0083	-0.0006	-0.0055	-0.0024	-0.0037	-0.0107	-0.0086	-0.0070	-0.0059	0.0004	-0.0027	0.0820
102	-0.0040	-0.0009	-0.0037	0.0447	-0.0010	-0.0083	-0.0016	-0.0071	0.0369	-0.0083	-0.0006	-0.0055	-0.0024	-0.0037	-0.0107	-0.0086	-0.0070	-0.0059	0.0004	-0.0027	0.0820
49	-0.0033	-0.0006	-0.0023	-0.0043	-0.0033	-0.0048	-0.0021	-0.0073	-0.0083	0.0813	-0.0003	-0.0050	-0.0046	-0.0029	-0.0107	-0.0081	-0.0066	-0.0054	0.0007	-0.0024	0.0820
36	-0.0033	-0.0006	-0.0023	-0.0043	-0.0033	-0.0048	-0.0021	-0.0073	-0.0083	0.0813	-0.0003	-0.0050	-0.0046	-0.0029	-0.0107	-0.0081	-0.0066	-0.0054	0.0007	-0.0024	0.0820
305	-0.0033	-0.0006	-0.0023	-0.0043	-0.0033	-0.0048	-0.0021	-0.0073	-0.0083	0.0813	-0.0003	-0.0050	-0.0046	-0.0029	-0.0107	-0.0081	-0.0066	-0.0054	0.0007	-0.0024	0.0820
541	-0.0032	-0.0006	-0.0023	-0.0043	-0.0033	-0.0048	-0.0021	-0.0073	-0.0083	0.0813	-0.0003	-0.0050	-0.0046	-0.0029	-0.0107	-0.0081	-0.0066	-0.0054	0.0007	-0.0024	0.0820
189	-0.0032	-0.0006	-0.0023	-0.0043	-0.0033	-0.0048	-0.0021	-0.0073	-0.0083	0.0813	-0.0003	-0.0050	-0.0046	-0.0029	-0.0107	-0.0081	-0.0066	-0.0054	0.0007	-0.0024	0.0820
170	-0.0035	-0.0008	-0.0058	-0.0046	-0.0009	-0.0050	-0.0020	-0.0075	0.0390	-0.0081	-0.0004	0.0424	-0.0023	-0.0031	-0.0105	-0.0118	-0.0073	-0.0052	0.0005	-0.0032	0.0820
89	-0.0035	-0.0008	-0.0031	-0.0071	-0.0009	-0.0050	-0.0016	-0.0070	0.0429	-0.0081	-0.0009	0.0383	-0.0022	-0.0034	-0.0140	-0.0091	-0.0073	-0.0052	0.0006	-0.0027	0.0819
137	-0.0037	-0.0015	-0.0027	-0.0047	-0.0011	-0.0084	-0.0017	-0.0075	-0.0109	-0.0082	-0.0008	-0.0086	-0.0025	-0.0033	0.0105	0.0705	-0.0074	-0.0053	0.0002	-0.0028	0.0812
184	-0.0041	-0.0014	-0.0031	-0.0089	-0.0015	-0.0057	-0.0022	-0.0081	0.0089	-0.0087	-0.0011	-0.0071	-0.0029	0.0383	0.0335	-0.0090	-0.0080	-0.0058	-0.0001	-0.0032	0.0808
285	0.0444	-0.0003	-0.0021	-0.0051	-0.0004	-0.0053	-0.0010	-0.0067	-0.0084	-0.0080	0.0000	-0.0050	-0.0024	-0.0027	-0.0103	-0.0088	-0.0118	0.0352	0.0011	-0.0022	0.0807
260	-0.0034	-0.0005	-0.0053	-0.0043	-0.0006	-0.0048	-0.0016	-0.0074	-0.0101	-0.0080	-0.0002	0.0427	-0.0020	-0.0028	-0.0103	-0.0114	0.0371	-0.0050	0.0008	-0.0029	0.0807
204	-0.0039	-0.0013	-0.0029	-0.0057	-0.0014	-0.0078	-0.0020	-0.0072	0.0381	-0.0084	-0.0015	-0.0059	-0.0027	-0.0038	0.0426	-0.0095	-0.0076	-0.0055	-0.0005	-0.0031	0.0807
96	0.0427	-0.0004	-0.0021	-0.0051	-0.0004	-0.0053	-0.0011	-0.0079	-0.0084	-0.0082	0.0000	-0.0050	-0.0023	-0.0027	-0.0103	-0.0087	-0.0104	0.0368	0.0011	-0.0022	0.0806
328	-0.0039	-0.0013	-0.0029	-0.0049	-0.0014	-0.0087	-0.0020	-0.0072	0.0360	-0.0084	-0.0015	-0.0056	-0.0027	-0.0035	0.0446	-0.0098	-0.0076	-0.0055	-0.0006	-0.0031	0.0806
2	0.0428	-0.0004	-0.0021	-0.0051	-0.0004	-0.0053	-0.0011	-0.0072	-0.0084	-0.0081	-0.0000	-0.0050	-0.0023	-0.0027	-0.0103	-0.0088	-0.0111	0.0367	0.0011	-0.0022	0.0806
181	0.0386	-0.0004	-0.0021	-0.0052	-0.0005	-0.0053	-0.0011	-0.0082	-0.0084	-0.0088	-0.0025	-0.0050	-0.0020	-0.0027	-0.0103	-0.0084	-0.0074	0.0408	0.0010	-0.0022	0.0805
469	-0.0039	-0.0013	-0.0029	-0.0076	-0.0014	-0.0061	-0.0020	-0.0072	0.0418	-0.0084	-0.0015	-0.0065	-0.0027	-0.0039	0.0387	-0.0089	-0.0076	-0.0055	-0.0001	-0.0030	0.0805
330	0.0376	-0.0004	-0.0030	-0.0042	-0.0010	-0.0053	-0.0011	-0.0117	-0.0084	-0.0084	0.0000	-0.0050	-0.0019	-0.0027	-0.0103	-0.0083	-0.0067	0.0418	0.0010	-0.0022	0.0805
514	-0.0039	-0.0013	-0.0029	-0.0083	-0.0014	-0.0054	-0.0020	-0.0077	0.0435	-0.0084	-0.0010	-0.0067	-0.0027	-0.0040	0.0370	-0.0086	-0.0076	-0.0055	-0.0000	-0.0030	0.0805
503	-0.0039	-0.0013	-0.0029	-0.0083	-0.0014	-0.0054	-0.0020	-0.0077	0.0434	-0.0084	-0.0010	-0.0067	-0.0027	-0.0040	0.0370	-0.0086	-0.0076	-0.0055	-0.0000	-0.0030	0.0805
465	-0.0039	-0.0013	-0.0029	-0.0083	-0.0014	-0.0054	-0.0020	-0.0078	0.0434	-0.0084	-0.0010	-0.0067	-0.0027	-0.0040	0.0371	-0.0086	-0.0076	-0.0055	-0.0000	-0.0030	0.0805
223	-0.0039	-0.0013	-0.0029	-0.0049	-0.0014	-0.0087	-0.0020	-0.0074	0.0355	-0.0084	-0.0013	-0.0056	-0.0027	-0.0035	0.0450	-0.0098	-0.0076	-0.0055	-0.0003	-0.0031	0.0805
112	0.0437	-0.0005	-0.0031	-0.0043	-0.0006	-0.0053	-0.0012	-0.0066	-0.0084	-0.0079	-0.0001	-0.0050	-0.0025	-0.0028	-0.0102	0.0356	-0.0118	-0.0079	0.0009	-0.0023	0.0803
11	-0.0032	-0.0008	-0.0022	-0.0043	0.0469	-0.0049	-0.0016	-0.0077	-0.0085	0.0324	-0.0001	-0.0051	-0.0033	-0.0028	-0.0108	-0.0098	-0.0068	-0.0056	0.0009	-0.0028	0.0803
224	-0.0039	-0.0013	-0.0029	-0.0051	-0.0014	-0.0086	-0.0020	-0.0078	0.0362	-0.0084	-0.0010	-0.0057	-0.0027	-0.0035	0.0440	-0.0097	-0.0076	-0.0055	-0.0000	-0.0031	0.0803
98	-0.0063	-0.0009	-0.0025	-0.0047	-0.0009	-0.0051	-0.0015	-0.0100	0.0394	-0.0081	-0.0005	-0.0054	-0.0028	-0.0032	-0.0113	-0.0090	0.0403	-0.0052	0.0005	-0.0027	0.0802
254	-0.0063	-0.0009	-0.0025	-0.0048	-0.0009	-0.0051	-0.0015	-0.0100	0.0394	-0.0081	-0.0005	-0.0054	-0.0028	-0.0032	-0.0113	-0.0090	0.0403	-0.0052	0.0005	-0.0027	0.0802
443	-0.0033	-0.0006	-0.0023	-0.0043	-0.0010	-0.0048	-0.0014	-0.0074	-0.0083	0.0792	-0.0003	-0.0050	-0.0046	-0.0035	-0.0107	-0.0081	-0.0066	-0.0054	0.0007	-0.0024	0.0799
73	-0.0046	-0.0008	-0.0030	-0.0045	-0.0014	-0.0053	-0.0015	0.0707	-0.0086	-0.0086	-0.0007	-0.0057	-0.0022	-0.0031	-0.0104	-0.0087	-0.0081	0.0086	0.0006	-0.0026	0.0799
249	-0.0033	-0.0006	-0.0023	-0.0043	-0.0008	-0.0048	-0.0013	-0.0068	-0.0083	0.0790	-0.0008	-0.0050	-0.0046	-0.0036	-0.0107	-0.0081	-0.0066	-0.0054	0.0007	-0.0024	0.0797
539	-0.0033	-0.0006	-0.0023	-0.0043	-0.0007	-0.0048	-0.0013	-0.0066	-0.0083	0.0789	-0.0010	-0.0050	-0.0046	-0.0036	-0.0107	-0.0081	-0.0066	-0.0054	0.0007	-0.0024	0.0796
444	-0.0033	-0.0006	-0.0023	-0.0043	-0.0007	-0.0048	-0.0013	-0.0066	-0.0083	0.0789	-0.0010	-0.0050	-0.0046	-0.0036	-0.0107	-0.0081	-0.0066	-0.0054	0.0007	-0.0024	0.0796
7	-0.0033	-0.0006	-0.0023	-0.0043	-0.0007	-0.0048	-0.0013	-0.0066	-0.0083	0.0789	-0.0010	-0.0050	-0.0046	-0.0036	-0.0107	-0.0081	-0.0066	-0.0054	0.0007	-0.0024	0.0796
545	-0.0033	-0.0006	-0.0023	-0.0043	-0.0007	-0.0048	-0.0013	-0.0066	-0.0083	0.0789	-0.0010	-0.0050	-0.0046	-0.0036	-0.0107	-0.0081	-0.0066	-0.0054	0.0007	-0.0024	0.0796
529	-0.0033	-0.0006	-0.0023	-0.0043	-0.0007	-0.0048	-0.0013	-0.0066	-0.0083	0.0789	-0.0010	-0.0050	-0.0046	-0.0036	-0.0107	-0.0081	-0.0066	-0.0054	0.0007	-0.0024	0.0796
272	-0.0033	-0.0006	-0.0023	-0.0043	-0.0007	-0.0048	-0.0013	-0.0066	-0.0083	0.0789	-0.0010	-0.0050	-0.0046	-0.0036	-0.0107	-0.0081	-0.0066	-0.0054	0.0007	-0.0024	0.0796
176	-0.0033	-0.0006	-0.0023	-0.0043	-0.0007	-0.0048	-0.0013	-0.0066	-0.0083	0.0789	-0.0010	-0.0050	-0.0046	-0.0036	-0.0107	-0.0081	-0.0066	-0.0054	0.0007	-0.0024	0.0796
166	-0.0033	-0.0006	-0.0023	-0.0043	-0.0007	-0.0048	-0.0013	-0.0066	-0.0083	0.0789	-0.0010	-0.0050	-0.0046	-0.0036	-0.0107	-0.0081	-0.0066	-0.0054	0.0007	-0.0024	0.0796
117	-0.0033	-0.0006	-0.0023	-0.0043	-0.0007	-0.0048	-0.0013	-0.0066	-0.0083	0.0789	-0.0010	-0.0050	-0.0046	-0.0036	-0.0107	-0.0081	-0.0066	-0.0054	0.0007	-0.0024	0.0796
5	-0.0033	-0.0006	-0.0023	-0.0043	-0.0007	-0.0048	-0.0013	-0.0069	-0.0083	0.0789	-0.0007	-0.0050	-0.0046	-0.0036	-0.0107	-0.0081	-0.0066	-0.0054	0.0007	-0.0024	0.0796
460	-0.0033	-0.0006	-0.0023	-0.0043	-0.0007	-0.0048	-0.0013	-0.0066	-0.0083	0.0789	-0.0010	-0.0050	-0.0046	-0.0036	-0.0107	-0.0081	-0.0066	-0.0054	0.0007	-0.0024	0.0796
48	-0.0033	-0.0006	-0.0023	-0.0043	-0.0007	-0.0048	-0.0013	-0.0073	-0.0083	0.0789	-0.0003	-0.0050	-0.0046	-0.0036	-0.0107	-0.0081	-0.0066	-0.0054	0.0007	-0.0024	0.0796
191	-0.0033	-0.0006	-0.0023	-0.0043	-0.0007	-0.0048	-0.0013	-0.0073	-0.0083	0.0789	-0.0003	-0.0050	-0.0046	-0.0036	-0.0107	-0.0081	-0.0066	-0.0054	0.0007	-0.0024	0.0796
4	-0.0033	-0.0006	-0.0023	-0.0043	-0.0007	-0.0048	-0.0013	-0.0073	-0.0083	0.0789	-0.0003	-0.0050	-0.0046	-0.0036	-0.0107	-0.0081	-0.0066	-0.0054	0.0007	-0.0024	0.0796
66	-0.0032	-0.0006	-0.0023	-0.0043	-0.0007	-0.0048	-0.0013	-0.0074	-0.0083	0.0788	-0.0003	-0.0050	-0.0046	-0.0036	-0.0107	-0.0081	-0.0066	-0.0054	0.0007	-0.0024	0.0796
333	-0.0032	-0.0006	-0.0023	-0.0043	-0.0007	-0.0048	-0.0013	-0.0074	-0.0083	0.0788	-0.0003	-0.0050	-0.0046	-0.0036	-0.0107	-0.0081	-0.0066	-0.0054	0.0007	-0.0024	0.0796
263	-0.0032	-0.0006	-0.0023	-0.0043	-0.0007	-0.0048	-0.0013	-0.0074	-0.0083	0.0788	-0.0003	-0.0050	-0.0046	-0.0036	-0.0107	-0.0081	-0.0066	-0.0054	0.0007	-0.0024	0.0796
57	-0.0033	-0.0006	-0.0023	-0.0043	-0.0009	-0.0048	-0.0013	-0.0074	-0.0083	0.0788	-0.0003	-0.0050	-0.0040	-0.0035	-0.0106	-0.0086	-0.0066	-0.0054	0.0007	-0.0024	0.0796
248	-0.0033	-0.0006	-0.0023	-0.0043	-0.0009	-0.0048	-0.0013	-0.0066	-0.0083	0.0789	-0.0010	-0.0050	-0.0041	-0.0035	-0.0106	-0.0086	-0.0066	-0.0054	0.0006	-0.0024	0.0796
86	-0.0033	-0.0006	-0.0023	-0.0043	-0.0009	-0.0048	-0.0013	-0.0066	-0.0083	0.0789	-0.0010	-0.0050	-0.0041	-0.0035	-0.0106	-0.0086	-0.0066	-0.0054	0.0006	-0.0024	0.0796
60	-0.0033	-0.0006	-0.0023	-0.0043	-0.0009	-0.0048	-0.0013	-0.0074	-0.0083	0.0788	-0.0003	-0.0051	-0.0039	-0.0035	-0.0105	-0.0087	-0.0066	-0.0054	0.0007	-0.0024	0.0796
344	-0.0033	-0.0007	-0.0023	-0.0043	-0.0013	-0.0048	-0.0013	-0.0066	-0.0083	0.0791	-0.0010	-0.0051	-0.0029	-0.0032	-0.0103	-0.0096	-0.0066	-0.0054	0.0004	-0.0024	0.0795
542	-0.0033	-0.0007	-0.0023	-0.0043	-0.0013	-0.0048	-0.0013	-0.0066	-0.0083	0.0791	-0.0010	-0.0051	-0.0027	-0.0031	-0.0103	-0.0097	-0.0066	-0.0054	0.0003	-0.0024	0.0795
415	-0.0033	-0.0007	-0.0023	-0.0043	-0.0015	-0.0048	-0.0013	-0.0072	-0.0083	0.0789	-0.0005	-0.0051	-0.0022	-0.0029	-0.0101	-0.0103	-0.0066	-0.0054	0.0006	-0.0024	0.0795
510	-0.0033	-0.0007	-0.0023	-0.0043	-0.0016	-0.0048	-0.0013	-0.0074	-0.0083	0.0788	-0.0003	-0.0051	-0.0021	-0.0029	-0.0101	-0.0104	-0.0066	-0.0054	0.0007	-0.0024	0.0795
422	-0.0033	-0.0007	-0.0023	-0.0043	-0.0016	-0.0048	-0.0013	-0.0074	-0.0083	0.0788	-0.0003	-0.0051	-0.0021	-0.0029	-0.0101	-0.0104	-0.0066	-0.0054	0.0007	-0.0024	0.0795
78	-0.0033	-0.0007	-0.0023	-0.0043	-0.0016	-0.0048	-0.0013	-0.0074	-0.0083	0.0788	-0.0003	-0.0051	-0.0021	-0.0029	-0.0101	-0.0104	-0.0066	-0.0054	0.0007	-0.0024	0.0795
8	-0.0033	-0.0007	-0.0023	-0.0043	-0.0016	-0.0048	-0.0013	-0.0073	-0.0083	0.0788	-0.0004	-0.0051	-0.0021	-0.0029	-0.0101	-0.0104	-0.0066	-0.0054	0.0006	-0.0024	0.0795
468	-0.0033	-0.0007	-0.0023	-0.0043	-0.0016	-0.0048	-0.0013	-0.0072	-0.0083	0.0789	-0.0005	-0.0051	-0.0021	-0.0029	-0.0101	-0.0103	-0.0066	-0.0054	0.0006	-0.0024	0.0795
327	-0.0033	-0.0007	-0.0023	-0.0043	-0.0016	-0.0048	-0.0013	-0.0072	-0.0083	0.0789	-0.0005	-0.0051	-0.0021	-0.0029	-0.0101	-0.0104	-0.0066	-0.0054	0.0005	-0.0024	0.0795
6	-0.0055	-0.0008	-0.0033	-0.0045	-0.0014	-0.0055	-0.0014	0.0678	-0.0086	-0.0086	-0.0005	-0.0054	-0.0022	-0.0030	-0.0104	-0.0085	-0.0073	0.0111	0.0006	-0.0026	0.0794
440	-0.0033	-0.0007	-0.0023	-0.0043	-0.0015	-0.0048	-0.0013	-0.0067	-0.0083	0.0792	-0.0010	-0.0051	-0.0022	-0.0030	-0.0101	-0.0102	-0.0066	-0.0054	0.0002	-0.0024	0.0794
520	-0.0033	-0.0007	-0.0023	-0.0043	-0.0016	-0.0048	-0.0013	-0.0067	-0.0083	0.0792	-0.0010	-0.0051	-0.0021	-0.0029	-0.0101	-0.0103	-0.0066	-0.0054	0.0002	-0.0024	0.0794
558	-0.0033	-0.0007	-0.0023	-0.0043	-0.0016	-0.0048	-0.0013	-0.0067	-0.0083	0.0792	-0.0010	-0.0051	-0.0021	-0.0029	-0.0101	-0.0103	-0.0066	-0.0054	0.0002	-0.0024	0.0794
441	-0.0033	-0.0007	-0.0023	-0.0043	-0.0016	-0.0048	-0.0013	-0.0067	-0.0083	0.0792	-0.0010	-0.0051	-0.0021	-0.0029	-0.0101	-0.0103	-0.0066	-0.0054	0.0002	-0.0024	0.0794
68	-0.0033	-0.0007	-0.0023	-0.0043	-0.0016	-0.0048	-0.0013	-0.0067	-0.0083	0.0792	-0.0010	-0.0051	-0.0021	-0.0029	-0.0101	-0.0103	-0.0066	-0.0054	0.0002	-0.0024	0.0794
450	-0.0033	-0.0007	-0.0023	-0.0043	-0.0016	-0.0048	-0.0013	-0.0067	-0.0083	0.0792	-0.0010	-0.0051	-0.0021	-0.0029	-0.0101	-0.0103	-0.0066	-0.0054	0.0002	-0.0024	0.0794
163	-0.0033	-0.0007	-0.0023	-0.0043	-0.0016	-0.0048	-0.0013	-0.0067	-0.0083	0.0792	-0.0010	-0.0051	-0.0021	-0.0029	-0.0101	-0.0103	-0.0066	-0.0054	0.0002	-0.0024	0.0794
121	-0.0033	-0.0007	-0.0023	-0.0043	-0.0016	-0.0048	-0.0013	-0.0067	-0.0083	0.0792	-0.0010	-0.0051	-0.0021	-0.0029	-0.0101	-0.0103	-0.0066	-0.0054	0.0002	-0.0024	0.0794
10	0.0423	-0.0005	-0.0023	-0.0050	-0.0006	-0.0053	-0.0012	-0.0076	-0.0088	-0.0081	-0.0002	-0.0051	-0.0026	-0.0029	-0.0106	-0.0090	0.0362	-0.0072	0.0009	-0.0024	0.0794
292	0.0419	-0.0005	-0.0024	-0.0049	-0.0006	-0.0053	-0.0012	-0.0068	-0.0089	-0.0081	-0.0011	-0.0051	-0.0026	-0.0029	-0.0106	-0.0090	0.0366	-0.0071	0.0009	-0.0024	0.0794
205	0.0409	-0.0005	-0.0028	-0.0044	-0.0006	-0.0052	-0.0012	-0.0082	-0.0085	-0.0081	-0.0002	-0.0055	-0.0026	-0.0029	-0.0104	-0.0092	0.0376	-0.0067	0.0009	-0.0024	0.0793
325	0.0387	-0.0005	-0.0023	-0.0046	-0.0006	-0.0050	-0.0012	-0.0091	-0.0092	-0.0080	-0.0001	-0.0052	-0.0026	-0.0029	-0.0109	-0.0090	0.0397	-0.0058	0.0009	-0.0024	0.0793
243	-0.0033	-0.0007	-0.0056	-0.0044	-0.0007	-0.0049	-0.0018	-0.0073	-0.0102	-0.0080	-0.0003	0.0432	-0.0021	-0.0029	-0.0103	0.0338	-0.0072	-0.0050	0.0007	-0.0030	0.0777
385	-0.0033	-0.0007	-0.0056	-0.0044	-0.0007	-0.0049	-0.0018	-0.0073	-0.0102	-0.0080	-0.0003	0.0431	-0.0021	-0.0029	-0.0103	0.0339	-0.0072	-0.0050	0.0007	-0.0030	0.0777
175	-0.0033	-0.0007	-0.0056	-0.0044	-0.0007	-0.0049	-0.0018	-0.0073	-0.0102	-0.0080	-0.0003	0.0431	-0.0021	-0.0029	-0.0103	0.0339	-0.0072	-0.0050	0.0007	-0.0030	0.0777
222	-0.0033	-0.0009	-0.0040	-0.0044	-0.0007	-0.0064	-0.0015	-0.0073	-0.0094	-0.0080	-0.0003	0.0394	-0.0021	-0.0029	-0.0115	0.0374	-0.0072	-0.0050	0.0007	-0.0027	0.0776
72	-0.0033	-0.0011	-0.0032	-0.0044	-0.0007	-0.0072	-0.0014	-0.0073	-0.0089	-0.0080	-0.0002	0.0375	-0.0021	-0.0029	-0.0122	0.0393	-0.0071	-0.0050	0.0007	-0.0026	0.0775
90	-0.0042	-0.0014	-0.0036	0.0372	-0.0014	-0.0078	-0.0020	-0.0077	0.0039	-0.0086	-0.0010	-0.0062	-0.0028	-0.0040	0.0356	-0.0091	-0.0076	-0.0060	-0.0000	-0.0031	0.0767
63	-0.0040	-0.0011	-0.0027	-0.0050	-0.0011	-0.0052	-0.0017	0.0062	0.0368	-0.0092	-0.0036	-0.0056	-0.0025	-0.0034	-0.0117	-0.0086	0.0334	-0.0083	0.0003	-0.0028	0.0767
231	-0.0042	-0.0015	-0.0034	0.0030	-0.0016	-0.0065	-0.0022	-0.0079	0.0366	-0.0086	-0.0011	-0.0067	-0.0029	-0.0042	0.0370	-0.0089	-0.0077	-0.0059	-0.0002	-0.0032	0.0766
148	-0.0056	-0.0007	-0.0023	-0.0044	-0.0007	-0.0049	-0.0013	-0.0067	-0.0092	-0.0087	-0.0026	-0.0051	-0.0033	-0.0029	-0.0107	0.0362	0.0398	-0.0050	0.0006	-0.0025	0.0766
88	-0.0038	-0.0013	-0.0023	-0.0043	-0.0038	-0.0048	-0.0013	-0.0067	-0.0083	-0.0079	-0.0003	-0.0051	-0.0052	-0.0029	-0.0101	0.0394	0.0364	-0.0050	0.0007	-0.0033	0.0765
310	-0.0048	-0.0005	-0.0022	-0.0049	-0.0006	-0.0052	-0.0012	0.0352	-0.0087	-0.0089	-0.0009	-0.0050	-0.0020	-0.0028	-0.0104	-0.0082	-0.0073	0.0398	0.0009	-0.0023	0.0759
105	-0.0062	-0.0006	-0.0023	-0.0043	-0.0007	-0.0048	-0.0013	0.0336	-0.0095	-0.0080	-0.0003	-0.0051	-0.0026	-0.0029	-0.0110	-0.0088	0.0414	-0.0051	0.0008	-0.0024	0.0758
336	-0.0033	-0.0005	-0.0022	-0.0043	-0.0011	-0.0048	-0.0012	0.0398	-0.0084	-0.0083	-0.0006	-0.0059	-0.0020	-0.0028	-0.0102	-0.0088	-0.0091	0.0350	0.0009	-0.0023	0.0756
77	-0.0034	-0.0005	-0.0023	-0.0043	-0.0011	-0.0048	-0.0012	0.0396	-0.0084	-0.0083	-0.0006	-0.0059	-0.0020	-0.0028	-0.0102	-0.0087	-0.0090	0.0351	0.0009	-0.0023	0.0756
46	-0.0054	-0.0005	-0.0030	-0.0045	-0.0010	-0.0054	-0.0012	0.0329	-0.0084	-0.0085	-0.0002	-0.0051	-0.0020	-0.0028	-0.0102	-0.0082	-0.0067	0.0417	0.0009	-0.0023	0.0755
313	-0.0055	-0.0005	-0.0032	-0.0043	-0.0011	-0.0054	-0.0012	0.0328	-0.0084	-0.0084	-0.0002	-0.0051	-0.0020	-0.0028	-0.0102	-0.0082	-0.0067	0.0418	0.0009	-0.0023	0.0755
214	-0.0055	-0.0005	-0.0032	-0.0043	-0.0011	-0.0054	-0.0012	0.0328	-0.0084	-0.0084	-0.0002	-0.0051	-0.0020	-0.0028	-0.0102	-0.0082	-0.0067	0.0418	0.0009	-0.0023	0.0755
194	-0.0054	-0.0005	-0.0031	-0.0043	-0.0011	-0.0054	-0.0012	0.0329	-0.0084	-0.0084	-0.0002	-0.0051	-0.0020	-0.0028	-0.0102	-0.0082	-0.0067	0.0417	0.0009	-0.0023	0.0755
52	-0.0039	-0.0021	-0.0031	-0.0049	-0.0013	-0.0090	-0.0021	-0.0079	-0.0090	-0.0085	-0.0009	0.0322	-0.0027	-0.0035	0.0355	0.0075	-0.0077	-0.0056	0.0001	-0.0031	0.0753
169	0.0357	-0.0009	-0.0026	-0.0010	-0.0010	-0.0054	-0.0016	-0.0072	0.0391	-0.0083	-0.0009	-0.0063	-0.0025	-0.0036	-0.0143	-0.0087	-0.0023	-0.0059	0.0005	-0.0027	0.0752
149	0.0104	-0.0008	-0.0025	-0.0056	-0.0008	-0.0057	-0.0015	-0.0071	-0.0087	-0.0082	-0.0004	-0.0053	-0.0029	-0.0031	-0.0105	-0.0092	0.0315	0.0323	0.0006	-0.0026	0.0749
206	-0.0032	-0.0005	-0.0022	-0.0042	-0.0022	-0.0047	-0.0016	0.0086	-0.0082	0.0652	-0.0005	-0.0055	-0.0031	-0.0028	-0.0103	-0.0084	-0.0081	-0.0069	0.0008	-0.0023	0.0747
3	-0.0039	-0.0013	-0.0030	-0.0088	-0.0014	-0.0056	-0.0020	0.0313	0.0095	-0.0085	-0.0010	-0.0069	-0.0027	-0.0041	0.0339	-0.0088	-0.0078	-0.0056	-0.0000	-0.0031	0.0747
145	-0.0048	-0.0014	-0.0030	-0.0065	-0.0015	-0.0068	-0.0020	-0.0087	0.0054	-0.0085	-0.0010	-0.0051	-0.0029	-0.0038	0.0355	-0.0096	0.0336	-0.0057	-0.0001	-0.0031	0.0745
12	0.0343	-0.0008	-0.0025	-0.0045	-0.0009	-0.0050	-0.0014	-0.0090	-0.0093	-0.0095	-0.0004	-0.0053	-0.0040	-0.0031	-0.0110	0.0339	0.0055	-0.0052	0.0006	-0.0026	0.0744
282	-0.0067	-0.0008	-0.0027	-0.0046	-0.0009	-0.0051	-0.0015	0.0308	-0.0088	-0.0082	-0.0005	0.0352	-0.0029	-0.0031	-0.0105	-0.0100	0.0078	-0.0053	0.0006	-0.0027	0.0743
217	-0.0052	-0.0004	-0.0021	-0.0050	-0.0005	-0.0051	-0.0010	-0.0065	-0.0081	0.0317	-0.0046	-0.0049	-0.0018	-0.0027	-0.0100	-0.0081	-0.0064	0.0416	0.0010	-0.0022	0.0743
87	-0.0033	-0.0010	-0.0023	-0.0044	0.0107	-0.0049	-0.0015	0.0336	-0.0084	0.0288	-0.0004	-0.0053	-0.0027	-0.0029	-0.0104	-0.0101	-0.0073	-0.0062	0.0008	-0.0030	0.0739
475	-0.0030	-0.0004	-0.0020	-0.0041	-0.0004	-0.0046	-0.0010	0.0408	-0.0091	0.0318	-0.0027	-0.0048	-0.0020	-0.0027	-0.0106	-0.0079	-0.0087	-0.0075	0.0010	-0.0021	0.0736
144	-0.0053	-0.0007	-0.0024	-0.0052	-0.0008	-0.0054	-0.0014	0.0011	-0.0088	-0.0091	-0.0010	-0.0053	-0.0022	-0.0030	-0.0106	-0.0085	0.0338	0.0367	0.0007	-0.0025	0.0723
164	-0.0032	-0.0004	-0.0021	-0.0041	-0.0008	-0.0046	-0.0012	-0.0076	-0.0082	0.0343	0.0000	-0.0048	-0.0047	-0.0034	-0.0107	-0.0080	-0.0064	0.0369	0.0010	-0.0022	0.0722
59	-0.0038	-0.0012	-0.0028	-0.0050	-0.0013	-0.0071	-0.0019	-0.0077	0.0345	0.0284	-0.0008	-0.0056	-0.0036	-0.0056	0.0085	-0.0092	-0.0073	-0.0056	0.0001	-0.0030	0.0715
431	-0.0031	-0.0004	-0.0021	-0.0041	-0.0005	-0.0046	-0.0011	0.0360	-0.0082	0.0340	-0.0009	-0.0049	-0.0048	-0.0035	-0.0107	-0.0080	-0.0065	-0.0054	0.0009	-0.0022	0.0709
172	-0.0036	-0.0007	-0.0023	-0.0043	-0.0012	-0.0048	-0.0013	-0.0066	-0.0083	0.0625	-0.0007	-0.0051	-0.0038	-0.0029	-0.0101	0.0076	-0.0071	-0.0052	0.0002	-0.0024	0.0704
177	-0.0039	-0.0020	-0.0029	-0.0049	-0.0013	-0.0093	-0.0019	0.0316	0.0344	-0.0084	-0.0009	-0.0077	-0.0027	-0.0035	-0.0045	0.0043	-0.0078	-0.0056	0.0001	-0.0030	0.0704
85	-0.0036	-0.0006	-0.0023	-0.0043	-0.0009	-0.0048	-0.0013	-0.0068	-0.0082	0.0309	-0.0002	-0.0050	-0.0044	-0.0028	-0.0100	0.0381	-0.0073	-0.0050	0.0007	-0.0024	0.0698