# Differential preferences fit to each site.
# Regularizing prior: ('invquadratic', 150.0, 0.5)
#
site	dpi_A	dpi_C	dpi_D	dpi_E	dpi_F	dpi_G	dpi_H	dpi_I	dpi_K	dpi_L	dpi_M	dpi_N	dpi_P	dpi_Q	dpi_R	dpi_S	dpi_T	dpi_V	dpi_W	dpi_Y	half_sum_abs_dpi
92	-0.0058	-0.0036	-0.0047	-0.0070	-0.0030	-0.0080	-0.0035	-0.0101	-0.0117	-0.0121	-0.0023	-0.0080	-0.0044	-0.0053	-0.0173	-0.0122	-0.0098	-0.0080	0.1416	-0.0050	0.1416
76	-0.0058	-0.0036	-0.0047	-0.0070	-0.0030	-0.0080	-0.0035	-0.0101	-0.0117	-0.0121	-0.0023	-0.0080	-0.0044	-0.0053	-0.0173	-0.0122	-0.0098	-0.0080	0.1416	-0.0050	0.1416
551	-0.0058	-0.0036	-0.0047	-0.0070	-0.0030	-0.0080	-0.0035	-0.0101	-0.0117	-0.0121	-0.0023	-0.0080	-0.0044	-0.0053	-0.0173	-0.0122	-0.0098	-0.0080	0.1416	-0.0050	0.1416
434	-0.0058	-0.0036	-0.0047	-0.0070	-0.0030	-0.0080	-0.0035	-0.0101	-0.0117	-0.0121	-0.0023	-0.0080	-0.0044	-0.0053	-0.0173	-0.0122	-0.0098	-0.0080	0.1416	-0.0050	0.1416
363	-0.0058	-0.0036	-0.0047	-0.0070	-0.0030	-0.0080	-0.0035	-0.0101	-0.0117	-0.0121	-0.0023	-0.0080	-0.0044	-0.0053	-0.0173	-0.0122	-0.0098	-0.0080	0.1416	-0.0050	0.1416
356	-0.0058	-0.0036	-0.0047	-0.0070	-0.0030	-0.0080	-0.0035	-0.0101	-0.0117	-0.0121	-0.0023	-0.0080	-0.0044	-0.0053	-0.0173	-0.0122	-0.0098	-0.0080	0.1416	-0.0050	0.1416
246	-0.0058	-0.0036	-0.0047	-0.0070	-0.0030	-0.0080	-0.0035	-0.0101	-0.0117	-0.0121	-0.0023	-0.0080	-0.0044	-0.0053	-0.0173	-0.0122	-0.0098	-0.0080	0.1416	-0.0050	0.1416
192	-0.0058	-0.0036	-0.0047	-0.0070	-0.0030	-0.0080	-0.0035	-0.0101	-0.0117	-0.0121	-0.0023	-0.0080	-0.0044	-0.0053	-0.0173	-0.0122	-0.0098	-0.0080	0.1416	-0.0050	0.1416
165	-0.0058	-0.0036	-0.0047	-0.0070	-0.0030	-0.0080	-0.0035	-0.0101	-0.0117	-0.0121	-0.0023	-0.0080	-0.0044	-0.0053	-0.0173	-0.0122	-0.0098	-0.0080	0.1416	-0.0050	0.1416
139	-0.0058	-0.0036	-0.0047	-0.0070	-0.0030	-0.0080	-0.0035	-0.0101	-0.0117	-0.0121	-0.0023	-0.0080	-0.0044	-0.0053	-0.0173	-0.0122	-0.0098	-0.0080	0.1416	-0.0050	0.1416
552	-0.0054	-0.0025	-0.0043	-0.0066	-0.0026	-0.0071	-0.0032	-0.0144	-0.0120	-0.0119	0.1379	-0.0075	-0.0040	-0.0049	-0.0138	-0.0112	-0.0112	-0.0098	-0.0009	-0.0046	0.1379
523	-0.0054	-0.0025	-0.0043	-0.0066	-0.0026	-0.0071	-0.0032	-0.0144	-0.0120	-0.0119	0.1379	-0.0075	-0.0040	-0.0049	-0.0138	-0.0112	-0.0112	-0.0098	-0.0009	-0.0046	0.1379
491	-0.0054	-0.0025	-0.0043	-0.0066	-0.0026	-0.0071	-0.0032	-0.0144	-0.0120	-0.0119	0.1379	-0.0075	-0.0040	-0.0049	-0.0138	-0.0112	-0.0112	-0.0098	-0.0009	-0.0046	0.1379
419	-0.0054	-0.0025	-0.0043	-0.0066	-0.0026	-0.0071	-0.0032	-0.0144	-0.0120	-0.0119	0.1379	-0.0075	-0.0040	-0.0049	-0.0138	-0.0112	-0.0112	-0.0098	-0.0009	-0.0046	0.1379
401	-0.0054	-0.0025	-0.0043	-0.0066	-0.0026	-0.0071	-0.0032	-0.0144	-0.0120	-0.0119	0.1379	-0.0075	-0.0040	-0.0049	-0.0138	-0.0112	-0.0112	-0.0098	-0.0009	-0.0046	0.1379
359	-0.0054	-0.0025	-0.0043	-0.0066	-0.0026	-0.0071	-0.0032	-0.0144	-0.0120	-0.0119	0.1379	-0.0075	-0.0040	-0.0049	-0.0138	-0.0112	-0.0112	-0.0098	-0.0009	-0.0046	0.1379
329	-0.0054	-0.0025	-0.0043	-0.0066	-0.0026	-0.0071	-0.0032	-0.0144	-0.0120	-0.0119	0.1379	-0.0075	-0.0040	-0.0049	-0.0138	-0.0112	-0.0112	-0.0098	-0.0009	-0.0046	0.1379
563	-0.0055	0.1378	-0.0045	-0.0067	-0.0033	-0.0077	-0.0034	-0.0097	-0.0113	-0.0112	-0.0022	-0.0077	-0.0042	-0.0051	-0.0158	-0.0125	-0.0094	-0.0077	-0.0015	-0.0086	0.1378
490	-0.0055	0.1378	-0.0045	-0.0067	-0.0033	-0.0077	-0.0034	-0.0097	-0.0113	-0.0112	-0.0022	-0.0077	-0.0042	-0.0051	-0.0158	-0.0125	-0.0094	-0.0077	-0.0015	-0.0086	0.1378
486	-0.0055	0.1378	-0.0045	-0.0067	-0.0033	-0.0077	-0.0034	-0.0097	-0.0113	-0.0112	-0.0022	-0.0077	-0.0042	-0.0051	-0.0158	-0.0125	-0.0094	-0.0077	-0.0015	-0.0086	0.1378
479	-0.0055	0.1378	-0.0045	-0.0067	-0.0033	-0.0077	-0.0034	-0.0097	-0.0113	-0.0112	-0.0022	-0.0077	-0.0042	-0.0051	-0.0158	-0.0125	-0.0094	-0.0077	-0.0015	-0.0086	0.1378
290	-0.0055	0.1378	-0.0045	-0.0067	-0.0033	-0.0077	-0.0034	-0.0097	-0.0113	-0.0112	-0.0022	-0.0077	-0.0042	-0.0051	-0.0158	-0.0125	-0.0094	-0.0077	-0.0015	-0.0086	0.1378
20	-0.0055	0.1378	-0.0045	-0.0067	-0.0033	-0.0077	-0.0034	-0.0097	-0.0113	-0.0112	-0.0022	-0.0077	-0.0042	-0.0051	-0.0158	-0.0125	-0.0094	-0.0077	-0.0015	-0.0086	0.1378
151	-0.0055	0.1378	-0.0045	-0.0067	-0.0033	-0.0077	-0.0034	-0.0097	-0.0113	-0.0113	-0.0021	-0.0077	-0.0043	-0.0051	-0.0157	-0.0124	-0.0094	-0.0077	-0.0015	-0.0086	0.1378
318	-0.0055	0.1378	-0.0045	-0.0067	-0.0033	-0.0077	-0.0034	-0.0097	-0.0113	-0.0113	-0.0021	-0.0077	-0.0043	-0.0051	-0.0157	-0.0124	-0.0094	-0.0077	-0.0015	-0.0086	0.1378
553	-0.0055	0.1378	-0.0045	-0.0067	-0.0033	-0.0077	-0.0034	-0.0097	-0.0113	-0.0113	-0.0021	-0.0077	-0.0043	-0.0051	-0.0157	-0.0124	-0.0094	-0.0077	-0.0015	-0.0086	0.1378
83	-0.0055	0.1378	-0.0045	-0.0067	-0.0033	-0.0077	-0.0034	-0.0097	-0.0113	-0.0113	-0.0021	-0.0077	-0.0043	-0.0051	-0.0157	-0.0124	-0.0094	-0.0077	-0.0015	-0.0086	0.1378
9	-0.0055	0.1378	-0.0045	-0.0067	-0.0033	-0.0077	-0.0034	-0.0097	-0.0113	-0.0113	-0.0021	-0.0077	-0.0043	-0.0051	-0.0157	-0.0124	-0.0094	-0.0077	-0.0015	-0.0086	0.1378
106	-0.0055	0.1378	-0.0045	-0.0067	-0.0033	-0.0077	-0.0034	-0.0097	-0.0113	-0.0113	-0.0021	-0.0077	-0.0043	-0.0051	-0.0157	-0.0124	-0.0094	-0.0077	-0.0015	-0.0086	0.1378
294	-0.0055	0.1378	-0.0045	-0.0067	-0.0033	-0.0077	-0.0034	-0.0097	-0.0113	-0.0113	-0.0021	-0.0077	-0.0043	-0.0051	-0.0157	-0.0124	-0.0094	-0.0077	-0.0015	-0.0086	0.1378
560	-0.0055	0.1378	-0.0045	-0.0067	-0.0033	-0.0077	-0.0034	-0.0097	-0.0113	-0.0113	-0.0021	-0.0077	-0.0043	-0.0051	-0.0157	-0.0124	-0.0094	-0.0077	-0.0015	-0.0086	0.1378
58	-0.0055	0.1378	-0.0045	-0.0067	-0.0033	-0.0077	-0.0034	-0.0097	-0.0113	-0.0113	-0.0021	-0.0077	-0.0043	-0.0051	-0.0157	-0.0124	-0.0094	-0.0077	-0.0015	-0.0086	0.1378
71	-0.0055	0.1378	-0.0045	-0.0067	-0.0033	-0.0077	-0.0034	-0.0097	-0.0113	-0.0113	-0.0021	-0.0077	-0.0043	-0.0051	-0.0157	-0.0124	-0.0094	-0.0077	-0.0015	-0.0086	0.1378
197	-0.0059	-0.0028	-0.0045	-0.0067	-0.0029	-0.0072	-0.0034	-0.0095	-0.0111	-0.0136	-0.0023	-0.0076	0.1344	-0.0058	-0.0136	-0.0140	-0.0100	-0.0076	-0.0012	-0.0048	0.1344
227	-0.0059	-0.0028	-0.0045	-0.0067	-0.0029	-0.0072	-0.0034	-0.0095	-0.0111	-0.0136	-0.0023	-0.0076	0.1344	-0.0058	-0.0136	-0.0140	-0.0100	-0.0076	-0.0012	-0.0048	0.1344
266	-0.0059	-0.0028	-0.0045	-0.0067	-0.0029	-0.0072	-0.0034	-0.0095	-0.0111	-0.0136	-0.0023	-0.0076	0.1344	-0.0058	-0.0136	-0.0140	-0.0100	-0.0076	-0.0012	-0.0048	0.1344
99	-0.0059	-0.0028	-0.0045	-0.0067	-0.0029	-0.0072	-0.0034	-0.0095	-0.0111	-0.0136	-0.0023	-0.0076	0.1344	-0.0058	-0.0136	-0.0140	-0.0100	-0.0076	-0.0012	-0.0048	0.1344
81	-0.0059	-0.0028	-0.0045	-0.0067	-0.0029	-0.0072	-0.0034	-0.0095	-0.0111	-0.0136	-0.0023	-0.0076	0.1344	-0.0058	-0.0136	-0.0140	-0.0100	-0.0076	-0.0012	-0.0048	0.1344
65	-0.0059	-0.0028	-0.0045	-0.0067	-0.0029	-0.0072	-0.0034	-0.0095	-0.0111	-0.0136	-0.0023	-0.0076	0.1344	-0.0058	-0.0136	-0.0140	-0.0100	-0.0076	-0.0012	-0.0048	0.1344
337	-0.0059	-0.0028	-0.0045	-0.0067	-0.0029	-0.0072	-0.0034	-0.0095	-0.0111	-0.0136	-0.0023	-0.0076	0.1344	-0.0058	-0.0136	-0.0140	-0.0100	-0.0076	-0.0012	-0.0048	0.1344
174	-0.0059	-0.0028	-0.0045	-0.0067	-0.0029	-0.0072	-0.0034	-0.0095	-0.0111	-0.0136	-0.0023	-0.0076	0.1344	-0.0058	-0.0136	-0.0140	-0.0100	-0.0076	-0.0012	-0.0048	0.1344
108	-0.0059	-0.0028	-0.0045	-0.0067	-0.0029	-0.0072	-0.0034	-0.0095	-0.0111	-0.0136	-0.0023	-0.0076	0.1344	-0.0058	-0.0136	-0.0140	-0.0100	-0.0076	-0.0012	-0.0048	0.1344
502	-0.0059	-0.0028	-0.0045	-0.0067	-0.0029	-0.0072	-0.0034	-0.0095	-0.0111	-0.0136	-0.0023	-0.0076	0.1344	-0.0058	-0.0136	-0.0140	-0.0100	-0.0076	-0.0012	-0.0048	0.1344
312	-0.0059	-0.0028	-0.0045	-0.0067	-0.0029	-0.0072	-0.0034	-0.0095	-0.0111	-0.0136	-0.0023	-0.0076	0.1344	-0.0058	-0.0136	-0.0140	-0.0100	-0.0076	-0.0012	-0.0048	0.1344
319	-0.0059	-0.0028	-0.0045	-0.0067	-0.0029	-0.0072	-0.0034	-0.0095	-0.0111	-0.0136	-0.0023	-0.0076	0.1344	-0.0058	-0.0136	-0.0140	-0.0100	-0.0076	-0.0012	-0.0048	0.1344
233	-0.0059	-0.0028	-0.0045	-0.0067	-0.0029	-0.0072	-0.0041	-0.0095	-0.0111	-0.0136	-0.0023	-0.0076	0.1344	-0.0051	-0.0136	-0.0140	-0.0100	-0.0076	-0.0012	-0.0048	0.1344
251	-0.0059	-0.0028	-0.0045	-0.0067	-0.0029	-0.0072	-0.0041	-0.0095	-0.0111	-0.0136	-0.0023	-0.0076	0.1344	-0.0051	-0.0136	-0.0140	-0.0100	-0.0076	-0.0012	-0.0048	0.1344
306	-0.0059	-0.0028	-0.0045	-0.0067	-0.0029	-0.0072	-0.0041	-0.0095	-0.0111	-0.0136	-0.0023	-0.0076	0.1344	-0.0051	-0.0136	-0.0140	-0.0100	-0.0076	-0.0012	-0.0048	0.1344
297	-0.0059	-0.0028	-0.0045	-0.0067	-0.0029	-0.0072	-0.0041	-0.0095	-0.0111	-0.0136	-0.0023	-0.0076	0.1344	-0.0051	-0.0136	-0.0140	-0.0100	-0.0076	-0.0012	-0.0048	0.1344
140	-0.0059	-0.0028	-0.0045	-0.0067	-0.0029	-0.0072	-0.0041	-0.0095	-0.0111	-0.0136	-0.0023	-0.0076	0.1344	-0.0051	-0.0136	-0.0140	-0.0100	-0.0076	-0.0012	-0.0048	0.1344
134	-0.0059	-0.0028	-0.0045	-0.0067	-0.0029	-0.0072	-0.0041	-0.0095	-0.0111	-0.0136	-0.0023	-0.0076	0.1344	-0.0051	-0.0136	-0.0140	-0.0100	-0.0076	-0.0012	-0.0048	0.1344
53	-0.0051	-0.0023	-0.0045	-0.0063	-0.0025	-0.0068	0.1285	-0.0092	-0.0107	-0.0111	-0.0019	-0.0079	-0.0042	-0.0058	-0.0159	-0.0108	-0.0089	-0.0072	-0.0008	-0.0068	0.1285
484	-0.0051	-0.0023	-0.0045	-0.0063	-0.0025	-0.0068	0.1285	-0.0092	-0.0107	-0.0111	-0.0019	-0.0079	-0.0042	-0.0058	-0.0159	-0.0108	-0.0089	-0.0072	-0.0008	-0.0068	0.1285
311	-0.0051	-0.0023	-0.0045	-0.0063	-0.0025	-0.0068	0.1285	-0.0092	-0.0107	-0.0111	-0.0019	-0.0079	-0.0042	-0.0058	-0.0159	-0.0108	-0.0089	-0.0072	-0.0008	-0.0068	0.1285
196	-0.0051	-0.0023	-0.0045	-0.0063	-0.0025	-0.0068	0.1285	-0.0092	-0.0107	-0.0111	-0.0019	-0.0079	-0.0042	-0.0058	-0.0159	-0.0108	-0.0089	-0.0072	-0.0008	-0.0068	0.1285
142	-0.0051	-0.0023	-0.0045	-0.0063	-0.0025	-0.0068	0.1285	-0.0092	-0.0107	-0.0111	-0.0019	-0.0079	-0.0042	-0.0058	-0.0159	-0.0108	-0.0089	-0.0072	-0.0008	-0.0068	0.1285
24	-0.0051	-0.0023	-0.0045	-0.0063	-0.0025	-0.0068	0.1285	-0.0092	-0.0107	-0.0111	-0.0019	-0.0079	-0.0042	-0.0058	-0.0159	-0.0108	-0.0089	-0.0072	-0.0008	-0.0068	0.1285
195	-0.0051	-0.0023	-0.0045	-0.0063	-0.0025	-0.0068	0.1285	-0.0092	-0.0107	-0.0111	-0.0019	-0.0079	-0.0042	-0.0058	-0.0159	-0.0108	-0.0089	-0.0072	-0.0008	-0.0068	0.1285
368	-0.0051	-0.0023	-0.0045	-0.0063	-0.0025	-0.0068	0.1285	-0.0092	-0.0107	-0.0111	-0.0019	-0.0079	-0.0042	-0.0058	-0.0159	-0.0108	-0.0089	-0.0072	-0.0007	-0.0068	0.1285
367	-0.0051	-0.0023	-0.0045	-0.0063	-0.0025	-0.0068	0.1285	-0.0092	-0.0107	-0.0111	-0.0019	-0.0079	-0.0042	-0.0058	-0.0159	-0.0108	-0.0089	-0.0072	-0.0007	-0.0068	0.1285
44	-0.0051	-0.0023	-0.0045	-0.0063	-0.0025	-0.0068	0.1285	-0.0092	-0.0107	-0.0111	-0.0019	-0.0079	-0.0042	-0.0058	-0.0159	-0.0108	-0.0089	-0.0072	-0.0007	-0.0068	0.1285
453	-0.0051	-0.0023	-0.0045	-0.0063	-0.0025	-0.0068	0.1285	-0.0092	-0.0107	-0.0111	-0.0019	-0.0079	-0.0042	-0.0058	-0.0159	-0.0108	-0.0089	-0.0072	-0.0007	-0.0068	0.1285
153	-0.0051	-0.0023	-0.0045	-0.0063	-0.0025	-0.0068	0.1285	-0.0092	-0.0107	-0.0111	-0.0019	-0.0079	-0.0042	-0.0058	-0.0159	-0.0108	-0.0089	-0.0072	-0.0007	-0.0068	0.1285
430	-0.0050	-0.0026	-0.0040	-0.0062	0.1260	-0.0067	-0.0029	-0.0098	-0.0107	-0.0137	-0.0017	-0.0071	-0.0037	-0.0046	-0.0127	-0.0128	-0.0088	-0.0075	-0.0006	-0.0049	0.1260
133	-0.0050	-0.0026	-0.0040	-0.0062	0.1260	-0.0067	-0.0029	-0.0098	-0.0107	-0.0137	-0.0017	-0.0071	-0.0037	-0.0046	-0.0127	-0.0128	-0.0088	-0.0075	-0.0006	-0.0049	0.1260
550	-0.0050	-0.0026	-0.0040	-0.0062	0.1260	-0.0067	-0.0029	-0.0098	-0.0107	-0.0137	-0.0017	-0.0071	-0.0037	-0.0046	-0.0127	-0.0128	-0.0088	-0.0075	-0.0006	-0.0049	0.1260
482	-0.0050	-0.0026	-0.0040	-0.0062	0.1260	-0.0067	-0.0029	-0.0098	-0.0107	-0.0137	-0.0017	-0.0071	-0.0037	-0.0046	-0.0127	-0.0128	-0.0088	-0.0075	-0.0006	-0.0049	0.1260
412	-0.0050	-0.0026	-0.0040	-0.0062	0.1260	-0.0067	-0.0029	-0.0098	-0.0107	-0.0137	-0.0017	-0.0071	-0.0037	-0.0046	-0.0127	-0.0128	-0.0088	-0.0075	-0.0006	-0.0049	0.1260
405	-0.0050	-0.0026	-0.0040	-0.0062	0.1260	-0.0067	-0.0029	-0.0098	-0.0107	-0.0137	-0.0017	-0.0071	-0.0037	-0.0046	-0.0127	-0.0128	-0.0088	-0.0075	-0.0006	-0.0049	0.1260
351	-0.0050	-0.0026	-0.0040	-0.0062	0.1260	-0.0067	-0.0029	-0.0098	-0.0107	-0.0137	-0.0017	-0.0071	-0.0037	-0.0046	-0.0127	-0.0128	-0.0088	-0.0075	-0.0006	-0.0049	0.1260
225	-0.0050	-0.0026	-0.0040	-0.0062	0.1260	-0.0067	-0.0029	-0.0098	-0.0107	-0.0137	-0.0017	-0.0071	-0.0037	-0.0046	-0.0127	-0.0128	-0.0088	-0.0075	-0.0006	-0.0049	0.1260
111	-0.0050	-0.0026	-0.0040	-0.0062	0.1260	-0.0067	-0.0029	-0.0098	-0.0107	-0.0137	-0.0017	-0.0071	-0.0037	-0.0046	-0.0127	-0.0128	-0.0088	-0.0075	-0.0006	-0.0049	0.1260
480	-0.0050	-0.0026	-0.0040	-0.0062	0.1260	-0.0067	-0.0029	-0.0098	-0.0107	-0.0137	-0.0017	-0.0071	-0.0037	-0.0046	-0.0127	-0.0128	-0.0088	-0.0075	-0.0006	-0.0049	0.1260
345	-0.0050	-0.0026	-0.0040	-0.0062	0.1260	-0.0067	-0.0029	-0.0098	-0.0107	-0.0137	-0.0017	-0.0071	-0.0037	-0.0046	-0.0127	-0.0128	-0.0088	-0.0075	-0.0006	-0.0049	0.1260
257	-0.0050	-0.0026	-0.0040	-0.0062	0.1260	-0.0067	-0.0029	-0.0098	-0.0107	-0.0137	-0.0017	-0.0071	-0.0037	-0.0046	-0.0127	-0.0128	-0.0088	-0.0075	-0.0006	-0.0049	0.1260
159	-0.0050	-0.0026	-0.0040	-0.0062	0.1260	-0.0067	-0.0029	-0.0098	-0.0107	-0.0137	-0.0017	-0.0071	-0.0037	-0.0046	-0.0127	-0.0128	-0.0088	-0.0075	-0.0006	-0.0049	0.1260
127	-0.0050	-0.0026	-0.0040	-0.0062	0.1260	-0.0067	-0.0029	-0.0098	-0.0107	-0.0137	-0.0017	-0.0071	-0.0037	-0.0046	-0.0127	-0.0128	-0.0088	-0.0075	-0.0006	-0.0049	0.1260
130	-0.0050	-0.0026	-0.0040	-0.0062	0.1260	-0.0067	-0.0029	-0.0098	-0.0107	-0.0137	-0.0017	-0.0071	-0.0037	-0.0046	-0.0127	-0.0128	-0.0088	-0.0075	-0.0006	-0.0049	0.1260
270	-0.0050	-0.0026	-0.0040	-0.0062	0.1260	-0.0067	-0.0028	-0.0098	-0.0107	-0.0136	-0.0017	-0.0071	-0.0037	-0.0046	-0.0127	-0.0128	-0.0088	-0.0076	-0.0006	-0.0049	0.1260
307	-0.0050	-0.0026	-0.0040	-0.0062	0.1259	-0.0067	-0.0028	-0.0098	-0.0107	-0.0136	-0.0017	-0.0071	-0.0037	-0.0046	-0.0127	-0.0128	-0.0088	-0.0076	-0.0006	-0.0049	0.1259
452	-0.0050	-0.0026	-0.0040	-0.0062	0.1259	-0.0067	-0.0028	-0.0098	-0.0107	-0.0136	-0.0017	-0.0071	-0.0037	-0.0046	-0.0127	-0.0128	-0.0088	-0.0076	-0.0006	-0.0049	0.1259
253	-0.0053	-0.0022	0.1242	-0.0072	-0.0024	-0.0090	-0.0032	-0.0089	-0.0104	-0.0103	-0.0018	-0.0110	-0.0037	-0.0045	-0.0124	-0.0105	-0.0086	-0.0074	-0.0007	-0.0047	0.1242
451	-0.0053	-0.0022	0.1242	-0.0072	-0.0024	-0.0090	-0.0032	-0.0089	-0.0104	-0.0103	-0.0018	-0.0110	-0.0037	-0.0045	-0.0124	-0.0105	-0.0086	-0.0074	-0.0007	-0.0047	0.1242
30	-0.0053	-0.0022	0.1242	-0.0072	-0.0024	-0.0090	-0.0032	-0.0089	-0.0104	-0.0103	-0.0018	-0.0110	-0.0037	-0.0045	-0.0124	-0.0105	-0.0086	-0.0074	-0.0007	-0.0047	0.1242
379	-0.0053	-0.0022	0.1242	-0.0072	-0.0024	-0.0090	-0.0032	-0.0089	-0.0104	-0.0103	-0.0018	-0.0110	-0.0037	-0.0045	-0.0124	-0.0105	-0.0086	-0.0074	-0.0007	-0.0047	0.1242
500	-0.0053	-0.0022	0.1242	-0.0072	-0.0024	-0.0090	-0.0032	-0.0089	-0.0104	-0.0103	-0.0018	-0.0110	-0.0037	-0.0045	-0.0124	-0.0105	-0.0086	-0.0074	-0.0007	-0.0047	0.1242
454	-0.0053	-0.0022	0.1242	-0.0072	-0.0024	-0.0091	-0.0032	-0.0089	-0.0104	-0.0103	-0.0018	-0.0111	-0.0036	-0.0045	-0.0124	-0.0105	-0.0086	-0.0074	-0.0007	-0.0047	0.1242
33	-0.0053	-0.0022	0.1242	-0.0072	-0.0024	-0.0091	-0.0032	-0.0089	-0.0104	-0.0103	-0.0018	-0.0111	-0.0036	-0.0045	-0.0124	-0.0105	-0.0086	-0.0074	-0.0007	-0.0047	0.1242
17	-0.0053	-0.0022	0.1242	-0.0072	-0.0024	-0.0091	-0.0032	-0.0089	-0.0104	-0.0103	-0.0018	-0.0111	-0.0036	-0.0045	-0.0124	-0.0105	-0.0086	-0.0074	-0.0007	-0.0047	0.1242
113	-0.0053	-0.0022	0.1242	-0.0072	-0.0024	-0.0091	-0.0032	-0.0089	-0.0104	-0.0103	-0.0018	-0.0111	-0.0036	-0.0045	-0.0124	-0.0105	-0.0086	-0.0074	-0.0007	-0.0047	0.1242
516	-0.0053	-0.0022	0.1242	-0.0072	-0.0024	-0.0091	-0.0032	-0.0089	-0.0104	-0.0103	-0.0018	-0.0111	-0.0036	-0.0045	-0.0124	-0.0105	-0.0086	-0.0074	-0.0007	-0.0047	0.1242
428	-0.0053	-0.0022	0.1242	-0.0072	-0.0024	-0.0091	-0.0032	-0.0089	-0.0104	-0.0103	-0.0018	-0.0111	-0.0036	-0.0045	-0.0124	-0.0105	-0.0086	-0.0074	-0.0007	-0.0047	0.1242
427	-0.0053	-0.0022	0.1242	-0.0072	-0.0024	-0.0091	-0.0032	-0.0089	-0.0104	-0.0103	-0.0018	-0.0111	-0.0036	-0.0045	-0.0124	-0.0105	-0.0086	-0.0074	-0.0007	-0.0047	0.1242
361	-0.0053	-0.0022	0.1242	-0.0072	-0.0024	-0.0091	-0.0032	-0.0089	-0.0104	-0.0103	-0.0018	-0.0111	-0.0036	-0.0045	-0.0124	-0.0105	-0.0086	-0.0074	-0.0007	-0.0047	0.1242
432	-0.0053	-0.0022	0.1242	-0.0072	-0.0024	-0.0091	-0.0032	-0.0089	-0.0104	-0.0103	-0.0018	-0.0111	-0.0036	-0.0045	-0.0124	-0.0105	-0.0086	-0.0074	-0.0007	-0.0047	0.1242
291	-0.0053	-0.0022	0.1242	-0.0072	-0.0024	-0.0091	-0.0032	-0.0089	-0.0104	-0.0103	-0.0018	-0.0111	-0.0036	-0.0045	-0.0124	-0.0105	-0.0086	-0.0074	-0.0007	-0.0047	0.1242
173	-0.0045	-0.0044	-0.0039	-0.0056	-0.0024	-0.0061	-0.0044	-0.0084	-0.0099	-0.0098	-0.0013	-0.0072	-0.0032	-0.0040	-0.0118	-0.0103	-0.0081	-0.0065	-0.0003	0.1118	0.1118
321	-0.0045	-0.0044	-0.0039	-0.0056	-0.0024	-0.0061	-0.0044	-0.0084	-0.0099	-0.0098	-0.0013	-0.0072	-0.0032	-0.0040	-0.0118	-0.0103	-0.0081	-0.0065	-0.0003	0.1118	0.1118
366	-0.0045	-0.0044	-0.0039	-0.0056	-0.0024	-0.0061	-0.0044	-0.0084	-0.0099	-0.0098	-0.0013	-0.0072	-0.0032	-0.0040	-0.0118	-0.0103	-0.0081	-0.0065	-0.0003	0.1118	0.1118
94	-0.0045	-0.0044	-0.0040	-0.0056	-0.0024	-0.0061	-0.0044	-0.0083	-0.0098	-0.0098	-0.0013	-0.0072	-0.0032	-0.0040	-0.0118	-0.0103	-0.0081	-0.0065	-0.0003	0.1118	0.1118
532	-0.0045	-0.0044	-0.0040	-0.0056	-0.0024	-0.0061	-0.0044	-0.0083	-0.0098	-0.0098	-0.0013	-0.0072	-0.0032	-0.0040	-0.0118	-0.0103	-0.0081	-0.0065	-0.0003	0.1118	0.1118
245	-0.0045	-0.0044	-0.0040	-0.0056	-0.0024	-0.0061	-0.0044	-0.0083	-0.0098	-0.0098	-0.0013	-0.0072	-0.0032	-0.0040	-0.0118	-0.0103	-0.0081	-0.0065	-0.0003	0.1118	0.1118
23	-0.0045	-0.0044	-0.0040	-0.0056	-0.0024	-0.0061	-0.0044	-0.0083	-0.0098	-0.0098	-0.0013	-0.0072	-0.0032	-0.0040	-0.0118	-0.0103	-0.0081	-0.0065	-0.0003	0.1118	0.1118
160	-0.0045	-0.0044	-0.0040	-0.0056	-0.0024	-0.0061	-0.0044	-0.0083	-0.0098	-0.0098	-0.0013	-0.0072	-0.0032	-0.0040	-0.0118	-0.0103	-0.0081	-0.0065	-0.0003	0.1118	0.1118
107	-0.0045	-0.0044	-0.0040	-0.0056	-0.0024	-0.0061	-0.0044	-0.0083	-0.0098	-0.0098	-0.0013	-0.0072	-0.0032	-0.0040	-0.0118	-0.0103	-0.0081	-0.0065	-0.0003	0.1118	0.1118
483	-0.0045	-0.0044	-0.0040	-0.0056	-0.0024	-0.0061	-0.0044	-0.0083	-0.0098	-0.0098	-0.0013	-0.0072	-0.0032	-0.0040	-0.0118	-0.0103	-0.0081	-0.0065	-0.0003	0.1118	0.1118
526	-0.0045	-0.0044	-0.0040	-0.0056	-0.0024	-0.0061	-0.0044	-0.0083	-0.0098	-0.0098	-0.0013	-0.0072	-0.0032	-0.0040	-0.0118	-0.0103	-0.0081	-0.0065	-0.0003	0.1118	0.1118
504	-0.0045	-0.0044	-0.0040	-0.0056	-0.0024	-0.0061	-0.0044	-0.0083	-0.0098	-0.0098	-0.0013	-0.0072	-0.0032	-0.0040	-0.0118	-0.0103	-0.0081	-0.0065	-0.0003	0.1118	0.1118
499	-0.0045	-0.0044	-0.0040	-0.0056	-0.0024	-0.0061	-0.0044	-0.0083	-0.0098	-0.0098	-0.0013	-0.0072	-0.0032	-0.0040	-0.0118	-0.0103	-0.0081	-0.0065	-0.0003	0.1118	0.1118
461	-0.0045	-0.0044	-0.0040	-0.0056	-0.0024	-0.0061	-0.0044	-0.0083	-0.0098	-0.0098	-0.0013	-0.0072	-0.0032	-0.0040	-0.0118	-0.0103	-0.0081	-0.0065	-0.0003	0.1118	0.1118
436	-0.0045	-0.0044	-0.0040	-0.0056	-0.0024	-0.0061	-0.0044	-0.0083	-0.0098	-0.0098	-0.0013	-0.0072	-0.0032	-0.0040	-0.0118	-0.0103	-0.0081	-0.0065	-0.0003	0.1118	0.1118
376	-0.0045	-0.0044	-0.0040	-0.0056	-0.0024	-0.0061	-0.0044	-0.0083	-0.0098	-0.0098	-0.0013	-0.0072	-0.0032	-0.0040	-0.0118	-0.0103	-0.0081	-0.0065	-0.0003	0.1118	0.1118
364	-0.0045	-0.0044	-0.0040	-0.0056	-0.0024	-0.0061	-0.0044	-0.0083	-0.0098	-0.0098	-0.0013	-0.0072	-0.0032	-0.0040	-0.0118	-0.0103	-0.0081	-0.0065	-0.0003	0.1118	0.1118
221	-0.0045	-0.0044	-0.0040	-0.0056	-0.0024	-0.0061	-0.0044	-0.0083	-0.0098	-0.0098	-0.0013	-0.0072	-0.0032	-0.0040	-0.0118	-0.0103	-0.0081	-0.0065	-0.0003	0.1118	0.1118
213	-0.0045	-0.0044	-0.0040	-0.0056	-0.0024	-0.0061	-0.0044	-0.0083	-0.0098	-0.0098	-0.0013	-0.0072	-0.0032	-0.0040	-0.0118	-0.0103	-0.0081	-0.0065	-0.0003	0.1118	0.1118
180	-0.0045	-0.0044	-0.0040	-0.0056	-0.0024	-0.0061	-0.0044	-0.0083	-0.0098	-0.0098	-0.0013	-0.0072	-0.0032	-0.0040	-0.0118	-0.0103	-0.0081	-0.0065	-0.0003	0.1118	0.1118
114	-0.0045	-0.0044	-0.0040	-0.0056	-0.0024	-0.0061	-0.0044	-0.0083	-0.0098	-0.0098	-0.0013	-0.0072	-0.0032	-0.0040	-0.0118	-0.0103	-0.0081	-0.0065	-0.0003	0.1118	0.1118
207	-0.0045	-0.0044	-0.0040	-0.0056	-0.0024	-0.0061	-0.0044	-0.0083	-0.0098	-0.0098	-0.0013	-0.0072	-0.0032	-0.0040	-0.0118	-0.0103	-0.0081	-0.0065	-0.0003	0.1118	0.1118
244	-0.0045	-0.0044	-0.0040	-0.0056	-0.0024	-0.0061	-0.0044	-0.0083	-0.0098	-0.0098	-0.0013	-0.0072	-0.0032	-0.0040	-0.0118	-0.0103	-0.0081	-0.0065	-0.0003	0.1118	0.1118
501	-0.0045	-0.0044	-0.0040	-0.0056	-0.0024	-0.0061	-0.0044	-0.0083	-0.0098	-0.0098	-0.0013	-0.0072	-0.0032	-0.0040	-0.0118	-0.0103	-0.0081	-0.0065	-0.0003	0.1118	0.1118
276	-0.0028	-0.0004	-0.0017	-0.0039	0.0388	-0.0045	-0.0009	-0.0077	-0.0083	-0.0389	0.0005	-0.0048	0.0705	-0.0023	-0.0105	-0.0101	-0.0066	-0.0054	0.0016	-0.0027	0.1114
384	-0.0044	-0.0018	-0.0035	-0.0060	-0.0019	-0.0061	-0.0033	-0.0083	-0.0107	-0.0102	-0.0013	-0.0065	-0.0036	0.1108	-0.0149	-0.0099	-0.0081	-0.0064	-0.0003	-0.0037	0.1108
467	-0.0044	-0.0018	-0.0035	-0.0060	-0.0019	-0.0061	-0.0033	-0.0083	-0.0107	-0.0102	-0.0013	-0.0065	-0.0036	0.1108	-0.0149	-0.0099	-0.0081	-0.0064	-0.0003	-0.0037	0.1108
559	-0.0044	-0.0018	-0.0035	-0.0060	-0.0019	-0.0061	-0.0033	-0.0083	-0.0107	-0.0102	-0.0013	-0.0065	-0.0036	0.1108	-0.0149	-0.0099	-0.0081	-0.0064	-0.0003	-0.0037	0.1108
372	-0.0044	-0.0018	-0.0035	-0.0060	-0.0019	-0.0061	-0.0033	-0.0083	-0.0107	-0.0102	-0.0013	-0.0065	-0.0036	0.1108	-0.0149	-0.0099	-0.0081	-0.0064	-0.0003	-0.0037	0.1108
369	-0.0044	-0.0018	-0.0035	-0.0060	-0.0019	-0.0061	-0.0033	-0.0083	-0.0107	-0.0102	-0.0013	-0.0065	-0.0036	0.1108	-0.0149	-0.0099	-0.0081	-0.0064	-0.0003	-0.0037	0.1108
238	-0.0044	-0.0018	-0.0035	-0.0060	-0.0019	-0.0061	-0.0033	-0.0083	-0.0107	-0.0102	-0.0013	-0.0065	-0.0036	0.1108	-0.0149	-0.0099	-0.0081	-0.0064	-0.0003	-0.0037	0.1108
308	-0.0045	-0.0018	-0.0035	-0.0060	-0.0019	-0.0061	-0.0033	-0.0083	-0.0107	-0.0102	-0.0013	-0.0065	-0.0036	0.1108	-0.0149	-0.0099	-0.0080	-0.0065	-0.0002	-0.0037	0.1108
67	-0.0045	-0.0018	-0.0035	-0.0060	-0.0019	-0.0061	-0.0033	-0.0083	-0.0107	-0.0102	-0.0013	-0.0065	-0.0036	0.1108	-0.0149	-0.0099	-0.0080	-0.0065	-0.0002	-0.0037	0.1108
404	-0.0045	-0.0018	-0.0035	-0.0060	-0.0019	-0.0061	-0.0033	-0.0083	-0.0107	-0.0102	-0.0013	-0.0065	-0.0036	0.1108	-0.0149	-0.0099	-0.0080	-0.0065	-0.0002	-0.0037	0.1108
380	-0.0045	-0.0018	-0.0035	-0.0060	-0.0019	-0.0061	-0.0033	-0.0083	-0.0107	-0.0102	-0.0013	-0.0065	-0.0036	0.1108	-0.0149	-0.0099	-0.0080	-0.0065	-0.0002	-0.0037	0.1108
340	-0.0045	-0.0018	-0.0035	-0.0060	-0.0019	-0.0061	-0.0033	-0.0083	-0.0107	-0.0102	-0.0013	-0.0065	-0.0036	0.1108	-0.0149	-0.0099	-0.0080	-0.0065	-0.0002	-0.0037	0.1108
295	-0.0045	-0.0018	-0.0035	-0.0060	-0.0019	-0.0061	-0.0033	-0.0083	-0.0107	-0.0102	-0.0013	-0.0065	-0.0036	0.1108	-0.0149	-0.0099	-0.0080	-0.0065	-0.0002	-0.0037	0.1108
203	-0.0045	-0.0018	-0.0035	-0.0060	-0.0019	-0.0061	-0.0033	-0.0083	-0.0107	-0.0102	-0.0013	-0.0065	-0.0036	0.1108	-0.0149	-0.0099	-0.0080	-0.0065	-0.0002	-0.0037	0.1108
120	-0.0045	-0.0018	-0.0035	-0.0060	-0.0019	-0.0061	-0.0033	-0.0083	-0.0107	-0.0102	-0.0013	-0.0065	-0.0036	0.1108	-0.0149	-0.0099	-0.0080	-0.0065	-0.0002	-0.0037	0.1108
141	-0.0039	-0.0013	-0.0044	-0.0070	-0.0014	-0.0055	-0.0021	-0.0083	-0.0187	-0.0090	-0.0009	0.1101	-0.0027	-0.0038	-0.0135	-0.0106	-0.0079	-0.0058	0.0002	-0.0035	0.1103
110	-0.0030	-0.0041	0.0374	-0.0043	-0.0010	-0.0052	0.0708	-0.0068	-0.0083	-0.0082	0.0003	-0.0071	-0.0016	-0.0025	-0.0104	-0.0089	-0.0065	-0.0050	0.0013	-0.0270	0.1098
462	-0.0045	-0.0016	-0.0041	0.1068	-0.0017	-0.0083	-0.0022	-0.0079	-0.0144	-0.0093	-0.0011	-0.0061	-0.0030	-0.0041	-0.0113	-0.0095	-0.0077	-0.0066	-0.0001	-0.0035	0.1068
399	-0.0045	-0.0016	-0.0041	0.1068	-0.0017	-0.0083	-0.0022	-0.0079	-0.0144	-0.0093	-0.0011	-0.0061	-0.0030	-0.0041	-0.0113	-0.0095	-0.0077	-0.0066	-0.0001	-0.0035	0.1068
317	-0.0045	-0.0016	-0.0041	0.1068	-0.0017	-0.0083	-0.0022	-0.0079	-0.0144	-0.0093	-0.0011	-0.0061	-0.0030	-0.0041	-0.0113	-0.0095	-0.0077	-0.0066	-0.0001	-0.0035	0.1068
258	-0.0045	-0.0016	-0.0041	0.1068	-0.0017	-0.0083	-0.0022	-0.0079	-0.0144	-0.0093	-0.0011	-0.0061	-0.0030	-0.0041	-0.0113	-0.0095	-0.0077	-0.0066	-0.0001	-0.0035	0.1068
128	-0.0045	-0.0016	-0.0041	0.1068	-0.0017	-0.0083	-0.0022	-0.0079	-0.0144	-0.0093	-0.0011	-0.0061	-0.0030	-0.0041	-0.0113	-0.0095	-0.0077	-0.0066	-0.0001	-0.0035	0.1068
84	-0.0045	-0.0016	-0.0041	0.1068	-0.0017	-0.0083	-0.0022	-0.0079	-0.0144	-0.0093	-0.0011	-0.0061	-0.0030	-0.0041	-0.0113	-0.0095	-0.0077	-0.0066	-0.0001	-0.0035	0.1068
521	-0.0045	-0.0016	-0.0041	0.1068	-0.0017	-0.0083	-0.0022	-0.0079	-0.0144	-0.0093	-0.0011	-0.0061	-0.0030	-0.0041	-0.0113	-0.0095	-0.0077	-0.0066	-0.0001	-0.0035	0.1068
507	-0.0045	-0.0016	-0.0041	0.1068	-0.0017	-0.0083	-0.0022	-0.0079	-0.0144	-0.0093	-0.0011	-0.0061	-0.0030	-0.0041	-0.0113	-0.0095	-0.0077	-0.0066	-0.0001	-0.0035	0.1068
489	-0.0045	-0.0016	-0.0041	0.1068	-0.0017	-0.0083	-0.0022	-0.0079	-0.0144	-0.0093	-0.0011	-0.0061	-0.0030	-0.0041	-0.0113	-0.0095	-0.0077	-0.0066	-0.0001	-0.0035	0.1068
474	-0.0045	-0.0016	-0.0041	0.1068	-0.0017	-0.0083	-0.0022	-0.0079	-0.0144	-0.0093	-0.0011	-0.0061	-0.0030	-0.0041	-0.0113	-0.0095	-0.0077	-0.0066	-0.0001	-0.0035	0.1068
445	-0.0045	-0.0016	-0.0041	0.1068	-0.0017	-0.0083	-0.0022	-0.0079	-0.0144	-0.0093	-0.0011	-0.0061	-0.0030	-0.0041	-0.0113	-0.0095	-0.0077	-0.0066	-0.0001	-0.0035	0.1068
420	-0.0045	-0.0016	-0.0041	0.1068	-0.0017	-0.0083	-0.0022	-0.0079	-0.0144	-0.0093	-0.0011	-0.0061	-0.0030	-0.0041	-0.0113	-0.0095	-0.0077	-0.0066	-0.0001	-0.0035	0.1068
353	-0.0045	-0.0016	-0.0041	0.1068	-0.0017	-0.0083	-0.0022	-0.0079	-0.0144	-0.0093	-0.0011	-0.0061	-0.0030	-0.0041	-0.0113	-0.0095	-0.0077	-0.0066	-0.0001	-0.0035	0.1068
250	-0.0045	-0.0016	-0.0041	0.1068	-0.0017	-0.0083	-0.0022	-0.0079	-0.0144	-0.0093	-0.0011	-0.0061	-0.0030	-0.0041	-0.0113	-0.0095	-0.0077	-0.0066	-0.0001	-0.0035	0.1068
228	-0.0045	-0.0016	-0.0041	0.1068	-0.0017	-0.0083	-0.0022	-0.0079	-0.0144	-0.0093	-0.0011	-0.0061	-0.0030	-0.0041	-0.0113	-0.0095	-0.0077	-0.0066	-0.0001	-0.0035	0.1068
187	-0.0045	-0.0016	-0.0041	0.1068	-0.0017	-0.0083	-0.0022	-0.0079	-0.0144	-0.0093	-0.0011	-0.0061	-0.0030	-0.0041	-0.0113	-0.0095	-0.0077	-0.0066	-0.0001	-0.0035	0.1068
131	-0.0045	-0.0016	-0.0041	0.1068	-0.0017	-0.0083	-0.0022	-0.0079	-0.0144	-0.0093	-0.0011	-0.0061	-0.0030	-0.0041	-0.0113	-0.0095	-0.0077	-0.0066	-0.0001	-0.0035	0.1068
492	-0.0045	-0.0016	-0.0041	0.1068	-0.0017	-0.0083	-0.0022	-0.0079	-0.0144	-0.0093	-0.0011	-0.0061	-0.0030	-0.0041	-0.0113	-0.0095	-0.0077	-0.0066	-0.0001	-0.0035	0.1068
97	-0.0045	-0.0016	-0.0041	0.1068	-0.0017	-0.0083	-0.0022	-0.0079	-0.0144	-0.0093	-0.0011	-0.0061	-0.0030	-0.0041	-0.0113	-0.0095	-0.0077	-0.0066	-0.0001	-0.0035	0.1068
119	-0.0045	-0.0016	-0.0041	0.1068	-0.0017	-0.0083	-0.0022	-0.0079	-0.0144	-0.0093	-0.0011	-0.0061	-0.0030	-0.0041	-0.0113	-0.0095	-0.0077	-0.0066	-0.0001	-0.0035	0.1068
116	-0.0045	-0.0016	-0.0041	0.1068	-0.0017	-0.0083	-0.0022	-0.0079	-0.0144	-0.0093	-0.0011	-0.0061	-0.0030	-0.0041	-0.0113	-0.0095	-0.0077	-0.0066	-0.0001	-0.0035	0.1068
439	-0.0045	-0.0016	-0.0041	0.1068	-0.0017	-0.0083	-0.0022	-0.0079	-0.0144	-0.0093	-0.0011	-0.0061	-0.0030	-0.0041	-0.0113	-0.0095	-0.0077	-0.0066	-0.0001	-0.0035	0.1068
416	-0.0045	-0.0016	-0.0041	0.1068	-0.0017	-0.0083	-0.0022	-0.0079	-0.0144	-0.0093	-0.0011	-0.0061	-0.0030	-0.0041	-0.0113	-0.0095	-0.0077	-0.0066	-0.0001	-0.0035	0.1068
411	-0.0045	-0.0016	-0.0041	0.1068	-0.0017	-0.0083	-0.0022	-0.0079	-0.0144	-0.0093	-0.0011	-0.0061	-0.0030	-0.0041	-0.0113	-0.0095	-0.0077	-0.0066	-0.0001	-0.0035	0.1068
115	-0.0045	-0.0016	-0.0041	0.1068	-0.0017	-0.0083	-0.0022	-0.0079	-0.0144	-0.0093	-0.0011	-0.0061	-0.0030	-0.0041	-0.0113	-0.0095	-0.0077	-0.0066	-0.0001	-0.0035	0.1068
50	-0.0045	-0.0016	-0.0041	0.1068	-0.0017	-0.0083	-0.0022	-0.0079	-0.0144	-0.0093	-0.0011	-0.0061	-0.0030	-0.0041	-0.0113	-0.0095	-0.0077	-0.0066	-0.0001	-0.0035	0.1068
481	-0.0045	-0.0016	-0.0041	0.1068	-0.0017	-0.0083	-0.0022	-0.0079	-0.0144	-0.0093	-0.0011	-0.0061	-0.0030	-0.0041	-0.0113	-0.0095	-0.0077	-0.0066	-0.0001	-0.0035	0.1068
37	-0.0045	-0.0016	-0.0041	0.1068	-0.0017	-0.0083	-0.0022	-0.0079	-0.0144	-0.0093	-0.0011	-0.0061	-0.0030	-0.0041	-0.0113	-0.0095	-0.0077	-0.0066	-0.0001	-0.0035	0.1068
371	-0.0045	-0.0016	-0.0041	0.1068	-0.0017	-0.0083	-0.0022	-0.0079	-0.0144	-0.0093	-0.0011	-0.0061	-0.0030	-0.0041	-0.0113	-0.0095	-0.0077	-0.0066	-0.0001	-0.0035	0.1068
378	0.1063	-0.0014	-0.0031	-0.0059	-0.0016	-0.0062	-0.0021	-0.0080	-0.0094	-0.0093	-0.0010	-0.0061	-0.0032	-0.0037	-0.0113	-0.0100	-0.0119	-0.0086	0.0000	-0.0034	0.1064
25	0.1063	-0.0014	-0.0033	-0.0057	-0.0016	-0.0062	-0.0021	-0.0079	-0.0094	-0.0093	-0.0010	-0.0061	-0.0032	-0.0037	-0.0113	-0.0100	-0.0119	-0.0086	0.0000	-0.0034	0.1064
472	0.1063	-0.0014	-0.0037	-0.0053	-0.0016	-0.0062	-0.0021	-0.0079	-0.0094	-0.0093	-0.0010	-0.0061	-0.0032	-0.0037	-0.0113	-0.0100	-0.0119	-0.0086	0.0000	-0.0034	0.1063
64	0.1063	-0.0014	-0.0039	-0.0052	-0.0016	-0.0062	-0.0021	-0.0079	-0.0094	-0.0093	-0.0010	-0.0061	-0.0032	-0.0037	-0.0113	-0.0100	-0.0119	-0.0086	0.0000	-0.0034	0.1063
547	0.1063	-0.0014	-0.0031	-0.0059	-0.0016	-0.0062	-0.0021	-0.0079	-0.0094	-0.0093	-0.0010	-0.0061	-0.0033	-0.0037	-0.0113	-0.0100	-0.0119	-0.0086	0.0001	-0.0034	0.1063
438	0.1063	-0.0014	-0.0031	-0.0059	-0.0016	-0.0062	-0.0021	-0.0079	-0.0094	-0.0093	-0.0010	-0.0061	-0.0033	-0.0037	-0.0113	-0.0100	-0.0119	-0.0086	0.0001	-0.0034	0.1063
271	0.1063	-0.0014	-0.0031	-0.0059	-0.0016	-0.0062	-0.0021	-0.0079	-0.0094	-0.0093	-0.0010	-0.0061	-0.0033	-0.0037	-0.0113	-0.0100	-0.0119	-0.0086	0.0001	-0.0034	0.1063
259	0.1063	-0.0014	-0.0031	-0.0059	-0.0016	-0.0062	-0.0021	-0.0079	-0.0094	-0.0093	-0.0010	-0.0061	-0.0033	-0.0037	-0.0113	-0.0100	-0.0119	-0.0086	0.0001	-0.0034	0.1063
16	0.1063	-0.0014	-0.0031	-0.0059	-0.0016	-0.0062	-0.0021	-0.0079	-0.0094	-0.0093	-0.0010	-0.0061	-0.0033	-0.0037	-0.0113	-0.0100	-0.0119	-0.0086	0.0001	-0.0034	0.1063
530	0.1063	-0.0014	-0.0031	-0.0059	-0.0016	-0.0062	-0.0021	-0.0079	-0.0094	-0.0093	-0.0010	-0.0061	-0.0033	-0.0037	-0.0113	-0.0100	-0.0119	-0.0086	0.0001	-0.0034	0.1063
265	0.1063	-0.0014	-0.0031	-0.0059	-0.0016	-0.0062	-0.0021	-0.0079	-0.0094	-0.0093	-0.0010	-0.0061	-0.0033	-0.0037	-0.0113	-0.0100	-0.0119	-0.0086	0.0001	-0.0034	0.1063
407	0.1062	-0.0014	-0.0039	-0.0052	-0.0016	-0.0062	-0.0021	-0.0079	-0.0094	-0.0093	-0.0010	-0.0061	-0.0032	-0.0037	-0.0113	-0.0100	-0.0119	-0.0086	0.0001	-0.0034	0.1063
300	0.1062	-0.0014	-0.0039	-0.0052	-0.0016	-0.0062	-0.0021	-0.0079	-0.0094	-0.0093	-0.0010	-0.0061	-0.0032	-0.0037	-0.0113	-0.0100	-0.0119	-0.0086	0.0001	-0.0034	0.1063
347	0.1062	-0.0014	-0.0039	-0.0052	-0.0016	-0.0062	-0.0021	-0.0079	-0.0094	-0.0093	-0.0010	-0.0061	-0.0032	-0.0037	-0.0113	-0.0100	-0.0119	-0.0086	0.0001	-0.0034	0.1063
377	0.1062	-0.0014	-0.0039	-0.0052	-0.0016	-0.0062	-0.0021	-0.0079	-0.0094	-0.0093	-0.0010	-0.0061	-0.0032	-0.0037	-0.0113	-0.0100	-0.0119	-0.0086	0.0001	-0.0034	0.1063
269	0.1062	-0.0014	-0.0039	-0.0052	-0.0016	-0.0062	-0.0021	-0.0079	-0.0094	-0.0093	-0.0010	-0.0061	-0.0032	-0.0037	-0.0113	-0.0100	-0.0119	-0.0086	0.0001	-0.0034	0.1063
212	0.1062	-0.0014	-0.0039	-0.0052	-0.0016	-0.0062	-0.0021	-0.0079	-0.0094	-0.0093	-0.0010	-0.0061	-0.0032	-0.0037	-0.0113	-0.0100	-0.0119	-0.0086	0.0001	-0.0034	0.1063
13	0.1062	-0.0014	-0.0039	-0.0052	-0.0016	-0.0062	-0.0021	-0.0079	-0.0094	-0.0093	-0.0010	-0.0061	-0.0032	-0.0037	-0.0113	-0.0100	-0.0119	-0.0086	0.0001	-0.0034	0.1063
74	0.1062	-0.0014	-0.0039	-0.0052	-0.0016	-0.0062	-0.0021	-0.0079	-0.0094	-0.0093	-0.0010	-0.0061	-0.0032	-0.0037	-0.0113	-0.0100	-0.0119	-0.0086	0.0001	-0.0034	0.1063
536	0.1062	-0.0014	-0.0039	-0.0052	-0.0016	-0.0062	-0.0021	-0.0079	-0.0094	-0.0093	-0.0010	-0.0061	-0.0032	-0.0037	-0.0113	-0.0100	-0.0119	-0.0086	0.0001	-0.0034	0.1063
386	0.1062	-0.0014	-0.0039	-0.0052	-0.0016	-0.0062	-0.0021	-0.0079	-0.0094	-0.0093	-0.0010	-0.0061	-0.0032	-0.0037	-0.0113	-0.0100	-0.0119	-0.0086	0.0001	-0.0034	0.1063
349	0.1062	-0.0014	-0.0039	-0.0052	-0.0016	-0.0062	-0.0021	-0.0079	-0.0094	-0.0093	-0.0010	-0.0061	-0.0032	-0.0037	-0.0113	-0.0100	-0.0119	-0.0086	0.0001	-0.0034	0.1063
286	-0.0051	-0.0019	-0.0036	-0.0057	-0.0020	-0.0062	-0.0025	-0.0084	-0.0099	-0.0135	-0.0014	-0.0066	0.0949	-0.0044	-0.0120	0.0084	-0.0092	-0.0066	-0.0005	-0.0038	0.1033
22	-0.0043	-0.0019	-0.0073	-0.0050	-0.0015	0.1030	-0.0020	-0.0077	-0.0091	-0.0091	-0.0009	-0.0059	-0.0028	-0.0036	-0.0114	-0.0136	-0.0074	-0.0064	0.0001	-0.0033	0.1031
365	-0.0043	-0.0019	-0.0073	-0.0050	-0.0015	0.1030	-0.0020	-0.0077	-0.0091	-0.0091	-0.0009	-0.0059	-0.0028	-0.0036	-0.0114	-0.0136	-0.0074	-0.0064	0.0001	-0.0033	0.1031
350	-0.0043	-0.0019	-0.0073	-0.0050	-0.0015	0.1030	-0.0020	-0.0077	-0.0091	-0.0091	-0.0009	-0.0059	-0.0028	-0.0036	-0.0114	-0.0136	-0.0074	-0.0064	0.0001	-0.0033	0.1031
343	-0.0043	-0.0019	-0.0073	-0.0050	-0.0015	0.1030	-0.0020	-0.0077	-0.0091	-0.0091	-0.0009	-0.0059	-0.0028	-0.0036	-0.0114	-0.0136	-0.0074	-0.0064	0.0001	-0.0033	0.1031
171	-0.0043	-0.0019	-0.0073	-0.0050	-0.0015	0.1030	-0.0020	-0.0077	-0.0091	-0.0091	-0.0009	-0.0059	-0.0028	-0.0036	-0.0114	-0.0136	-0.0074	-0.0064	0.0001	-0.0033	0.1031
409	-0.0043	-0.0019	-0.0073	-0.0050	-0.0015	0.1030	-0.0020	-0.0077	-0.0091	-0.0091	-0.0009	-0.0059	-0.0028	-0.0036	-0.0114	-0.0136	-0.0074	-0.0064	0.0001	-0.0033	0.1031
275	-0.0043	-0.0019	-0.0073	-0.0050	-0.0015	0.1030	-0.0020	-0.0077	-0.0092	-0.0091	-0.0009	-0.0059	-0.0028	-0.0036	-0.0115	-0.0136	-0.0074	-0.0064	0.0001	-0.0033	0.1031
193	-0.0043	-0.0019	-0.0072	-0.0051	-0.0015	0.1030	-0.0020	-0.0077	-0.0092	-0.0091	-0.0009	-0.0059	-0.0028	-0.0036	-0.0115	-0.0135	-0.0074	-0.0064	0.0001	-0.0033	0.1031
375	-0.0043	-0.0018	-0.0070	-0.0053	-0.0015	0.1030	-0.0020	-0.0077	-0.0092	-0.0091	-0.0009	-0.0059	-0.0028	-0.0036	-0.0117	-0.0133	-0.0074	-0.0064	0.0000	-0.0033	0.1031
69	-0.0043	-0.0017	-0.0053	-0.0068	-0.0015	0.1030	-0.0020	-0.0077	-0.0092	-0.0091	-0.0009	-0.0059	-0.0028	-0.0036	-0.0136	-0.0116	-0.0074	-0.0064	-0.0001	-0.0033	0.1030
556	-0.0042	-0.0013	-0.0030	-0.0091	-0.0014	0.1027	-0.0019	-0.0076	-0.0091	-0.0090	-0.0009	-0.0058	-0.0027	-0.0035	-0.0168	-0.0091	-0.0074	-0.0063	-0.0003	-0.0032	0.1027
546	-0.0042	-0.0013	-0.0030	-0.0091	-0.0014	0.1027	-0.0019	-0.0076	-0.0091	-0.0090	-0.0009	-0.0058	-0.0027	-0.0035	-0.0168	-0.0091	-0.0074	-0.0063	-0.0003	-0.0032	0.1027
478	-0.0042	-0.0013	-0.0030	-0.0091	-0.0014	0.1027	-0.0019	-0.0076	-0.0091	-0.0090	-0.0009	-0.0058	-0.0027	-0.0035	-0.0168	-0.0091	-0.0074	-0.0063	-0.0003	-0.0032	0.1027
389	-0.0042	-0.0013	-0.0030	-0.0091	-0.0014	0.1027	-0.0019	-0.0076	-0.0091	-0.0090	-0.0009	-0.0058	-0.0027	-0.0035	-0.0168	-0.0091	-0.0074	-0.0063	-0.0003	-0.0032	0.1027
354	-0.0042	-0.0013	-0.0030	-0.0091	-0.0014	0.1027	-0.0019	-0.0076	-0.0091	-0.0090	-0.0009	-0.0058	-0.0027	-0.0035	-0.0168	-0.0091	-0.0074	-0.0063	-0.0003	-0.0032	0.1027
109	-0.0042	-0.0013	-0.0030	-0.0091	-0.0014	0.1025	-0.0019	-0.0076	-0.0091	-0.0090	-0.0009	-0.0058	-0.0027	-0.0035	-0.0168	-0.0091	-0.0074	-0.0063	-0.0002	-0.0032	0.1025
362	-0.0043	-0.0014	-0.0035	-0.0085	-0.0015	0.1024	-0.0019	-0.0077	-0.0091	-0.0090	-0.0009	-0.0059	-0.0027	-0.0035	-0.0159	-0.0097	-0.0074	-0.0063	0.0001	-0.0032	0.1025
355	-0.0042	-0.0013	-0.0030	-0.0091	-0.0014	0.1024	-0.0019	-0.0076	-0.0091	-0.0090	-0.0009	-0.0058	-0.0027	-0.0035	-0.0168	-0.0091	-0.0074	-0.0063	-0.0001	-0.0032	0.1024
240	-0.0042	-0.0013	-0.0030	-0.0091	-0.0014	0.1024	-0.0019	-0.0076	-0.0091	-0.0090	-0.0009	-0.0058	-0.0027	-0.0035	-0.0168	-0.0091	-0.0074	-0.0063	-0.0001	-0.0032	0.1024
277	-0.0042	-0.0013	-0.0030	-0.0091	-0.0014	0.1024	-0.0019	-0.0076	-0.0091	-0.0090	-0.0009	-0.0058	-0.0027	-0.0035	-0.0168	-0.0091	-0.0074	-0.0063	-0.0001	-0.0032	0.1024
429	-0.0043	-0.0013	-0.0030	-0.0091	-0.0014	0.1022	-0.0019	-0.0076	-0.0091	-0.0090	-0.0009	-0.0058	-0.0027	-0.0035	-0.0167	-0.0091	-0.0074	-0.0063	0.0001	-0.0032	0.1023
55	-0.0042	-0.0013	-0.0029	-0.0091	-0.0014	0.1023	-0.0019	-0.0076	-0.0091	-0.0090	-0.0009	-0.0058	-0.0027	-0.0035	-0.0168	-0.0091	-0.0074	-0.0063	0.0000	-0.0032	0.1023
524	-0.0042	-0.0013	-0.0030	-0.0091	-0.0014	0.1022	-0.0019	-0.0076	-0.0091	-0.0090	-0.0009	-0.0058	-0.0027	-0.0035	-0.0167	-0.0091	-0.0074	-0.0063	0.0001	-0.0032	0.1023
476	-0.0042	-0.0013	-0.0029	-0.0091	-0.0014	0.1022	-0.0019	-0.0076	-0.0091	-0.0090	-0.0009	-0.0058	-0.0027	-0.0035	-0.0168	-0.0091	-0.0074	-0.0063	0.0001	-0.0032	0.1023
104	-0.0042	-0.0013	-0.0029	-0.0091	-0.0014	0.1021	-0.0019	-0.0076	-0.0091	-0.0090	-0.0009	-0.0058	-0.0027	-0.0035	-0.0168	-0.0091	-0.0074	-0.0063	0.0001	-0.0032	0.1023
358	-0.0042	-0.0013	-0.0029	-0.0091	-0.0014	0.1021	-0.0019	-0.0076	-0.0091	-0.0090	-0.0009	-0.0058	-0.0027	-0.0035	-0.0168	-0.0091	-0.0074	-0.0063	0.0001	-0.0032	0.1023
75	-0.0042	-0.0013	-0.0029	-0.0091	-0.0014	0.1021	-0.0019	-0.0076	-0.0091	-0.0090	-0.0009	-0.0058	-0.0027	-0.0035	-0.0168	-0.0091	-0.0074	-0.0063	0.0001	-0.0032	0.1023
261	-0.0042	-0.0013	-0.0029	-0.0091	-0.0014	0.1021	-0.0019	-0.0076	-0.0091	-0.0090	-0.0009	-0.0058	-0.0027	-0.0035	-0.0168	-0.0091	-0.0074	-0.0063	0.0002	-0.0032	0.1023
279	-0.0042	-0.0013	-0.0029	-0.0091	-0.0014	0.1021	-0.0019	-0.0076	-0.0091	-0.0090	-0.0009	-0.0058	-0.0027	-0.0035	-0.0168	-0.0091	-0.0074	-0.0063	0.0002	-0.0032	0.1023
346	-0.0042	-0.0013	-0.0029	-0.0091	-0.0014	0.1021	-0.0019	-0.0076	-0.0091	-0.0090	-0.0009	-0.0058	-0.0027	-0.0035	-0.0168	-0.0091	-0.0074	-0.0063	0.0002	-0.0032	0.1023
497	-0.0042	-0.0013	-0.0029	-0.0091	-0.0014	0.1021	-0.0019	-0.0076	-0.0091	-0.0090	-0.0009	-0.0058	-0.0027	-0.0035	-0.0168	-0.0091	-0.0074	-0.0063	0.0002	-0.0032	0.1023
79	-0.0042	-0.0013	-0.0029	-0.0091	-0.0014	0.1021	-0.0019	-0.0076	-0.0091	-0.0090	-0.0009	-0.0058	-0.0027	-0.0035	-0.0168	-0.0091	-0.0074	-0.0063	0.0002	-0.0032	0.1023
62	-0.0042	-0.0013	-0.0029	-0.0091	-0.0014	0.1021	-0.0019	-0.0076	-0.0091	-0.0090	-0.0009	-0.0058	-0.0027	-0.0035	-0.0168	-0.0091	-0.0074	-0.0063	0.0002	-0.0032	0.1023
517	-0.0042	-0.0013	-0.0029	-0.0091	-0.0014	0.1021	-0.0019	-0.0076	-0.0091	-0.0090	-0.0009	-0.0058	-0.0027	-0.0035	-0.0168	-0.0091	-0.0074	-0.0063	0.0002	-0.0032	0.1023
373	-0.0042	-0.0013	-0.0029	-0.0091	-0.0014	0.1021	-0.0019	-0.0076	-0.0091	-0.0090	-0.0009	-0.0058	-0.0027	-0.0035	-0.0168	-0.0091	-0.0074	-0.0063	0.0002	-0.0032	0.1023
332	-0.0042	-0.0013	-0.0029	-0.0091	-0.0014	0.1021	-0.0019	-0.0076	-0.0091	-0.0090	-0.0009	-0.0058	-0.0027	-0.0035	-0.0168	-0.0091	-0.0074	-0.0063	0.0002	-0.0032	0.1023
316	-0.0042	-0.0013	-0.0029	-0.0091	-0.0014	0.1021	-0.0019	-0.0076	-0.0091	-0.0090	-0.0009	-0.0058	-0.0027	-0.0035	-0.0168	-0.0091	-0.0074	-0.0063	0.0002	-0.0032	0.1023
299	-0.0042	-0.0013	-0.0029	-0.0091	-0.0014	0.1021	-0.0019	-0.0076	-0.0091	-0.0090	-0.0009	-0.0058	-0.0027	-0.0035	-0.0168	-0.0091	-0.0074	-0.0063	0.0002	-0.0032	0.1023
146	-0.0042	-0.0013	-0.0029	-0.0091	-0.0014	0.1021	-0.0019	-0.0076	-0.0091	-0.0090	-0.0009	-0.0058	-0.0027	-0.0035	-0.0168	-0.0091	-0.0074	-0.0063	0.0002	-0.0032	0.1023
397	-0.0066	-0.0011	-0.0032	-0.0054	-0.0016	-0.0059	-0.0017	0.1018	-0.0087	-0.0096	-0.0009	-0.0055	-0.0025	-0.0033	-0.0104	-0.0087	-0.0071	-0.0170	0.0003	-0.0030	0.1021
161	-0.0039	-0.0015	-0.0030	-0.0057	-0.0016	-0.0088	-0.0021	-0.0082	0.1016	-0.0087	-0.0011	-0.0060	-0.0028	-0.0037	-0.0175	-0.0101	-0.0078	-0.0058	-0.0001	-0.0033	0.1016
239	-0.0385	0.0004	-0.0020	0.0348	0.0003	-0.0062	-0.0002	-0.0058	-0.0117	-0.0075	0.0009	-0.0040	0.0339	-0.0021	-0.0091	0.0291	-0.0073	-0.0055	0.0019	-0.0014	0.1013
470	-0.0040	-0.0014	-0.0057	-0.0050	-0.0016	-0.0056	-0.0024	-0.0081	-0.0105	-0.0090	-0.0010	0.1007	-0.0027	-0.0036	-0.0109	-0.0119	-0.0078	-0.0059	0.0001	-0.0038	0.1008
456	-0.0040	-0.0014	-0.0057	-0.0050	-0.0016	-0.0056	-0.0024	-0.0081	-0.0105	-0.0090	-0.0010	0.1007	-0.0027	-0.0036	-0.0109	-0.0119	-0.0078	-0.0059	0.0001	-0.0038	0.1008
437	-0.0040	-0.0014	-0.0057	-0.0050	-0.0016	-0.0056	-0.0024	-0.0081	-0.0105	-0.0090	-0.0010	0.1007	-0.0027	-0.0036	-0.0109	-0.0119	-0.0078	-0.0059	0.0001	-0.0038	0.1008
423	-0.0040	-0.0014	-0.0057	-0.0050	-0.0016	-0.0056	-0.0024	-0.0081	-0.0105	-0.0090	-0.0010	0.1007	-0.0027	-0.0036	-0.0109	-0.0119	-0.0078	-0.0059	0.0001	-0.0038	0.1008
262	-0.0040	-0.0014	-0.0057	-0.0050	-0.0016	-0.0056	-0.0024	-0.0081	-0.0105	-0.0090	-0.0010	0.1007	-0.0027	-0.0036	-0.0109	-0.0119	-0.0078	-0.0059	0.0001	-0.0038	0.1008
370	-0.0040	-0.0014	-0.0057	-0.0050	-0.0016	-0.0056	-0.0024	-0.0081	-0.0105	-0.0090	-0.0010	0.1007	-0.0027	-0.0036	-0.0109	-0.0119	-0.0078	-0.0059	0.0001	-0.0038	0.1008
27	-0.0040	-0.0014	-0.0057	-0.0050	-0.0016	-0.0056	-0.0024	-0.0081	-0.0105	-0.0090	-0.0010	0.1007	-0.0027	-0.0036	-0.0109	-0.0119	-0.0078	-0.0059	0.0001	-0.0038	0.1008
395	-0.0040	-0.0014	-0.0057	-0.0050	-0.0016	-0.0056	-0.0024	-0.0081	-0.0105	-0.0090	-0.0010	0.1007	-0.0027	-0.0036	-0.0109	-0.0119	-0.0078	-0.0059	0.0001	-0.0038	0.1008
284	-0.0040	-0.0014	-0.0057	-0.0050	-0.0016	-0.0056	-0.0024	-0.0081	-0.0105	-0.0090	-0.0010	0.1007	-0.0027	-0.0036	-0.0109	-0.0119	-0.0078	-0.0059	0.0001	-0.0038	0.1008
80	-0.0040	-0.0014	-0.0057	-0.0050	-0.0016	-0.0056	-0.0024	-0.0081	-0.0105	-0.0090	-0.0010	0.1007	-0.0027	-0.0036	-0.0109	-0.0119	-0.0078	-0.0059	0.0001	-0.0038	0.1008
392	-0.0040	-0.0014	-0.0057	-0.0050	-0.0016	-0.0056	-0.0024	-0.0081	-0.0105	-0.0090	-0.0010	0.1007	-0.0027	-0.0036	-0.0109	-0.0119	-0.0078	-0.0059	0.0001	-0.0038	0.1008
309	-0.0040	-0.0014	-0.0057	-0.0050	-0.0016	-0.0056	-0.0024	-0.0081	-0.0105	-0.0090	-0.0010	0.1007	-0.0027	-0.0036	-0.0109	-0.0119	-0.0078	-0.0059	0.0001	-0.0038	0.1008
54	-0.0040	-0.0014	-0.0057	-0.0050	-0.0016	-0.0056	-0.0024	-0.0081	-0.0105	-0.0090	-0.0010	0.1007	-0.0027	-0.0036	-0.0109	-0.0119	-0.0078	-0.0059	0.0001	-0.0038	0.1008
459	-0.0040	-0.0014	-0.0057	-0.0050	-0.0016	-0.0056	-0.0024	-0.0081	-0.0105	-0.0090	-0.0010	0.1007	-0.0027	-0.0036	-0.0109	-0.0119	-0.0078	-0.0059	0.0001	-0.0038	0.1008
39	-0.0040	-0.0014	-0.0057	-0.0050	-0.0016	-0.0056	-0.0024	-0.0081	-0.0105	-0.0090	-0.0010	0.1007	-0.0027	-0.0036	-0.0109	-0.0119	-0.0078	-0.0059	0.0001	-0.0038	0.1008
511	-0.0040	-0.0014	-0.0057	-0.0050	-0.0015	-0.0055	-0.0024	-0.0082	-0.0105	-0.0090	-0.0010	0.1007	-0.0027	-0.0036	-0.0109	-0.0119	-0.0078	-0.0059	0.0001	-0.0037	0.1008
47	-0.0040	-0.0014	-0.0057	-0.0050	-0.0015	-0.0055	-0.0024	-0.0082	-0.0105	-0.0090	-0.0010	0.1007	-0.0027	-0.0036	-0.0109	-0.0119	-0.0078	-0.0059	0.0001	-0.0037	0.1008
413	-0.0040	-0.0014	-0.0057	-0.0050	-0.0015	-0.0055	-0.0024	-0.0082	-0.0105	-0.0090	-0.0010	0.1007	-0.0027	-0.0036	-0.0109	-0.0119	-0.0078	-0.0059	0.0001	-0.0037	0.1008
402	-0.0040	-0.0014	-0.0057	-0.0050	-0.0015	-0.0055	-0.0024	-0.0082	-0.0105	-0.0090	-0.0010	0.1007	-0.0027	-0.0036	-0.0109	-0.0119	-0.0078	-0.0059	0.0001	-0.0037	0.1008
335	-0.0040	-0.0014	-0.0057	-0.0050	-0.0015	-0.0055	-0.0024	-0.0082	-0.0105	-0.0090	-0.0010	0.1007	-0.0027	-0.0036	-0.0109	-0.0119	-0.0078	-0.0059	0.0001	-0.0037	0.1008
302	-0.0040	-0.0014	-0.0057	-0.0050	-0.0015	-0.0055	-0.0024	-0.0082	-0.0105	-0.0090	-0.0010	0.1007	-0.0027	-0.0036	-0.0109	-0.0119	-0.0078	-0.0059	0.0001	-0.0037	0.1008
26	-0.0040	-0.0014	-0.0057	-0.0050	-0.0015	-0.0055	-0.0024	-0.0082	-0.0105	-0.0090	-0.0010	0.1007	-0.0027	-0.0036	-0.0109	-0.0119	-0.0078	-0.0059	0.0001	-0.0037	0.1008
199	-0.0040	-0.0014	-0.0057	-0.0050	-0.0015	-0.0055	-0.0024	-0.0082	-0.0105	-0.0090	-0.0010	0.1007	-0.0027	-0.0036	-0.0109	-0.0119	-0.0078	-0.0059	0.0001	-0.0037	0.1008
182	-0.0040	-0.0014	-0.0057	-0.0050	-0.0015	-0.0055	-0.0024	-0.0082	-0.0105	-0.0090	-0.0010	0.1007	-0.0027	-0.0036	-0.0109	-0.0119	-0.0078	-0.0059	0.0001	-0.0037	0.1008
555	-0.0040	-0.0014	-0.0057	-0.0050	-0.0015	-0.0055	-0.0024	-0.0082	-0.0105	-0.0090	-0.0010	0.1007	-0.0027	-0.0036	-0.0109	-0.0119	-0.0078	-0.0059	0.0001	-0.0037	0.1008
496	-0.0040	-0.0014	-0.0057	-0.0050	-0.0015	-0.0055	-0.0024	-0.0082	-0.0105	-0.0090	-0.0010	0.1007	-0.0027	-0.0036	-0.0109	-0.0119	-0.0078	-0.0059	0.0001	-0.0037	0.1008
471	-0.0040	-0.0014	-0.0057	-0.0050	-0.0015	-0.0055	-0.0024	-0.0082	-0.0105	-0.0090	-0.0010	0.1007	-0.0027	-0.0036	-0.0109	-0.0119	-0.0078	-0.0059	0.0001	-0.0037	0.1008
446	-0.0040	-0.0014	-0.0057	-0.0050	-0.0015	-0.0055	-0.0024	-0.0082	-0.0105	-0.0090	-0.0010	0.1007	-0.0027	-0.0036	-0.0109	-0.0119	-0.0078	-0.0059	0.0001	-0.0037	0.1008
211	-0.0040	-0.0014	-0.0057	-0.0050	-0.0015	-0.0055	-0.0024	-0.0082	-0.0105	-0.0090	-0.0010	0.1007	-0.0027	-0.0036	-0.0109	-0.0119	-0.0078	-0.0059	0.0001	-0.0037	0.1008
162	-0.0040	-0.0014	-0.0057	-0.0050	-0.0015	-0.0055	-0.0024	-0.0082	-0.0105	-0.0090	-0.0010	0.1007	-0.0027	-0.0036	-0.0109	-0.0119	-0.0078	-0.0059	0.0001	-0.0037	0.1008
103	-0.0040	-0.0014	-0.0057	-0.0050	-0.0015	-0.0055	-0.0024	-0.0082	-0.0105	-0.0090	-0.0010	0.1007	-0.0027	-0.0036	-0.0109	-0.0119	-0.0078	-0.0059	0.0001	-0.0037	0.1008
200	-0.0040	-0.0012	-0.0030	-0.0051	-0.0013	-0.0056	-0.0019	0.0125	-0.0107	-0.0105	0.0873	-0.0060	-0.0027	-0.0035	-0.0122	-0.0094	-0.0106	-0.0095	0.0004	-0.0032	0.1002
183	-0.0031	-0.0004	0.0685	-0.0043	-0.0006	-0.0047	-0.0017	-0.0077	0.0305	-0.0082	0.0000	-0.0259	-0.0018	-0.0027	-0.0102	-0.0135	-0.0072	-0.0050	0.0010	-0.0032	0.1000
154	0.0369	0.0007	-0.0024	-0.0076	0.0006	-0.0037	-0.0001	-0.0060	-0.0328	-0.0071	0.0008	0.0569	-0.0008	-0.0018	-0.0113	-0.0088	-0.0096	-0.0045	0.0022	-0.0015	0.0981
190	-0.0057	-0.0012	-0.0029	-0.0056	-0.0014	-0.0059	-0.0019	-0.0106	-0.0089	-0.0097	-0.0018	-0.0058	-0.0026	-0.0035	-0.0108	-0.0090	-0.0073	0.0973	0.0002	-0.0031	0.0975
147	-0.0057	-0.0012	-0.0029	-0.0056	-0.0014	-0.0059	-0.0019	-0.0109	-0.0089	-0.0097	-0.0015	-0.0058	-0.0026	-0.0034	-0.0108	-0.0090	-0.0073	0.0973	0.0002	-0.0031	0.0975
494	-0.0057	-0.0013	-0.0029	-0.0056	-0.0014	-0.0059	-0.0019	-0.0095	-0.0090	-0.0097	-0.0028	-0.0057	-0.0026	-0.0034	-0.0108	-0.0090	-0.0073	0.0973	0.0002	-0.0031	0.0975
216	-0.0057	-0.0012	-0.0029	-0.0056	-0.0014	-0.0059	-0.0019	-0.0114	-0.0089	-0.0097	-0.0012	-0.0058	-0.0025	-0.0034	-0.0108	-0.0090	-0.0073	0.0973	0.0002	-0.0031	0.0975
235	-0.0057	-0.0012	-0.0029	-0.0056	-0.0014	-0.0059	-0.0019	-0.0116	-0.0089	-0.0097	-0.0010	-0.0058	-0.0025	-0.0034	-0.0108	-0.0090	-0.0073	0.0973	0.0002	-0.0031	0.0975
464	-0.0057	-0.0012	-0.0029	-0.0056	-0.0014	-0.0059	-0.0019	-0.0116	-0.0089	-0.0097	-0.0009	-0.0058	-0.0025	-0.0034	-0.0108	-0.0090	-0.0073	0.0973	0.0002	-0.0031	0.0975
408	-0.0057	-0.0013	-0.0029	-0.0056	-0.0014	-0.0059	-0.0019	-0.0081	-0.0090	-0.0097	-0.0042	-0.0057	-0.0026	-0.0034	-0.0108	-0.0090	-0.0073	0.0973	0.0002	-0.0031	0.0975
457	-0.0057	-0.0013	-0.0029	-0.0056	-0.0014	-0.0058	-0.0019	-0.0075	-0.0089	-0.0097	-0.0048	-0.0057	-0.0026	-0.0034	-0.0108	-0.0090	-0.0073	0.0973	0.0002	-0.0031	0.0975
42	-0.0057	-0.0013	-0.0029	-0.0056	-0.0014	-0.0058	-0.0019	-0.0075	-0.0089	-0.0097	-0.0048	-0.0057	-0.0026	-0.0034	-0.0108	-0.0090	-0.0073	0.0973	0.0002	-0.0031	0.0975
394	-0.0057	-0.0013	-0.0029	-0.0056	-0.0014	-0.0058	-0.0019	-0.0075	-0.0089	-0.0097	-0.0048	-0.0057	-0.0026	-0.0034	-0.0108	-0.0090	-0.0073	0.0973	0.0002	-0.0031	0.0975
35	-0.0057	-0.0012	-0.0029	-0.0056	-0.0014	-0.0058	-0.0018	-0.0117	-0.0090	-0.0097	-0.0008	-0.0057	-0.0026	-0.0034	-0.0108	-0.0090	-0.0073	0.0973	0.0002	-0.0031	0.0975
124	-0.0057	-0.0012	-0.0029	-0.0056	-0.0014	-0.0058	-0.0018	-0.0117	-0.0090	-0.0097	-0.0008	-0.0057	-0.0026	-0.0034	-0.0108	-0.0090	-0.0073	0.0973	0.0002	-0.0031	0.0975
518	-0.0057	-0.0013	-0.0029	-0.0056	-0.0014	-0.0058	-0.0019	-0.0076	-0.0089	-0.0097	-0.0046	-0.0057	-0.0026	-0.0034	-0.0108	-0.0090	-0.0073	0.0973	0.0002	-0.0031	0.0975
40	-0.0057	-0.0013	-0.0029	-0.0056	-0.0014	-0.0058	-0.0019	-0.0076	-0.0089	-0.0097	-0.0047	-0.0057	-0.0026	-0.0034	-0.0108	-0.0090	-0.0073	0.0973	0.0002	-0.0031	0.0975
322	-0.0057	-0.0012	-0.0036	-0.0049	-0.0019	-0.0058	-0.0019	-0.0117	-0.0089	-0.0092	-0.0008	-0.0058	-0.0025	-0.0034	-0.0107	-0.0090	-0.0072	0.0972	0.0002	-0.0031	0.0975
442	-0.0057	-0.0012	-0.0036	-0.0049	-0.0018	-0.0058	-0.0018	-0.0117	-0.0089	-0.0092	-0.0008	-0.0057	-0.0026	-0.0034	-0.0108	-0.0090	-0.0073	0.0972	0.0002	-0.0031	0.0974
426	-0.0057	-0.0012	-0.0036	-0.0049	-0.0018	-0.0058	-0.0018	-0.0117	-0.0089	-0.0092	-0.0008	-0.0057	-0.0026	-0.0034	-0.0108	-0.0090	-0.0073	0.0972	0.0002	-0.0031	0.0974
32	-0.0057	-0.0012	-0.0036	-0.0049	-0.0018	-0.0058	-0.0018	-0.0117	-0.0089	-0.0092	-0.0008	-0.0057	-0.0026	-0.0034	-0.0108	-0.0090	-0.0073	0.0972	0.0002	-0.0031	0.0974
543	-0.0057	-0.0012	-0.0036	-0.0049	-0.0018	-0.0058	-0.0018	-0.0117	-0.0089	-0.0092	-0.0008	-0.0057	-0.0026	-0.0034	-0.0108	-0.0090	-0.0073	0.0972	0.0002	-0.0031	0.0974
535	-0.0057	-0.0012	-0.0036	-0.0049	-0.0018	-0.0058	-0.0018	-0.0117	-0.0089	-0.0092	-0.0008	-0.0057	-0.0026	-0.0034	-0.0108	-0.0090	-0.0073	0.0972	0.0002	-0.0031	0.0974
525	-0.0057	-0.0012	-0.0036	-0.0049	-0.0018	-0.0058	-0.0018	-0.0117	-0.0089	-0.0092	-0.0008	-0.0057	-0.0026	-0.0034	-0.0108	-0.0090	-0.0073	0.0972	0.0002	-0.0031	0.0974
188	-0.0057	-0.0012	-0.0036	-0.0049	-0.0018	-0.0058	-0.0018	-0.0117	-0.0089	-0.0092	-0.0008	-0.0057	-0.0026	-0.0034	-0.0108	-0.0090	-0.0073	0.0972	0.0002	-0.0031	0.0974
485	-0.0040	-0.0015	-0.0031	-0.0077	-0.0017	-0.0055	-0.0021	-0.0075	0.0966	-0.0088	-0.0016	-0.0067	-0.0028	-0.0040	-0.0139	-0.0089	-0.0076	-0.0058	-0.0001	-0.0033	0.0966
509	-0.0040	-0.0015	-0.0031	-0.0077	-0.0017	-0.0055	-0.0021	-0.0075	0.0966	-0.0088	-0.0016	-0.0067	-0.0028	-0.0040	-0.0139	-0.0089	-0.0076	-0.0058	-0.0001	-0.0033	0.0966
320	-0.0040	-0.0015	-0.0031	-0.0077	-0.0017	-0.0055	-0.0021	-0.0077	0.0966	-0.0088	-0.0014	-0.0067	-0.0028	-0.0040	-0.0139	-0.0089	-0.0076	-0.0058	-0.0001	-0.0033	0.0966
135	-0.0040	-0.0015	-0.0031	-0.0077	-0.0017	-0.0055	-0.0021	-0.0077	0.0966	-0.0088	-0.0014	-0.0067	-0.0028	-0.0040	-0.0139	-0.0089	-0.0076	-0.0058	-0.0001	-0.0033	0.0966
473	-0.0040	-0.0015	-0.0031	-0.0077	-0.0017	-0.0055	-0.0021	-0.0079	0.0966	-0.0088	-0.0012	-0.0067	-0.0028	-0.0040	-0.0139	-0.0089	-0.0076	-0.0058	-0.0001	-0.0033	0.0966
424	-0.0040	-0.0015	-0.0031	-0.0077	-0.0017	-0.0055	-0.0021	-0.0079	0.0966	-0.0088	-0.0012	-0.0067	-0.0028	-0.0040	-0.0139	-0.0089	-0.0076	-0.0058	-0.0001	-0.0033	0.0966
458	-0.0040	-0.0015	-0.0031	-0.0077	-0.0017	-0.0055	-0.0021	-0.0075	0.0966	-0.0088	-0.0016	-0.0067	-0.0028	-0.0040	-0.0139	-0.0089	-0.0076	-0.0058	-0.0001	-0.0033	0.0966
393	-0.0040	-0.0015	-0.0031	-0.0077	-0.0017	-0.0055	-0.0021	-0.0075	0.0966	-0.0088	-0.0016	-0.0067	-0.0028	-0.0040	-0.0139	-0.0089	-0.0076	-0.0058	-0.0001	-0.0033	0.0966
38	-0.0040	-0.0015	-0.0031	-0.0077	-0.0017	-0.0055	-0.0021	-0.0075	0.0966	-0.0088	-0.0016	-0.0067	-0.0028	-0.0040	-0.0139	-0.0089	-0.0076	-0.0058	-0.0001	-0.0033	0.0966
293	-0.0040	-0.0015	-0.0031	-0.0077	-0.0017	-0.0055	-0.0021	-0.0075	0.0966	-0.0088	-0.0016	-0.0067	-0.0028	-0.0040	-0.0139	-0.0089	-0.0076	-0.0058	-0.0001	-0.0033	0.0966
234	-0.0040	-0.0015	-0.0031	-0.0077	-0.0017	-0.0055	-0.0021	-0.0080	0.0966	-0.0088	-0.0011	-0.0067	-0.0028	-0.0040	-0.0139	-0.0089	-0.0076	-0.0058	-0.0001	-0.0033	0.0966
61	-0.0040	-0.0015	-0.0031	-0.0077	-0.0017	-0.0055	-0.0021	-0.0080	0.0966	-0.0088	-0.0011	-0.0067	-0.0028	-0.0040	-0.0139	-0.0089	-0.0076	-0.0058	-0.0001	-0.0033	0.0966
519	-0.0040	-0.0015	-0.0031	-0.0077	-0.0017	-0.0055	-0.0021	-0.0080	0.0966	-0.0088	-0.0011	-0.0067	-0.0028	-0.0040	-0.0139	-0.0089	-0.0076	-0.0058	-0.0001	-0.0033	0.0966
463	-0.0040	-0.0015	-0.0031	-0.0077	-0.0017	-0.0055	-0.0021	-0.0080	0.0966	-0.0088	-0.0011	-0.0067	-0.0028	-0.0040	-0.0139	-0.0089	-0.0076	-0.0058	-0.0001	-0.0033	0.0966
495	-0.0040	-0.0015	-0.0031	-0.0077	-0.0017	-0.0055	-0.0021	-0.0080	0.0966	-0.0088	-0.0011	-0.0067	-0.0028	-0.0040	-0.0139	-0.0089	-0.0076	-0.0058	-0.0001	-0.0033	0.0966
425	-0.0040	-0.0015	-0.0031	-0.0077	-0.0017	-0.0055	-0.0021	-0.0080	0.0966	-0.0088	-0.0011	-0.0067	-0.0028	-0.0040	-0.0139	-0.0089	-0.0076	-0.0058	-0.0001	-0.0033	0.0966
56	-0.0040	-0.0015	-0.0031	-0.0077	-0.0017	-0.0055	-0.0021	-0.0080	0.0966	-0.0088	-0.0011	-0.0067	-0.0028	-0.0040	-0.0139	-0.0089	-0.0076	-0.0058	-0.0001	-0.0033	0.0966
414	-0.0040	-0.0015	-0.0031	-0.0077	-0.0017	-0.0055	-0.0021	-0.0080	0.0966	-0.0088	-0.0011	-0.0067	-0.0028	-0.0040	-0.0139	-0.0089	-0.0076	-0.0058	-0.0001	-0.0033	0.0966
410	-0.0040	-0.0015	-0.0031	-0.0077	-0.0017	-0.0055	-0.0021	-0.0080	0.0966	-0.0088	-0.0011	-0.0067	-0.0028	-0.0040	-0.0139	-0.0089	-0.0076	-0.0058	-0.0001	-0.0033	0.0966
400	-0.0040	-0.0015	-0.0031	-0.0077	-0.0017	-0.0055	-0.0021	-0.0080	0.0966	-0.0088	-0.0011	-0.0067	-0.0028	-0.0040	-0.0139	-0.0089	-0.0076	-0.0058	-0.0001	-0.0033	0.0966
381	-0.0040	-0.0015	-0.0031	-0.0077	-0.0017	-0.0055	-0.0021	-0.0080	0.0966	-0.0088	-0.0011	-0.0067	-0.0028	-0.0040	-0.0139	-0.0089	-0.0076	-0.0058	-0.0001	-0.0033	0.0966
326	-0.0040	-0.0015	-0.0031	-0.0077	-0.0017	-0.0055	-0.0021	-0.0080	0.0966	-0.0088	-0.0011	-0.0067	-0.0028	-0.0040	-0.0139	-0.0089	-0.0076	-0.0058	-0.0001	-0.0033	0.0966
186	-0.0040	-0.0015	-0.0031	-0.0077	-0.0017	-0.0055	-0.0021	-0.0080	0.0966	-0.0088	-0.0011	-0.0067	-0.0028	-0.0040	-0.0139	-0.0089	-0.0076	-0.0058	-0.0001	-0.0033	0.0966
1	-0.0040	-0.0015	-0.0031	-0.0077	-0.0017	-0.0055	-0.0021	-0.0080	0.0966	-0.0088	-0.0011	-0.0067	-0.0028	-0.0040	-0.0139	-0.0089	-0.0076	-0.0058	-0.0001	-0.0033	0.0966
202	-0.0024	0.0010	-0.0403	0.0248	0.0008	-0.0100	-0.0006	-0.0052	-0.0066	-0.0065	0.0014	0.0415	-0.0004	-0.0012	-0.0084	-0.0067	-0.0050	0.0233	0.0024	-0.0020	0.0952
29	-0.0063	-0.0013	-0.0029	-0.0049	-0.0015	-0.0054	-0.0019	-0.0102	-0.0088	-0.0087	-0.0009	-0.0064	-0.0030	-0.0034	-0.0106	-0.0099	0.0950	-0.0057	0.0001	-0.0032	0.0951
534	-0.0063	-0.0013	-0.0029	-0.0049	-0.0015	-0.0054	-0.0019	-0.0102	-0.0090	-0.0087	-0.0009	-0.0063	-0.0030	-0.0034	-0.0107	-0.0098	0.0950	-0.0057	0.0001	-0.0031	0.0951
226	-0.0063	-0.0013	-0.0029	-0.0049	-0.0014	-0.0054	-0.0019	-0.0102	-0.0088	-0.0088	-0.0009	-0.0065	-0.0031	-0.0034	-0.0106	-0.0099	0.0949	-0.0057	0.0001	-0.0031	0.0950
498	-0.0063	-0.0013	-0.0029	-0.0049	-0.0014	-0.0054	-0.0019	-0.0102	-0.0088	-0.0088	-0.0009	-0.0065	-0.0031	-0.0034	-0.0106	-0.0099	0.0949	-0.0057	0.0001	-0.0031	0.0950
449	-0.0063	-0.0013	-0.0029	-0.0049	-0.0014	-0.0054	-0.0019	-0.0102	-0.0088	-0.0088	-0.0009	-0.0065	-0.0031	-0.0034	-0.0106	-0.0099	0.0949	-0.0057	0.0001	-0.0031	0.0950
403	-0.0063	-0.0013	-0.0029	-0.0049	-0.0014	-0.0054	-0.0019	-0.0102	-0.0088	-0.0088	-0.0009	-0.0065	-0.0031	-0.0034	-0.0106	-0.0099	0.0949	-0.0057	0.0001	-0.0031	0.0950
357	-0.0063	-0.0013	-0.0029	-0.0049	-0.0014	-0.0054	-0.0019	-0.0102	-0.0088	-0.0088	-0.0009	-0.0065	-0.0031	-0.0034	-0.0106	-0.0099	0.0949	-0.0057	0.0001	-0.0031	0.0950
31	-0.0063	-0.0013	-0.0029	-0.0049	-0.0014	-0.0054	-0.0019	-0.0102	-0.0088	-0.0088	-0.0009	-0.0065	-0.0031	-0.0034	-0.0106	-0.0099	0.0949	-0.0057	0.0001	-0.0031	0.0950
247	-0.0063	-0.0013	-0.0029	-0.0049	-0.0014	-0.0054	-0.0019	-0.0102	-0.0088	-0.0088	-0.0009	-0.0065	-0.0031	-0.0034	-0.0106	-0.0099	0.0949	-0.0057	0.0001	-0.0031	0.0950
435	-0.0063	-0.0013	-0.0029	-0.0048	-0.0014	-0.0054	-0.0019	-0.0101	-0.0097	-0.0087	-0.0009	-0.0057	-0.0030	-0.0034	-0.0112	-0.0094	0.0949	-0.0057	0.0001	-0.0031	0.0950
18	-0.0063	-0.0013	-0.0029	-0.0048	-0.0014	-0.0054	-0.0019	-0.0101	-0.0097	-0.0087	-0.0009	-0.0057	-0.0030	-0.0034	-0.0112	-0.0094	0.0949	-0.0057	0.0001	-0.0031	0.0950
34	-0.0063	-0.0013	-0.0029	-0.0048	-0.0014	-0.0054	-0.0019	-0.0102	-0.0097	-0.0087	-0.0009	-0.0057	-0.0030	-0.0034	-0.0112	-0.0094	0.0949	-0.0057	0.0001	-0.0031	0.0950
167	-0.0063	-0.0013	-0.0029	-0.0048	-0.0014	-0.0053	-0.0019	-0.0074	-0.0097	-0.0087	-0.0035	-0.0057	-0.0031	-0.0034	-0.0112	-0.0094	0.0949	-0.0057	0.0001	-0.0031	0.0950
43	-0.0063	-0.0013	-0.0029	-0.0048	-0.0014	-0.0053	-0.0019	-0.0102	-0.0097	-0.0088	-0.0009	-0.0057	-0.0030	-0.0034	-0.0112	-0.0094	0.0949	-0.0057	0.0001	-0.0031	0.0950
41	-0.0063	-0.0013	-0.0029	-0.0048	-0.0014	-0.0053	-0.0019	-0.0102	-0.0097	-0.0088	-0.0009	-0.0057	-0.0030	-0.0034	-0.0112	-0.0094	0.0949	-0.0057	0.0001	-0.0031	0.0950
406	-0.0063	-0.0013	-0.0029	-0.0048	-0.0014	-0.0053	-0.0019	-0.0102	-0.0097	-0.0088	-0.0009	-0.0057	-0.0030	-0.0034	-0.0112	-0.0094	0.0949	-0.0057	0.0001	-0.0031	0.0950
391	-0.0063	-0.0013	-0.0029	-0.0048	-0.0014	-0.0053	-0.0019	-0.0102	-0.0097	-0.0088	-0.0009	-0.0057	-0.0030	-0.0034	-0.0112	-0.0094	0.0949	-0.0057	0.0001	-0.0031	0.0950
383	-0.0063	-0.0013	-0.0029	-0.0048	-0.0014	-0.0053	-0.0019	-0.0102	-0.0097	-0.0088	-0.0009	-0.0057	-0.0030	-0.0034	-0.0112	-0.0094	0.0949	-0.0057	0.0001	-0.0031	0.0950
331	-0.0063	-0.0013	-0.0029	-0.0048	-0.0014	-0.0053	-0.0019	-0.0102	-0.0097	-0.0088	-0.0009	-0.0057	-0.0030	-0.0034	-0.0112	-0.0094	0.0949	-0.0057	0.0001	-0.0031	0.0950
314	-0.0063	-0.0013	-0.0029	-0.0048	-0.0014	-0.0053	-0.0019	-0.0102	-0.0097	-0.0088	-0.0009	-0.0057	-0.0030	-0.0034	-0.0112	-0.0094	0.0949	-0.0057	0.0001	-0.0031	0.0950
296	-0.0063	-0.0013	-0.0029	-0.0048	-0.0014	-0.0053	-0.0019	-0.0102	-0.0097	-0.0088	-0.0009	-0.0057	-0.0030	-0.0034	-0.0112	-0.0094	0.0949	-0.0057	0.0001	-0.0031	0.0950
14	-0.0063	-0.0013	-0.0029	-0.0048	-0.0014	-0.0053	-0.0019	-0.0102	-0.0097	-0.0088	-0.0009	-0.0057	-0.0030	-0.0034	-0.0112	-0.0094	0.0949	-0.0057	0.0001	-0.0031	0.0950
360	-0.0034	-0.0002	-0.0019	-0.0041	-0.0004	-0.0046	-0.0008	-0.0218	-0.0092	-0.0093	0.0307	-0.0049	-0.0016	-0.0024	-0.0107	-0.0082	-0.0091	0.0628	0.0013	-0.0021	0.0948
168	-0.0021	0.0013	-0.0024	-0.0488	0.0012	0.0355	0.0007	-0.0048	0.0507	-0.0061	0.0017	-0.0031	-0.0000	-0.0017	-0.0092	-0.0062	-0.0046	-0.0042	0.0026	-0.0005	0.0938
237	-0.0037	-0.0009	0.0552	-0.0051	-0.0007	-0.0150	-0.0015	-0.0070	-0.0085	-0.0084	-0.0001	0.0375	-0.0020	-0.0028	-0.0107	-0.0118	-0.0067	-0.0058	0.0009	-0.0028	0.0936
448	-0.0038	-0.0014	-0.0029	-0.0048	-0.0016	-0.0079	-0.0020	-0.0073	-0.0138	-0.0085	-0.0015	-0.0056	-0.0027	-0.0035	0.0936	-0.0096	-0.0074	-0.0056	-0.0006	-0.0032	0.0936
323	-0.0038	-0.0014	-0.0029	-0.0048	-0.0016	-0.0079	-0.0020	-0.0073	-0.0138	-0.0085	-0.0015	-0.0056	-0.0027	-0.0035	0.0936	-0.0096	-0.0074	-0.0056	-0.0006	-0.0032	0.0936
118	-0.0038	-0.0014	-0.0029	-0.0048	-0.0016	-0.0079	-0.0020	-0.0073	-0.0138	-0.0085	-0.0015	-0.0056	-0.0027	-0.0035	0.0936	-0.0096	-0.0074	-0.0056	-0.0006	-0.0032	0.0936
512	-0.0038	-0.0014	-0.0029	-0.0048	-0.0016	-0.0079	-0.0020	-0.0073	-0.0138	-0.0085	-0.0015	-0.0056	-0.0027	-0.0035	0.0936	-0.0096	-0.0074	-0.0056	-0.0006	-0.0032	0.0936
334	-0.0038	-0.0014	-0.0029	-0.0048	-0.0016	-0.0079	-0.0020	-0.0073	-0.0138	-0.0085	-0.0015	-0.0056	-0.0027	-0.0035	0.0936	-0.0096	-0.0074	-0.0056	-0.0006	-0.0032	0.0936
418	-0.0038	-0.0014	-0.0029	-0.0048	-0.0016	-0.0079	-0.0020	-0.0074	-0.0138	-0.0085	-0.0014	-0.0056	-0.0027	-0.0035	0.0935	-0.0096	-0.0074	-0.0056	-0.0005	-0.0032	0.0935
562	-0.0036	-0.0011	-0.0027	-0.0047	-0.0013	-0.0052	-0.0017	0.0929	-0.0095	-0.0094	-0.0032	-0.0055	-0.0024	-0.0032	-0.0110	-0.0087	-0.0091	-0.0080	0.0003	-0.0029	0.0931
315	-0.0036	-0.0011	-0.0027	-0.0047	-0.0013	-0.0052	-0.0017	0.0929	-0.0095	-0.0094	-0.0032	-0.0055	-0.0024	-0.0032	-0.0110	-0.0087	-0.0091	-0.0080	0.0003	-0.0029	0.0931
301	-0.0036	-0.0011	-0.0027	-0.0047	-0.0013	-0.0052	-0.0017	0.0929	-0.0095	-0.0094	-0.0032	-0.0055	-0.0024	-0.0032	-0.0110	-0.0087	-0.0091	-0.0080	0.0003	-0.0029	0.0931
264	-0.0036	-0.0011	-0.0027	-0.0047	-0.0013	-0.0052	-0.0017	0.0929	-0.0095	-0.0094	-0.0032	-0.0055	-0.0024	-0.0032	-0.0110	-0.0087	-0.0091	-0.0080	0.0003	-0.0029	0.0931
256	-0.0036	-0.0011	-0.0027	-0.0047	-0.0013	-0.0052	-0.0017	0.0929	-0.0095	-0.0094	-0.0032	-0.0055	-0.0024	-0.0032	-0.0110	-0.0087	-0.0091	-0.0080	0.0003	-0.0029	0.0931
255	-0.0036	-0.0011	-0.0027	-0.0047	-0.0013	-0.0052	-0.0017	0.0929	-0.0095	-0.0094	-0.0032	-0.0055	-0.0024	-0.0032	-0.0110	-0.0087	-0.0091	-0.0080	0.0003	-0.0029	0.0931
229	-0.0036	-0.0011	-0.0027	-0.0047	-0.0013	-0.0052	-0.0017	0.0929	-0.0095	-0.0094	-0.0032	-0.0055	-0.0024	-0.0032	-0.0110	-0.0087	-0.0091	-0.0080	0.0003	-0.0029	0.0931
21	-0.0036	-0.0011	-0.0027	-0.0047	-0.0013	-0.0052	-0.0017	0.0929	-0.0095	-0.0094	-0.0032	-0.0055	-0.0024	-0.0032	-0.0110	-0.0087	-0.0091	-0.0080	0.0003	-0.0029	0.0931
19	-0.0036	-0.0011	-0.0027	-0.0047	-0.0013	-0.0052	-0.0017	0.0929	-0.0095	-0.0094	-0.0032	-0.0055	-0.0024	-0.0032	-0.0110	-0.0087	-0.0091	-0.0080	0.0003	-0.0029	0.0931
132	-0.0036	-0.0011	-0.0027	-0.0047	-0.0013	-0.0052	-0.0017	0.0929	-0.0095	-0.0094	-0.0032	-0.0055	-0.0024	-0.0032	-0.0110	-0.0087	-0.0091	-0.0080	0.0003	-0.0029	0.0931
129	-0.0038	-0.0014	-0.0029	-0.0048	-0.0016	-0.0079	-0.0020	-0.0077	-0.0138	-0.0085	-0.0011	-0.0056	-0.0027	-0.0034	0.0931	-0.0096	-0.0074	-0.0056	-0.0001	-0.0032	0.0931
342	-0.0038	-0.0014	-0.0029	-0.0048	-0.0016	-0.0079	-0.0020	-0.0077	-0.0138	-0.0085	-0.0011	-0.0056	-0.0027	-0.0034	0.0931	-0.0096	-0.0074	-0.0056	-0.0001	-0.0032	0.0931
274	-0.0038	-0.0014	-0.0029	-0.0048	-0.0016	-0.0079	-0.0020	-0.0078	-0.0138	-0.0085	-0.0010	-0.0056	-0.0027	-0.0034	0.0931	-0.0096	-0.0074	-0.0056	-0.0001	-0.0032	0.0931
561	-0.0038	-0.0014	-0.0029	-0.0048	-0.0016	-0.0079	-0.0020	-0.0078	-0.0138	-0.0085	-0.0010	-0.0056	-0.0027	-0.0034	0.0931	-0.0096	-0.0074	-0.0056	-0.0001	-0.0032	0.0931
241	-0.0038	-0.0014	-0.0029	-0.0048	-0.0016	-0.0079	-0.0020	-0.0078	-0.0138	-0.0085	-0.0010	-0.0056	-0.0027	-0.0034	0.0931	-0.0096	-0.0074	-0.0056	-0.0001	-0.0032	0.0931
236	-0.0038	-0.0014	-0.0029	-0.0048	-0.0016	-0.0079	-0.0020	-0.0078	-0.0138	-0.0085	-0.0010	-0.0056	-0.0027	-0.0034	0.0931	-0.0096	-0.0074	-0.0056	-0.0001	-0.0032	0.0931
232	-0.0038	-0.0014	-0.0029	-0.0048	-0.0016	-0.0079	-0.0020	-0.0077	-0.0137	-0.0085	-0.0011	-0.0056	-0.0027	-0.0035	0.0931	-0.0096	-0.0074	-0.0056	-0.0001	-0.0032	0.0931
15	-0.0036	-0.0022	0.0482	-0.0053	-0.0011	-0.0067	-0.0028	-0.0073	-0.0088	-0.0087	-0.0003	-0.0086	-0.0021	-0.0030	-0.0107	-0.0090	-0.0070	-0.0057	0.0008	0.0438	0.0928
288	-0.0040	-0.0010	0.0185	-0.0062	-0.0011	0.0734	-0.0020	-0.0073	-0.0087	-0.0086	-0.0005	-0.0110	-0.0023	-0.0031	-0.0106	-0.0092	-0.0070	-0.0061	0.0005	-0.0035	0.0924
537	-0.0036	-0.0017	-0.0027	-0.0046	-0.0013	-0.0077	-0.0017	-0.0076	-0.0085	-0.0084	-0.0007	-0.0097	-0.0025	-0.0032	-0.0122	0.0918	-0.0073	-0.0054	0.0002	-0.0029	0.0921
493	-0.0036	-0.0017	-0.0027	-0.0046	-0.0013	-0.0077	-0.0017	-0.0076	-0.0085	-0.0084	-0.0007	-0.0097	-0.0025	-0.0032	-0.0122	0.0918	-0.0073	-0.0054	0.0002	-0.0029	0.0921
324	-0.0036	-0.0017	-0.0027	-0.0046	-0.0013	-0.0077	-0.0017	-0.0076	-0.0085	-0.0084	-0.0007	-0.0097	-0.0025	-0.0032	-0.0122	0.0918	-0.0073	-0.0054	0.0002	-0.0029	0.0921
273	-0.0036	-0.0017	-0.0027	-0.0046	-0.0013	-0.0077	-0.0017	-0.0076	-0.0085	-0.0084	-0.0007	-0.0097	-0.0025	-0.0032	-0.0122	0.0918	-0.0073	-0.0054	0.0002	-0.0029	0.0921
382	-0.0036	-0.0017	-0.0027	-0.0046	-0.0013	-0.0077	-0.0017	-0.0076	-0.0085	-0.0084	-0.0007	-0.0097	-0.0025	-0.0032	-0.0122	0.0918	-0.0073	-0.0054	0.0002	-0.0029	0.0921
303	-0.0036	-0.0017	-0.0027	-0.0046	-0.0013	-0.0077	-0.0017	-0.0076	-0.0085	-0.0084	-0.0007	-0.0097	-0.0025	-0.0032	-0.0122	0.0918	-0.0073	-0.0054	0.0002	-0.0029	0.0921
122	-0.0036	-0.0017	-0.0027	-0.0046	-0.0013	-0.0077	-0.0017	-0.0076	-0.0085	-0.0084	-0.0007	-0.0097	-0.0025	-0.0032	-0.0122	0.0918	-0.0073	-0.0054	0.0002	-0.0029	0.0921
304	-0.0036	-0.0017	-0.0027	-0.0046	-0.0013	-0.0077	-0.0017	-0.0076	-0.0085	-0.0084	-0.0007	-0.0097	-0.0025	-0.0032	-0.0122	0.0918	-0.0073	-0.0054	0.0002	-0.0029	0.0921
158	-0.0036	-0.0017	-0.0027	-0.0046	-0.0013	-0.0077	-0.0017	-0.0076	-0.0085	-0.0084	-0.0007	-0.0097	-0.0025	-0.0032	-0.0122	0.0918	-0.0073	-0.0054	0.0002	-0.0029	0.0921
549	-0.0036	-0.0017	-0.0027	-0.0046	-0.0013	-0.0077	-0.0017	-0.0076	-0.0085	-0.0084	-0.0007	-0.0097	-0.0025	-0.0032	-0.0122	0.0918	-0.0073	-0.0054	0.0002	-0.0029	0.0921
178	-0.0029	-0.0003	-0.0020	-0.0092	-0.0005	-0.0045	-0.0009	-0.0066	-0.0237	-0.0079	0.0356	-0.0064	-0.0017	-0.0032	0.0551	-0.0080	-0.0070	-0.0048	0.0011	-0.0022	0.0918
268	-0.0035	-0.0038	-0.0031	-0.0046	0.0438	-0.0052	0.0085	-0.0075	-0.0089	-0.0090	-0.0004	-0.0065	-0.0023	-0.0032	-0.0112	-0.0095	-0.0071	-0.0056	0.0007	0.0384	0.0915
564	-0.0037	-0.0011	-0.0027	-0.0047	-0.0017	-0.0052	-0.0017	0.0907	-0.0086	-0.0089	-0.0012	-0.0062	-0.0024	-0.0032	-0.0104	-0.0092	-0.0091	-0.0080	0.0003	-0.0030	0.0910
398	-0.0037	-0.0011	-0.0027	-0.0047	-0.0017	-0.0052	-0.0017	0.0907	-0.0086	-0.0089	-0.0012	-0.0062	-0.0024	-0.0032	-0.0104	-0.0092	-0.0091	-0.0080	0.0003	-0.0030	0.0910
155	-0.0029	0.0001	-0.0016	-0.0081	-0.0000	0.0305	-0.0005	-0.0065	0.0266	-0.0077	0.0327	-0.0046	-0.0013	-0.0021	-0.0345	-0.0081	-0.0063	-0.0050	0.0010	-0.0018	0.0910
548	-0.0036	-0.0011	-0.0027	-0.0047	-0.0017	-0.0052	-0.0017	0.0907	-0.0086	-0.0089	-0.0012	-0.0063	-0.0024	-0.0032	-0.0104	-0.0092	-0.0091	-0.0080	0.0003	-0.0029	0.0910
531	-0.0036	-0.0011	-0.0027	-0.0047	-0.0017	-0.0052	-0.0017	0.0907	-0.0086	-0.0089	-0.0012	-0.0063	-0.0024	-0.0032	-0.0104	-0.0092	-0.0091	-0.0080	0.0003	-0.0029	0.0910
281	-0.0036	-0.0011	-0.0027	-0.0047	-0.0017	-0.0052	-0.0017	0.0907	-0.0086	-0.0089	-0.0012	-0.0063	-0.0024	-0.0032	-0.0104	-0.0092	-0.0091	-0.0080	0.0003	-0.0029	0.0910
280	-0.0036	-0.0011	-0.0027	-0.0047	-0.0017	-0.0052	-0.0017	0.0907	-0.0086	-0.0089	-0.0012	-0.0063	-0.0024	-0.0032	-0.0104	-0.0092	-0.0091	-0.0080	0.0003	-0.0029	0.0910
95	-0.0036	-0.0011	-0.0027	-0.0047	-0.0017	-0.0052	-0.0017	0.0907	-0.0086	-0.0089	-0.0012	-0.0063	-0.0024	-0.0032	-0.0104	-0.0092	-0.0091	-0.0080	0.0003	-0.0029	0.0910
528	-0.0036	-0.0011	-0.0027	-0.0047	-0.0017	-0.0052	-0.0017	0.0907	-0.0086	-0.0089	-0.0012	-0.0063	-0.0024	-0.0032	-0.0104	-0.0092	-0.0091	-0.0080	0.0003	-0.0029	0.0910
515	-0.0036	-0.0011	-0.0027	-0.0047	-0.0017	-0.0052	-0.0017	0.0907	-0.0086	-0.0089	-0.0012	-0.0063	-0.0024	-0.0032	-0.0104	-0.0092	-0.0091	-0.0080	0.0003	-0.0029	0.0910
433	-0.0036	-0.0011	-0.0027	-0.0047	-0.0017	-0.0052	-0.0017	0.0907	-0.0086	-0.0089	-0.0012	-0.0063	-0.0024	-0.0032	-0.0104	-0.0092	-0.0091	-0.0080	0.0003	-0.0029	0.0910
390	-0.0036	-0.0011	-0.0027	-0.0047	-0.0017	-0.0052	-0.0017	0.0907	-0.0086	-0.0089	-0.0012	-0.0063	-0.0024	-0.0032	-0.0104	-0.0092	-0.0091	-0.0080	0.0003	-0.0029	0.0910
387	-0.0036	-0.0011	-0.0027	-0.0047	-0.0017	-0.0052	-0.0017	0.0907	-0.0086	-0.0089	-0.0012	-0.0063	-0.0024	-0.0032	-0.0104	-0.0092	-0.0091	-0.0080	0.0003	-0.0029	0.0910
352	-0.0036	-0.0011	-0.0027	-0.0047	-0.0017	-0.0052	-0.0017	0.0907	-0.0086	-0.0089	-0.0012	-0.0063	-0.0024	-0.0032	-0.0104	-0.0092	-0.0091	-0.0080	0.0003	-0.0029	0.0910
348	-0.0036	-0.0011	-0.0027	-0.0047	-0.0017	-0.0052	-0.0017	0.0907	-0.0086	-0.0089	-0.0012	-0.0063	-0.0024	-0.0032	-0.0104	-0.0092	-0.0091	-0.0080	0.0003	-0.0029	0.0910
210	-0.0038	-0.0007	0.0447	0.0452	-0.0008	-0.0081	-0.0013	-0.0071	-0.0145	-0.0085	-0.0002	-0.0057	-0.0021	-0.0033	-0.0105	-0.0087	-0.0069	-0.0059	0.0008	-0.0027	0.0907
51	-0.0041	-0.0010	0.0193	-0.0064	-0.0011	-0.0087	-0.0021	-0.0073	-0.0088	-0.0087	-0.0005	0.0707	-0.0024	-0.0032	-0.0106	-0.0089	-0.0071	-0.0062	0.0005	-0.0036	0.0905
220	-0.0033	-0.0007	-0.0038	-0.0044	-0.0008	-0.0050	0.0496	-0.0074	-0.0092	-0.0089	-0.0002	0.0399	-0.0024	-0.0039	-0.0132	-0.0097	-0.0070	-0.0053	0.0008	-0.0050	0.0904
466	-0.0024	-0.0005	-0.0025	-0.0035	0.0000	-0.0072	-0.0006	-0.0069	-0.0081	-0.0075	0.0006	0.0494	-0.0012	-0.0020	-0.0120	-0.0292	0.0382	-0.0043	0.0016	-0.0019	0.0898
341	-0.0041	-0.0017	-0.0027	-0.0046	-0.0040	-0.0051	-0.0018	-0.0072	-0.0085	-0.0084	-0.0008	-0.0055	-0.0049	-0.0033	-0.0103	0.0894	-0.0077	-0.0055	0.0002	-0.0037	0.0896
374	-0.0041	-0.0017	-0.0027	-0.0046	-0.0040	-0.0051	-0.0018	-0.0072	-0.0085	-0.0084	-0.0008	-0.0055	-0.0049	-0.0033	-0.0103	0.0894	-0.0077	-0.0055	0.0002	-0.0037	0.0896
93	-0.0041	-0.0017	-0.0027	-0.0046	-0.0040	-0.0051	-0.0018	-0.0072	-0.0085	-0.0084	-0.0008	-0.0055	-0.0049	-0.0033	-0.0103	0.0894	-0.0077	-0.0055	0.0002	-0.0037	0.0896
554	-0.0041	-0.0017	-0.0027	-0.0046	-0.0040	-0.0051	-0.0018	-0.0072	-0.0085	-0.0084	-0.0008	-0.0055	-0.0049	-0.0033	-0.0103	0.0894	-0.0077	-0.0055	0.0002	-0.0037	0.0896
544	-0.0041	-0.0017	-0.0027	-0.0046	-0.0040	-0.0051	-0.0018	-0.0072	-0.0085	-0.0084	-0.0008	-0.0055	-0.0049	-0.0033	-0.0102	0.0894	-0.0077	-0.0055	0.0002	-0.0037	0.0896
338	-0.0041	-0.0017	-0.0027	-0.0046	-0.0040	-0.0051	-0.0018	-0.0072	-0.0085	-0.0084	-0.0008	-0.0055	-0.0049	-0.0033	-0.0102	0.0894	-0.0077	-0.0055	0.0002	-0.0037	0.0896
179	-0.0041	-0.0017	-0.0027	-0.0046	-0.0040	-0.0051	-0.0018	-0.0072	-0.0085	-0.0084	-0.0008	-0.0055	-0.0049	-0.0033	-0.0102	0.0894	-0.0077	-0.0055	0.0002	-0.0037	0.0896
557	-0.0041	-0.0017	-0.0027	-0.0046	-0.0040	-0.0051	-0.0018	-0.0072	-0.0085	-0.0084	-0.0008	-0.0055	-0.0049	-0.0033	-0.0102	0.0894	-0.0077	-0.0055	0.0002	-0.0037	0.0896
45	-0.0041	-0.0017	-0.0027	-0.0046	-0.0040	-0.0051	-0.0018	-0.0072	-0.0085	-0.0084	-0.0008	-0.0055	-0.0049	-0.0033	-0.0102	0.0894	-0.0077	-0.0055	0.0002	-0.0037	0.0896
396	-0.0041	-0.0017	-0.0027	-0.0046	-0.0040	-0.0051	-0.0018	-0.0072	-0.0085	-0.0084	-0.0008	-0.0055	-0.0049	-0.0033	-0.0102	0.0894	-0.0077	-0.0055	0.0002	-0.0037	0.0896
218	-0.0041	-0.0017	-0.0027	-0.0046	-0.0040	-0.0051	-0.0018	-0.0072	-0.0085	-0.0084	-0.0008	-0.0055	-0.0049	-0.0033	-0.0102	0.0894	-0.0077	-0.0055	0.0002	-0.0037	0.0896
215	-0.0041	-0.0017	-0.0027	-0.0046	-0.0040	-0.0051	-0.0018	-0.0072	-0.0085	-0.0084	-0.0008	-0.0055	-0.0049	-0.0033	-0.0102	0.0894	-0.0077	-0.0055	0.0002	-0.0037	0.0896
143	-0.0039	0.0003	-0.0032	-0.0032	0.0002	-0.0038	-0.0006	-0.0080	-0.0073	-0.0071	0.0007	-0.0343	-0.0013	-0.0018	-0.0090	0.0260	0.0605	-0.0041	0.0017	-0.0019	0.0894
505	-0.0041	-0.0015	-0.0027	-0.0046	-0.0028	-0.0051	-0.0018	-0.0072	-0.0085	-0.0096	-0.0008	-0.0055	-0.0049	-0.0033	-0.0103	0.0889	-0.0077	-0.0055	0.0002	-0.0034	0.0891
157	-0.0033	0.0476	-0.0024	-0.0044	-0.0009	-0.0080	-0.0014	-0.0077	-0.0085	-0.0084	-0.0003	-0.0105	-0.0021	-0.0029	-0.0128	0.0407	-0.0073	-0.0053	0.0007	-0.0027	0.0889
185	-0.0039	-0.0008	-0.0037	0.0153	-0.0010	0.0730	-0.0014	-0.0072	-0.0161	-0.0085	-0.0004	-0.0054	-0.0022	-0.0035	-0.0106	-0.0086	-0.0069	-0.0060	0.0006	-0.0027	0.0889
125	-0.0041	-0.0013	-0.0027	-0.0046	-0.0020	-0.0051	-0.0018	-0.0072	-0.0085	-0.0104	-0.0008	-0.0055	-0.0049	-0.0033	-0.0103	0.0885	-0.0077	-0.0055	0.0002	-0.0032	0.0888
538	-0.0041	-0.0013	-0.0027	-0.0046	-0.0018	-0.0051	-0.0018	-0.0072	-0.0085	-0.0106	-0.0008	-0.0055	-0.0049	-0.0033	-0.0103	0.0885	-0.0077	-0.0055	0.0002	-0.0031	0.0887
455	-0.0041	-0.0013	-0.0027	-0.0046	-0.0018	-0.0051	-0.0018	-0.0072	-0.0085	-0.0106	-0.0008	-0.0055	-0.0049	-0.0033	-0.0103	0.0885	-0.0077	-0.0055	0.0002	-0.0031	0.0887
283	-0.0041	-0.0012	-0.0027	-0.0046	-0.0014	-0.0051	-0.0018	-0.0072	-0.0085	-0.0111	-0.0008	-0.0055	-0.0049	-0.0033	-0.0103	0.0882	-0.0077	-0.0055	0.0002	-0.0030	0.0884
28	-0.0041	-0.0012	-0.0027	-0.0046	-0.0013	-0.0051	-0.0018	-0.0072	-0.0085	-0.0112	-0.0008	-0.0055	-0.0049	-0.0033	-0.0103	0.0882	-0.0077	-0.0055	0.0002	-0.0030	0.0884
91	-0.0041	-0.0012	-0.0027	-0.0046	-0.0013	-0.0051	-0.0018	-0.0072	-0.0085	-0.0111	-0.0008	-0.0055	-0.0049	-0.0032	-0.0103	0.0882	-0.0077	-0.0055	0.0002	-0.0030	0.0884
533	-0.0041	-0.0012	-0.0027	-0.0046	-0.0013	-0.0051	-0.0018	-0.0072	-0.0085	-0.0111	-0.0008	-0.0055	-0.0049	-0.0032	-0.0103	0.0882	-0.0077	-0.0055	0.0002	-0.0030	0.0884
522	-0.0041	-0.0012	-0.0027	-0.0046	-0.0013	-0.0051	-0.0018	-0.0072	-0.0085	-0.0111	-0.0008	-0.0055	-0.0049	-0.0032	-0.0103	0.0882	-0.0077	-0.0055	0.0002	-0.0030	0.0884
508	-0.0041	-0.0012	-0.0027	-0.0046	-0.0013	-0.0051	-0.0018	-0.0072	-0.0085	-0.0111	-0.0008	-0.0055	-0.0049	-0.0032	-0.0103	0.0882	-0.0077	-0.0055	0.0002	-0.0030	0.0884
278	-0.0041	-0.0012	-0.0027	-0.0046	-0.0013	-0.0051	-0.0018	-0.0072	-0.0085	-0.0111	-0.0008	-0.0055	-0.0049	-0.0032	-0.0103	0.0882	-0.0077	-0.0055	0.0002	-0.0030	0.0884
219	-0.0041	-0.0012	-0.0027	-0.0046	-0.0013	-0.0051	-0.0018	-0.0072	-0.0085	-0.0111	-0.0008	-0.0055	-0.0049	-0.0032	-0.0103	0.0882	-0.0077	-0.0055	0.0002	-0.0030	0.0884
138	-0.0041	-0.0012	-0.0027	-0.0046	-0.0013	-0.0051	-0.0018	-0.0072	-0.0085	-0.0111	-0.0008	-0.0055	-0.0049	-0.0032	-0.0103	0.0882	-0.0077	-0.0055	0.0002	-0.0030	0.0884
126	-0.0041	-0.0012	-0.0027	-0.0046	-0.0013	-0.0051	-0.0018	-0.0072	-0.0085	-0.0111	-0.0008	-0.0055	-0.0049	-0.0032	-0.0103	0.0882	-0.0077	-0.0055	0.0002	-0.0030	0.0884
123	-0.0041	-0.0012	-0.0027	-0.0046	-0.0013	-0.0051	-0.0018	-0.0072	-0.0085	-0.0111	-0.0008	-0.0055	-0.0049	-0.0032	-0.0103	0.0882	-0.0077	-0.0055	0.0002	-0.0030	0.0884
150	0.0778	-0.0010	-0.0027	-0.0049	-0.0011	-0.0053	-0.0016	-0.0074	-0.0088	-0.0115	-0.0006	-0.0056	-0.0050	-0.0032	-0.0107	0.0093	-0.0091	-0.0063	0.0005	-0.0029	0.0876
101	-0.0042	-0.0014	-0.0027	-0.0047	-0.0030	-0.0052	-0.0021	-0.0074	-0.0088	-0.0102	-0.0007	-0.0056	0.0508	-0.0033	-0.0110	0.0363	-0.0081	-0.0056	0.0004	-0.0035	0.0875
487	-0.0035	-0.0008	0.0446	-0.0048	-0.0009	-0.0056	-0.0019	-0.0077	-0.0101	-0.0086	-0.0003	0.0419	-0.0022	-0.0030	-0.0105	-0.0114	-0.0073	-0.0055	0.0007	-0.0033	0.0872
70	-0.0037	-0.0011	-0.0044	-0.0064	-0.0013	-0.0053	-0.0020	-0.0080	0.0106	-0.0087	-0.0007	0.0763	-0.0025	-0.0035	-0.0126	-0.0105	-0.0076	-0.0056	0.0003	-0.0033	0.0872
488	-0.0035	-0.0008	0.0440	-0.0047	-0.0009	-0.0054	-0.0018	-0.0077	-0.0102	-0.0086	-0.0003	0.0424	-0.0022	-0.0030	-0.0105	-0.0116	-0.0073	-0.0054	0.0007	-0.0033	0.0871
198	-0.0042	-0.0016	-0.0027	-0.0047	-0.0038	-0.0052	-0.0018	-0.0074	-0.0088	-0.0093	-0.0007	-0.0056	0.0488	-0.0033	-0.0107	0.0380	-0.0081	-0.0056	0.0004	-0.0037	0.0871
388	-0.0034	-0.0007	0.0427	-0.0045	-0.0009	-0.0051	-0.0018	-0.0078	-0.0104	-0.0086	-0.0003	0.0436	-0.0021	-0.0030	-0.0105	-0.0120	-0.0074	-0.0054	0.0007	-0.0033	0.0870
100	-0.0034	-0.0007	0.0427	-0.0045	-0.0009	-0.0050	-0.0018	-0.0078	-0.0104	-0.0086	-0.0003	0.0436	-0.0021	-0.0030	-0.0105	-0.0121	-0.0074	-0.0054	0.0007	-0.0033	0.0870
242	-0.0034	-0.0008	-0.0024	-0.0044	-0.0014	-0.0049	-0.0014	0.0699	-0.0087	-0.0089	0.0163	-0.0059	-0.0022	-0.0030	-0.0104	-0.0090	-0.0092	-0.0081	0.0006	-0.0027	0.0868
152	-0.0042	-0.0017	-0.0027	-0.0047	-0.0044	-0.0052	-0.0017	-0.0073	-0.0088	-0.0088	-0.0006	-0.0056	0.0474	-0.0032	-0.0106	0.0390	-0.0080	-0.0056	0.0004	-0.0038	0.0868
287	-0.0031	-0.0004	-0.0021	-0.0042	-0.0006	-0.0047	-0.0011	-0.0129	-0.0094	0.0325	0.0533	-0.0051	-0.0019	-0.0027	-0.0109	-0.0084	-0.0090	-0.0079	0.0010	-0.0024	0.0868
156	-0.0031	-0.0005	-0.0022	0.0592	-0.0007	-0.0047	-0.0012	-0.0077	-0.0235	-0.0081	-0.0001	-0.0067	-0.0019	-0.0034	0.0266	-0.0082	-0.0072	-0.0050	0.0009	-0.0024	0.0867
267	-0.0038	-0.0024	-0.0028	-0.0048	-0.0014	-0.0062	-0.0019	-0.0073	-0.0094	-0.0092	-0.0009	-0.0056	-0.0026	-0.0034	0.0700	-0.0093	-0.0071	-0.0056	0.0167	-0.0031	0.0867
136	-0.0040	-0.0008	0.0412	0.0109	-0.0010	0.0338	-0.0015	-0.0073	-0.0165	-0.0086	-0.0004	-0.0056	-0.0022	-0.0036	-0.0107	-0.0088	-0.0070	-0.0061	0.0007	-0.0028	0.0866
421	-0.0032	-0.0006	-0.0055	-0.0043	-0.0007	-0.0048	-0.0017	-0.0076	-0.0102	-0.0084	-0.0001	0.0436	-0.0020	-0.0028	-0.0103	-0.0119	-0.0072	-0.0052	0.0009	0.0419	0.0864
477	-0.0032	-0.0006	-0.0055	-0.0043	-0.0007	-0.0048	-0.0017	-0.0076	-0.0102	-0.0084	-0.0001	0.0436	-0.0020	-0.0028	-0.0103	-0.0119	-0.0072	-0.0052	0.0009	0.0419	0.0864
540	-0.0059	0.0437	-0.0028	-0.0053	0.0023	0.0006	-0.0015	-0.0087	-0.0088	-0.0088	-0.0040	-0.0055	-0.0023	-0.0031	-0.0108	-0.0089	-0.0071	0.0382	0.0016	-0.0028	0.0864
208	-0.0036	-0.0015	-0.0030	-0.0046	-0.0012	-0.0054	0.0477	-0.0073	-0.0087	-0.0092	-0.0006	-0.0060	-0.0029	-0.0057	0.0385	-0.0088	-0.0070	-0.0055	-0.0007	-0.0047	0.0862
209	-0.0056	-0.0013	-0.0029	-0.0061	-0.0014	-0.0053	-0.0019	-0.0096	0.0767	-0.0086	-0.0009	-0.0060	-0.0029	-0.0036	-0.0124	-0.0091	0.0093	-0.0056	0.0001	-0.0031	0.0861
339	-0.0032	-0.0006	-0.0023	-0.0043	0.0444	-0.0048	-0.0012	0.0397	-0.0085	-0.0089	-0.0007	-0.0061	-0.0020	-0.0028	-0.0103	-0.0092	-0.0092	-0.0081	0.0009	-0.0026	0.0849
230	-0.0300	-0.0001	-0.0020	-0.0047	-0.0002	-0.0049	-0.0007	-0.0062	-0.0075	-0.0075	0.0004	-0.0044	-0.0022	-0.0022	-0.0093	0.0283	0.0262	0.0276	0.0013	-0.0019	0.0838
447	-0.0036	-0.0006	-0.0033	0.0459	-0.0008	0.0370	-0.0012	-0.0070	-0.0147	-0.0083	-0.0002	-0.0052	-0.0020	-0.0033	-0.0103	-0.0084	-0.0067	-0.0057	0.0009	-0.0025	0.0838
49	-0.0033	-0.0008	-0.0024	-0.0043	-0.0036	-0.0048	-0.0022	-0.0076	-0.0082	0.0831	-0.0004	-0.0051	-0.0045	-0.0029	-0.0105	-0.0082	-0.0066	-0.0056	0.0006	-0.0026	0.0837
36	-0.0033	-0.0008	-0.0024	-0.0043	-0.0036	-0.0048	-0.0022	-0.0076	-0.0082	0.0831	-0.0004	-0.0051	-0.0045	-0.0029	-0.0105	-0.0082	-0.0066	-0.0056	0.0006	-0.0026	0.0837
305	-0.0033	-0.0008	-0.0024	-0.0043	-0.0036	-0.0048	-0.0022	-0.0076	-0.0082	0.0831	-0.0004	-0.0051	-0.0045	-0.0029	-0.0105	-0.0082	-0.0066	-0.0056	0.0006	-0.0026	0.0837
541	-0.0033	-0.0008	-0.0024	-0.0043	-0.0036	-0.0048	-0.0022	-0.0076	-0.0082	0.0831	-0.0004	-0.0051	-0.0045	-0.0029	-0.0105	-0.0082	-0.0066	-0.0056	0.0006	-0.0026	0.0837
189	-0.0033	-0.0008	-0.0024	-0.0043	-0.0036	-0.0048	-0.0022	-0.0076	-0.0082	0.0831	-0.0004	-0.0051	-0.0045	-0.0029	-0.0105	-0.0082	-0.0066	-0.0056	0.0006	-0.0026	0.0837
201	-0.0036	-0.0006	-0.0030	0.0415	-0.0008	0.0413	-0.0012	-0.0070	-0.0111	-0.0083	-0.0002	-0.0052	-0.0020	-0.0030	-0.0138	-0.0087	-0.0067	-0.0057	0.0006	-0.0025	0.0833
513	0.0365	-0.0006	-0.0035	0.0114	-0.0008	0.0340	-0.0012	-0.0070	-0.0163	-0.0084	-0.0002	-0.0052	-0.0020	-0.0034	-0.0104	-0.0085	-0.0068	-0.0059	0.0009	-0.0025	0.0828
252	-0.0036	-0.0006	-0.0022	0.0377	-0.0007	0.0445	-0.0012	-0.0069	-0.0084	-0.0083	-0.0001	-0.0051	-0.0019	-0.0028	-0.0177	-0.0084	-0.0067	-0.0057	0.0005	-0.0025	0.0827
417	-0.0039	-0.0014	-0.0030	-0.0062	-0.0016	-0.0074	-0.0020	-0.0081	0.0715	-0.0087	-0.0010	-0.0061	-0.0027	-0.0037	0.0106	-0.0096	-0.0077	-0.0057	-0.0001	-0.0032	0.0822
506	-0.0039	-0.0010	-0.0037	0.0453	-0.0011	-0.0081	-0.0016	-0.0072	0.0362	-0.0085	-0.0006	-0.0055	-0.0023	-0.0036	-0.0105	-0.0086	-0.0069	-0.0060	0.0004	-0.0029	0.0819
102	-0.0039	-0.0010	-0.0037	0.0453	-0.0011	-0.0081	-0.0016	-0.0072	0.0362	-0.0085	-0.0006	-0.0055	-0.0023	-0.0036	-0.0105	-0.0086	-0.0069	-0.0060	0.0004	-0.0029	0.0819
82	-0.0040	-0.0010	-0.0037	0.0455	-0.0011	-0.0082	-0.0016	-0.0072	0.0360	-0.0085	-0.0006	-0.0054	-0.0023	-0.0036	-0.0104	-0.0086	-0.0069	-0.0060	0.0004	-0.0028	0.0819
289	-0.0039	-0.0010	-0.0037	0.0454	-0.0011	-0.0081	-0.0016	-0.0072	0.0360	-0.0085	-0.0006	-0.0054	-0.0023	-0.0036	-0.0104	-0.0086	-0.0069	-0.0060	0.0004	-0.0028	0.0819
285	0.0450	-0.0005	-0.0022	-0.0051	-0.0006	-0.0052	-0.0011	-0.0069	-0.0083	-0.0082	-0.0001	-0.0051	-0.0024	-0.0027	-0.0102	-0.0090	-0.0118	0.0358	0.0010	-0.0024	0.0818
96	0.0433	-0.0005	-0.0022	-0.0051	-0.0006	-0.0053	-0.0011	-0.0082	-0.0083	-0.0085	-0.0001	-0.0051	-0.0023	-0.0027	-0.0102	-0.0088	-0.0104	0.0374	0.0010	-0.0024	0.0817
170	-0.0034	-0.0009	-0.0057	-0.0045	-0.0010	-0.0049	-0.0019	-0.0076	0.0382	-0.0083	-0.0005	0.0430	-0.0022	-0.0030	-0.0102	-0.0118	-0.0072	-0.0053	0.0005	-0.0033	0.0817
2	0.0434	-0.0005	-0.0022	-0.0051	-0.0006	-0.0053	-0.0011	-0.0075	-0.0083	-0.0084	-0.0001	-0.0051	-0.0023	-0.0027	-0.0102	-0.0089	-0.0111	0.0373	0.0010	-0.0024	0.0817
181	0.0392	-0.0005	-0.0022	-0.0051	-0.0007	-0.0053	-0.0012	-0.0084	-0.0083	-0.0091	-0.0026	-0.0051	-0.0020	-0.0027	-0.0102	-0.0085	-0.0073	0.0415	0.0009	-0.0024	0.0816
330	0.0382	-0.0005	-0.0031	-0.0042	-0.0012	-0.0053	-0.0011	-0.0119	-0.0083	-0.0087	-0.0001	-0.0051	-0.0019	-0.0027	-0.0102	-0.0084	-0.0066	0.0424	0.0010	-0.0024	0.0816
89	-0.0034	-0.0009	-0.0031	-0.0070	-0.0010	-0.0049	-0.0016	-0.0071	0.0421	-0.0083	-0.0009	0.0389	-0.0022	-0.0034	-0.0134	-0.0091	-0.0072	-0.0053	0.0006	-0.0028	0.0816
443	-0.0033	-0.0008	-0.0024	-0.0043	-0.0013	-0.0048	-0.0015	-0.0076	-0.0082	0.0809	-0.0004	-0.0051	-0.0045	-0.0036	-0.0105	-0.0083	-0.0066	-0.0056	0.0006	-0.0026	0.0815
260	-0.0034	-0.0006	-0.0053	-0.0042	-0.0008	-0.0048	-0.0017	-0.0076	-0.0099	-0.0082	-0.0002	0.0431	-0.0020	-0.0028	-0.0101	-0.0115	0.0375	-0.0051	0.0008	-0.0031	0.0814
249	-0.0033	-0.0008	-0.0024	-0.0043	-0.0011	-0.0048	-0.0015	-0.0070	-0.0082	0.0807	-0.0010	-0.0051	-0.0045	-0.0036	-0.0105	-0.0083	-0.0066	-0.0056	0.0006	-0.0026	0.0813
444	-0.0033	-0.0008	-0.0024	-0.0043	-0.0010	-0.0048	-0.0014	-0.0069	-0.0082	0.0806	-0.0011	-0.0051	-0.0045	-0.0037	-0.0105	-0.0083	-0.0066	-0.0056	0.0006	-0.0026	0.0812
5	-0.0033	-0.0008	-0.0024	-0.0043	-0.0010	-0.0048	-0.0014	-0.0071	-0.0082	0.0806	-0.0009	-0.0051	-0.0045	-0.0037	-0.0105	-0.0083	-0.0066	-0.0056	0.0006	-0.0026	0.0812
460	-0.0033	-0.0008	-0.0024	-0.0043	-0.0010	-0.0048	-0.0014	-0.0069	-0.0082	0.0806	-0.0011	-0.0051	-0.0045	-0.0037	-0.0105	-0.0083	-0.0066	-0.0056	0.0006	-0.0026	0.0812
191	-0.0033	-0.0008	-0.0024	-0.0043	-0.0010	-0.0048	-0.0014	-0.0076	-0.0082	0.0806	-0.0004	-0.0051	-0.0045	-0.0037	-0.0105	-0.0083	-0.0066	-0.0056	0.0006	-0.0026	0.0812
4	-0.0033	-0.0008	-0.0024	-0.0043	-0.0010	-0.0048	-0.0014	-0.0076	-0.0082	0.0806	-0.0004	-0.0051	-0.0045	-0.0037	-0.0105	-0.0083	-0.0066	-0.0056	0.0006	-0.0026	0.0812
539	-0.0033	-0.0008	-0.0024	-0.0043	-0.0010	-0.0048	-0.0014	-0.0069	-0.0082	0.0806	-0.0011	-0.0051	-0.0045	-0.0037	-0.0105	-0.0083	-0.0066	-0.0056	0.0006	-0.0026	0.0812
7	-0.0033	-0.0008	-0.0024	-0.0043	-0.0010	-0.0048	-0.0014	-0.0068	-0.0082	0.0806	-0.0011	-0.0051	-0.0045	-0.0037	-0.0105	-0.0083	-0.0066	-0.0056	0.0006	-0.0026	0.0812
545	-0.0033	-0.0008	-0.0024	-0.0043	-0.0010	-0.0048	-0.0014	-0.0068	-0.0082	0.0806	-0.0011	-0.0051	-0.0045	-0.0037	-0.0105	-0.0083	-0.0066	-0.0056	0.0006	-0.0026	0.0812
529	-0.0033	-0.0008	-0.0024	-0.0043	-0.0010	-0.0048	-0.0014	-0.0068	-0.0082	0.0806	-0.0011	-0.0051	-0.0045	-0.0037	-0.0105	-0.0083	-0.0066	-0.0056	0.0006	-0.0026	0.0812
272	-0.0033	-0.0008	-0.0024	-0.0043	-0.0010	-0.0048	-0.0014	-0.0068	-0.0082	0.0806	-0.0011	-0.0051	-0.0045	-0.0037	-0.0105	-0.0083	-0.0066	-0.0056	0.0006	-0.0026	0.0812
176	-0.0033	-0.0008	-0.0024	-0.0043	-0.0010	-0.0048	-0.0014	-0.0068	-0.0082	0.0806	-0.0011	-0.0051	-0.0045	-0.0037	-0.0105	-0.0083	-0.0066	-0.0056	0.0006	-0.0026	0.0812
166	-0.0033	-0.0008	-0.0024	-0.0043	-0.0010	-0.0048	-0.0014	-0.0068	-0.0082	0.0806	-0.0011	-0.0051	-0.0045	-0.0037	-0.0105	-0.0083	-0.0066	-0.0056	0.0006	-0.0026	0.0812
117	-0.0033	-0.0008	-0.0024	-0.0043	-0.0010	-0.0048	-0.0014	-0.0068	-0.0082	0.0806	-0.0011	-0.0051	-0.0045	-0.0037	-0.0105	-0.0083	-0.0066	-0.0056	0.0006	-0.0026	0.0812
48	-0.0033	-0.0008	-0.0024	-0.0043	-0.0010	-0.0048	-0.0014	-0.0076	-0.0082	0.0806	-0.0004	-0.0051	-0.0045	-0.0037	-0.0105	-0.0083	-0.0066	-0.0056	0.0006	-0.0026	0.0812
66	-0.0033	-0.0008	-0.0024	-0.0043	-0.0010	-0.0048	-0.0014	-0.0076	-0.0082	0.0806	-0.0004	-0.0051	-0.0045	-0.0037	-0.0105	-0.0083	-0.0066	-0.0056	0.0006	-0.0026	0.0812
333	-0.0033	-0.0008	-0.0024	-0.0043	-0.0010	-0.0048	-0.0014	-0.0076	-0.0082	0.0806	-0.0004	-0.0051	-0.0045	-0.0037	-0.0105	-0.0083	-0.0066	-0.0056	0.0006	-0.0026	0.0812
263	-0.0033	-0.0008	-0.0024	-0.0043	-0.0010	-0.0048	-0.0014	-0.0076	-0.0082	0.0806	-0.0004	-0.0051	-0.0045	-0.0037	-0.0105	-0.0083	-0.0066	-0.0056	0.0006	-0.0026	0.0812
248	-0.0033	-0.0008	-0.0024	-0.0043	-0.0012	-0.0048	-0.0014	-0.0069	-0.0082	0.0807	-0.0011	-0.0051	-0.0040	-0.0035	-0.0104	-0.0087	-0.0066	-0.0056	0.0005	-0.0026	0.0811
57	-0.0033	-0.0008	-0.0024	-0.0043	-0.0012	-0.0048	-0.0014	-0.0076	-0.0082	0.0806	-0.0004	-0.0051	-0.0040	-0.0035	-0.0104	-0.0087	-0.0066	-0.0056	0.0006	-0.0026	0.0811
60	-0.0033	-0.0008	-0.0024	-0.0043	-0.0012	-0.0048	-0.0014	-0.0076	-0.0082	0.0806	-0.0004	-0.0052	-0.0039	-0.0035	-0.0104	-0.0088	-0.0066	-0.0056	0.0006	-0.0026	0.0811
86	-0.0033	-0.0008	-0.0024	-0.0043	-0.0011	-0.0048	-0.0014	-0.0069	-0.0082	0.0807	-0.0012	-0.0051	-0.0040	-0.0035	-0.0104	-0.0087	-0.0066	-0.0056	0.0005	-0.0026	0.0811
344	-0.0033	-0.0008	-0.0024	-0.0043	-0.0016	-0.0048	-0.0014	-0.0069	-0.0082	0.0808	-0.0012	-0.0052	-0.0029	-0.0032	-0.0102	-0.0097	-0.0066	-0.0056	0.0002	-0.0026	0.0810
298	-0.0036	-0.0011	-0.0027	-0.0052	-0.0012	-0.0052	-0.0027	-0.0073	-0.0097	-0.0092	-0.0007	-0.0055	-0.0029	0.0453	0.0354	-0.0087	-0.0070	-0.0055	0.0003	-0.0029	0.0810
542	-0.0033	-0.0008	-0.0024	-0.0043	-0.0016	-0.0048	-0.0014	-0.0069	-0.0082	0.0808	-0.0012	-0.0052	-0.0028	-0.0031	-0.0101	-0.0099	-0.0066	-0.0056	0.0002	-0.0026	0.0810
415	-0.0033	-0.0008	-0.0024	-0.0043	-0.0018	-0.0048	-0.0014	-0.0075	-0.0082	0.0806	-0.0006	-0.0052	-0.0022	-0.0030	-0.0100	-0.0104	-0.0066	-0.0056	0.0004	-0.0026	0.0810
510	-0.0033	-0.0008	-0.0024	-0.0043	-0.0018	-0.0048	-0.0014	-0.0076	-0.0082	0.0804	-0.0004	-0.0052	-0.0021	-0.0029	-0.0100	-0.0105	-0.0066	-0.0056	0.0005	-0.0026	0.0810
422	-0.0033	-0.0008	-0.0024	-0.0043	-0.0018	-0.0048	-0.0014	-0.0076	-0.0082	0.0805	-0.0005	-0.0052	-0.0021	-0.0029	-0.0100	-0.0105	-0.0066	-0.0056	0.0005	-0.0026	0.0810
468	-0.0033	-0.0008	-0.0024	-0.0043	-0.0018	-0.0048	-0.0014	-0.0075	-0.0082	0.0805	-0.0006	-0.0052	-0.0022	-0.0030	-0.0100	-0.0105	-0.0066	-0.0056	0.0004	-0.0026	0.0810
327	-0.0033	-0.0008	-0.0024	-0.0043	-0.0018	-0.0048	-0.0014	-0.0074	-0.0082	0.0806	-0.0006	-0.0052	-0.0021	-0.0029	-0.0100	-0.0105	-0.0066	-0.0056	0.0004	-0.0026	0.0810
78	-0.0033	-0.0008	-0.0024	-0.0043	-0.0018	-0.0048	-0.0014	-0.0076	-0.0083	0.0805	-0.0005	-0.0052	-0.0022	-0.0029	-0.0100	-0.0105	-0.0066	-0.0056	0.0005	-0.0026	0.0810
8	-0.0033	-0.0008	-0.0024	-0.0043	-0.0018	-0.0048	-0.0014	-0.0076	-0.0083	0.0805	-0.0005	-0.0052	-0.0022	-0.0029	-0.0100	-0.0105	-0.0066	-0.0056	0.0005	-0.0026	0.0810
112	0.0445	-0.0006	-0.0031	-0.0042	-0.0007	-0.0052	-0.0012	-0.0068	-0.0082	-0.0081	-0.0002	-0.0050	-0.0024	-0.0027	-0.0100	0.0357	-0.0118	-0.0081	0.0009	-0.0025	0.0810
440	-0.0033	-0.0008	-0.0024	-0.0043	-0.0018	-0.0048	-0.0014	-0.0069	-0.0082	0.0809	-0.0012	-0.0052	-0.0023	-0.0030	-0.0100	-0.0104	-0.0066	-0.0056	0.0001	-0.0026	0.0810
68	-0.0033	-0.0008	-0.0024	-0.0043	-0.0018	-0.0048	-0.0014	-0.0069	-0.0082	0.0809	-0.0012	-0.0052	-0.0022	-0.0029	-0.0100	-0.0105	-0.0066	-0.0056	0.0001	-0.0026	0.0810
520	-0.0033	-0.0008	-0.0024	-0.0043	-0.0018	-0.0048	-0.0014	-0.0069	-0.0082	0.0809	-0.0012	-0.0052	-0.0022	-0.0030	-0.0100	-0.0104	-0.0066	-0.0056	0.0001	-0.0026	0.0810
558	-0.0033	-0.0008	-0.0024	-0.0043	-0.0018	-0.0048	-0.0014	-0.0069	-0.0082	0.0809	-0.0011	-0.0052	-0.0022	-0.0029	-0.0100	-0.0105	-0.0066	-0.0056	0.0001	-0.0026	0.0810
441	-0.0033	-0.0008	-0.0024	-0.0043	-0.0018	-0.0048	-0.0014	-0.0069	-0.0082	0.0809	-0.0011	-0.0052	-0.0022	-0.0029	-0.0100	-0.0105	-0.0066	-0.0056	0.0001	-0.0026	0.0810
450	-0.0033	-0.0008	-0.0024	-0.0043	-0.0018	-0.0048	-0.0014	-0.0069	-0.0082	0.0809	-0.0012	-0.0052	-0.0022	-0.0029	-0.0100	-0.0105	-0.0066	-0.0056	0.0001	-0.0026	0.0810
163	-0.0033	-0.0008	-0.0024	-0.0043	-0.0018	-0.0048	-0.0014	-0.0069	-0.0082	0.0809	-0.0012	-0.0052	-0.0022	-0.0029	-0.0100	-0.0105	-0.0066	-0.0056	0.0001	-0.0026	0.0810
121	-0.0033	-0.0008	-0.0024	-0.0043	-0.0018	-0.0048	-0.0014	-0.0069	-0.0082	0.0809	-0.0012	-0.0052	-0.0022	-0.0029	-0.0100	-0.0105	-0.0066	-0.0056	0.0001	-0.0026	0.0810
527	-0.0036	-0.0011	-0.0027	-0.0052	-0.0012	-0.0052	-0.0027	-0.0072	-0.0096	-0.0091	-0.0007	-0.0055	-0.0029	0.0451	0.0357	-0.0087	-0.0070	-0.0055	0.0001	-0.0029	0.0809
11	-0.0032	-0.0009	-0.0023	-0.0043	0.0467	-0.0048	-0.0016	-0.0079	-0.0084	0.0332	-0.0002	-0.0052	-0.0032	-0.0028	-0.0106	-0.0099	-0.0067	-0.0057	0.0008	-0.0030	0.0808
137	-0.0036	-0.0015	-0.0027	-0.0046	-0.0012	-0.0082	-0.0017	-0.0076	-0.0106	-0.0084	-0.0008	-0.0086	-0.0024	-0.0032	0.0087	0.0715	-0.0073	-0.0054	0.0002	-0.0029	0.0804
10	0.0430	-0.0007	-0.0023	-0.0050	-0.0008	-0.0052	-0.0013	-0.0078	-0.0087	-0.0083	-0.0002	-0.0052	-0.0025	-0.0029	-0.0104	-0.0091	0.0366	-0.0075	0.0008	-0.0026	0.0804
292	0.0426	-0.0007	-0.0024	-0.0048	-0.0008	-0.0052	-0.0013	-0.0070	-0.0087	-0.0083	-0.0012	-0.0052	-0.0025	-0.0029	-0.0104	-0.0091	0.0370	-0.0073	0.0008	-0.0026	0.0803
205	0.0416	-0.0007	-0.0028	-0.0043	-0.0008	-0.0051	-0.0013	-0.0084	-0.0084	-0.0083	-0.0002	-0.0056	-0.0025	-0.0028	-0.0102	-0.0093	0.0379	-0.0069	0.0008	-0.0026	0.0803
325	0.0394	-0.0006	-0.0023	-0.0045	-0.0008	-0.0049	-0.0013	-0.0094	-0.0091	-0.0083	-0.0002	-0.0052	-0.0025	-0.0028	-0.0107	-0.0091	0.0401	-0.0060	0.0008	-0.0025	0.0803
73	-0.0046	-0.0009	-0.0030	-0.0045	-0.0016	-0.0052	-0.0015	0.0707	-0.0085	-0.0088	-0.0008	-0.0058	-0.0022	-0.0030	-0.0102	-0.0088	-0.0081	0.0090	0.0005	-0.0027	0.0802
98	-0.0062	-0.0009	-0.0025	-0.0046	-0.0011	-0.0049	-0.0015	-0.0102	0.0387	-0.0083	-0.0005	-0.0053	-0.0027	-0.0031	-0.0110	-0.0090	0.0408	-0.0053	0.0005	-0.0028	0.0800
254	-0.0062	-0.0009	-0.0025	-0.0046	-0.0011	-0.0049	-0.0015	-0.0102	0.0386	-0.0083	-0.0005	-0.0053	-0.0027	-0.0031	-0.0110	-0.0090	0.0408	-0.0053	0.0005	-0.0028	0.0800
6	-0.0055	-0.0009	-0.0033	-0.0044	-0.0016	-0.0054	-0.0015	0.0678	-0.0084	-0.0088	-0.0006	-0.0054	-0.0022	-0.0030	-0.0102	-0.0086	-0.0072	0.0115	0.0005	-0.0027	0.0798
184	-0.0039	-0.0013	-0.0029	-0.0086	-0.0015	-0.0054	-0.0020	-0.0081	0.0086	-0.0088	-0.0010	-0.0069	-0.0027	0.0385	0.0317	-0.0089	-0.0077	-0.0057	0.0001	-0.0032	0.0789
514	-0.0037	-0.0012	-0.0028	-0.0080	-0.0014	-0.0051	-0.0018	-0.0077	0.0430	-0.0084	-0.0009	-0.0066	-0.0025	-0.0037	0.0350	-0.0085	-0.0074	-0.0055	0.0001	-0.0030	0.0781
503	-0.0037	-0.0012	-0.0028	-0.0080	-0.0014	-0.0052	-0.0018	-0.0077	0.0429	-0.0084	-0.0009	-0.0066	-0.0025	-0.0037	0.0351	-0.0086	-0.0074	-0.0055	0.0001	-0.0030	0.0781
465	-0.0037	-0.0012	-0.0028	-0.0080	-0.0014	-0.0052	-0.0018	-0.0078	0.0429	-0.0084	-0.0008	-0.0066	-0.0025	-0.0037	0.0351	-0.0086	-0.0074	-0.0055	0.0001	-0.0030	0.0781
243	-0.0033	-0.0008	-0.0056	-0.0043	-0.0009	-0.0048	-0.0018	-0.0075	-0.0100	-0.0082	-0.0003	0.0436	-0.0021	-0.0029	-0.0101	0.0338	-0.0071	-0.0052	0.0007	-0.0032	0.0781
385	-0.0033	-0.0008	-0.0056	-0.0043	-0.0009	-0.0049	-0.0018	-0.0075	-0.0100	-0.0082	-0.0003	0.0435	-0.0021	-0.0029	-0.0101	0.0339	-0.0071	-0.0052	0.0007	-0.0032	0.0781
175	-0.0033	-0.0008	-0.0056	-0.0043	-0.0009	-0.0049	-0.0018	-0.0075	-0.0100	-0.0082	-0.0003	0.0435	-0.0021	-0.0029	-0.0101	0.0340	-0.0071	-0.0052	0.0007	-0.0032	0.0781
204	-0.0037	-0.0012	-0.0028	-0.0055	-0.0014	-0.0075	-0.0018	-0.0071	0.0377	-0.0084	-0.0014	-0.0057	-0.0025	-0.0036	0.0403	-0.0094	-0.0074	-0.0055	-0.0004	-0.0030	0.0780
469	-0.0037	-0.0012	-0.0028	-0.0073	-0.0014	-0.0058	-0.0018	-0.0072	0.0413	-0.0084	-0.0014	-0.0063	-0.0025	-0.0037	0.0367	-0.0088	-0.0074	-0.0055	0.0000	-0.0030	0.0780
328	-0.0037	-0.0012	-0.0028	-0.0047	-0.0014	-0.0083	-0.0018	-0.0072	0.0355	-0.0084	-0.0014	-0.0055	-0.0025	-0.0033	0.0424	-0.0097	-0.0074	-0.0055	-0.0004	-0.0030	0.0780
222	-0.0033	-0.0010	-0.0040	-0.0043	-0.0009	-0.0063	-0.0016	-0.0075	-0.0092	-0.0082	-0.0003	0.0398	-0.0021	-0.0029	-0.0112	0.0375	-0.0071	-0.0051	0.0007	-0.0029	0.0780
72	-0.0033	-0.0012	-0.0032	-0.0043	-0.0009	-0.0071	-0.0015	-0.0075	-0.0087	-0.0082	-0.0003	0.0379	-0.0021	-0.0029	-0.0118	0.0393	-0.0071	-0.0051	0.0007	-0.0027	0.0779
223	-0.0037	-0.0012	-0.0028	-0.0047	-0.0014	-0.0084	-0.0018	-0.0074	0.0350	-0.0084	-0.0011	-0.0055	-0.0025	-0.0033	0.0427	-0.0097	-0.0074	-0.0055	-0.0002	-0.0030	0.0778
224	-0.0037	-0.0012	-0.0028	-0.0048	-0.0014	-0.0082	-0.0018	-0.0078	0.0358	-0.0084	-0.0008	-0.0055	-0.0025	-0.0033	0.0418	-0.0096	-0.0074	-0.0055	0.0001	-0.0030	0.0778
148	-0.0056	-0.0008	-0.0024	-0.0043	-0.0009	-0.0048	-0.0014	-0.0068	-0.0090	-0.0090	-0.0027	-0.0051	-0.0032	-0.0029	-0.0105	0.0362	0.0402	-0.0051	0.0006	-0.0026	0.0770
88	-0.0038	-0.0014	-0.0023	-0.0043	-0.0041	-0.0048	-0.0014	-0.0068	-0.0082	-0.0081	-0.0004	-0.0051	-0.0050	-0.0029	-0.0099	0.0395	0.0368	-0.0051	0.0006	-0.0035	0.0769
310	-0.0048	-0.0006	-0.0023	-0.0049	-0.0008	-0.0051	-0.0012	0.0353	-0.0085	-0.0092	-0.0010	-0.0051	-0.0020	-0.0028	-0.0102	-0.0083	-0.0073	0.0405	0.0008	-0.0025	0.0766
63	-0.0039	-0.0011	-0.0027	-0.0049	-0.0013	-0.0051	-0.0017	0.0064	0.0360	-0.0095	-0.0037	-0.0055	-0.0025	-0.0033	-0.0113	-0.0087	0.0337	-0.0084	0.0003	-0.0029	0.0764
336	-0.0032	-0.0006	-0.0023	-0.0042	-0.0013	-0.0047	-0.0012	0.0399	-0.0082	-0.0086	-0.0007	-0.0059	-0.0020	-0.0028	-0.0100	-0.0089	-0.0090	0.0356	0.0008	-0.0025	0.0763
77	-0.0033	-0.0006	-0.0023	-0.0042	-0.0013	-0.0048	-0.0012	0.0397	-0.0082	-0.0086	-0.0007	-0.0059	-0.0020	-0.0028	-0.0100	-0.0088	-0.0089	0.0358	0.0008	-0.0025	0.0763
105	-0.0062	-0.0007	-0.0023	-0.0043	-0.0009	-0.0048	-0.0013	0.0338	-0.0093	-0.0082	-0.0004	-0.0051	-0.0026	-0.0029	-0.0107	-0.0089	0.0418	-0.0052	0.0007	-0.0026	0.0763
46	-0.0055	-0.0007	-0.0030	-0.0044	-0.0013	-0.0053	-0.0013	0.0330	-0.0083	-0.0087	-0.0002	-0.0051	-0.0020	-0.0028	-0.0101	-0.0083	-0.0066	0.0424	0.0008	-0.0025	0.0761
313	-0.0055	-0.0007	-0.0032	-0.0042	-0.0014	-0.0053	-0.0013	0.0329	-0.0083	-0.0086	-0.0002	-0.0051	-0.0020	-0.0028	-0.0101	-0.0083	-0.0066	0.0425	0.0008	-0.0025	0.0761
214	-0.0055	-0.0007	-0.0032	-0.0042	-0.0014	-0.0053	-0.0013	0.0329	-0.0083	-0.0086	-0.0002	-0.0051	-0.0020	-0.0028	-0.0101	-0.0083	-0.0066	0.0424	0.0008	-0.0025	0.0761
194	-0.0055	-0.0007	-0.0032	-0.0042	-0.0014	-0.0053	-0.0013	0.0330	-0.0083	-0.0086	-0.0002	-0.0051	-0.0020	-0.0028	-0.0101	-0.0083	-0.0066	0.0423	0.0008	-0.0025	0.0761
206	-0.0032	-0.0007	-0.0023	-0.0042	-0.0025	-0.0047	-0.0017	0.0086	-0.0081	0.0666	-0.0006	-0.0056	-0.0031	-0.0028	-0.0101	-0.0085	-0.0081	-0.0071	0.0007	-0.0025	0.0759
149	0.0108	-0.0009	-0.0025	-0.0056	-0.0010	-0.0057	-0.0015	-0.0073	-0.0086	-0.0085	-0.0005	-0.0054	-0.0028	-0.0031	-0.0104	-0.0093	0.0318	0.0327	0.0005	-0.0028	0.0759
217	-0.0052	-0.0005	-0.0021	-0.0049	-0.0007	-0.0051	-0.0011	-0.0067	-0.0081	0.0325	-0.0047	-0.0049	-0.0019	-0.0027	-0.0098	-0.0082	-0.0064	0.0422	0.0009	-0.0024	0.0755
90	-0.0040	-0.0013	-0.0034	0.0379	-0.0015	-0.0076	-0.0019	-0.0078	0.0035	-0.0087	-0.0009	-0.0061	-0.0026	-0.0038	0.0337	-0.0091	-0.0074	-0.0060	0.0001	-0.0031	0.0752
12	0.0349	-0.0009	-0.0025	-0.0045	-0.0011	-0.0050	-0.0015	-0.0092	-0.0092	-0.0098	-0.0005	-0.0053	-0.0039	-0.0030	-0.0108	0.0340	0.0057	-0.0054	0.0006	-0.0028	0.0752
169	0.0363	-0.0010	-0.0026	-0.0007	-0.0011	-0.0053	-0.0016	-0.0074	0.0383	-0.0086	-0.0009	-0.0063	-0.0025	-0.0035	-0.0137	-0.0088	-0.0020	-0.0061	0.0004	-0.0029	0.0750
282	-0.0067	-0.0009	-0.0027	-0.0045	-0.0011	-0.0050	-0.0016	0.0309	-0.0086	-0.0085	-0.0005	0.0356	-0.0029	-0.0031	-0.0103	-0.0101	0.0080	-0.0055	0.0005	-0.0028	0.0749
231	-0.0040	-0.0014	-0.0033	0.0036	-0.0016	-0.0063	-0.0020	-0.0079	0.0360	-0.0087	-0.0010	-0.0065	-0.0027	-0.0040	0.0351	-0.0088	-0.0075	-0.0058	-0.0000	-0.0032	0.0746
87	-0.0033	-0.0011	-0.0024	-0.0043	0.0105	-0.0048	-0.0016	0.0337	-0.0083	0.0296	-0.0005	-0.0054	-0.0027	-0.0029	-0.0102	-0.0102	-0.0073	-0.0064	0.0007	-0.0032	0.0744
475	-0.0030	-0.0005	-0.0021	-0.0040	-0.0007	-0.0045	-0.0011	0.0408	-0.0089	0.0326	-0.0028	-0.0049	-0.0020	-0.0027	-0.0104	-0.0080	-0.0087	-0.0077	0.0009	-0.0023	0.0743
52	-0.0037	-0.0020	-0.0030	-0.0047	-0.0014	-0.0088	-0.0020	-0.0080	-0.0087	-0.0086	-0.0009	0.0327	-0.0026	-0.0034	0.0335	0.0077	-0.0076	-0.0056	0.0001	-0.0031	0.0740
164	-0.0032	-0.0005	-0.0022	-0.0041	-0.0011	-0.0046	-0.0013	-0.0078	-0.0081	0.0351	-0.0001	-0.0049	-0.0045	-0.0034	-0.0105	-0.0081	-0.0064	0.0374	0.0009	-0.0024	0.0734
144	-0.0053	-0.0008	-0.0025	-0.0051	-0.0010	-0.0054	-0.0015	0.0012	-0.0087	-0.0094	-0.0011	-0.0054	-0.0022	-0.0030	-0.0104	-0.0086	0.0341	0.0373	0.0006	-0.0027	0.0731
3	-0.0038	-0.0013	-0.0029	-0.0085	-0.0014	-0.0054	-0.0019	0.0318	0.0090	-0.0086	-0.0009	-0.0068	-0.0026	-0.0039	0.0320	-0.0087	-0.0076	-0.0056	0.0001	-0.0031	0.0729
145	-0.0046	-0.0013	-0.0029	-0.0062	-0.0015	-0.0065	-0.0019	-0.0087	0.0050	-0.0086	-0.0009	-0.0049	-0.0028	-0.0036	0.0336	-0.0095	0.0342	-0.0056	0.0000	-0.0031	0.0728
431	-0.0031	-0.0006	-0.0022	-0.0041	-0.0007	-0.0046	-0.0012	0.0360	-0.0081	0.0348	-0.0010	-0.0049	-0.0046	-0.0036	-0.0105	-0.0081	-0.0065	-0.0056	0.0008	-0.0024	0.0717
172	-0.0036	-0.0008	-0.0024	-0.0043	-0.0014	-0.0048	-0.0014	-0.0069	-0.0082	0.0639	-0.0008	-0.0051	-0.0038	-0.0029	-0.0100	0.0076	-0.0071	-0.0054	0.0001	-0.0026	0.0716
177	-0.0037	-0.0020	-0.0028	-0.0048	-0.0014	-0.0091	-0.0019	0.0319	0.0339	-0.0086	-0.0009	-0.0073	-0.0026	-0.0034	-0.0058	0.0045	-0.0076	-0.0056	0.0001	-0.0031	0.0705
85	-0.0036	-0.0007	-0.0023	-0.0042	-0.0011	-0.0047	-0.0013	-0.0070	-0.0081	0.0317	-0.0003	-0.0051	-0.0043	-0.0028	-0.0099	0.0381	-0.0072	-0.0052	0.0006	-0.0025	0.0705
59	-0.0037	-0.0012	-0.0028	-0.0048	-0.0014	-0.0069	-0.0018	-0.0078	0.0341	0.0296	-0.0008	-0.0055	-0.0034	-0.0054	0.0066	-0.0092	-0.0072	-0.0056	0.0002	-0.0030	0.0705