# Differential preferences fit to each site.
# Regularizing prior: ('invquadratic', 150.0, 0.5)
#
site	dpi_A	dpi_C	dpi_D	dpi_E	dpi_F	dpi_G	dpi_H	dpi_I	dpi_K	dpi_L	dpi_M	dpi_N	dpi_P	dpi_Q	dpi_R	dpi_S	dpi_T	dpi_V	dpi_W	dpi_Y	half_sum_abs_dpi
92	-0.0057	-0.0037	-0.0047	-0.0069	-0.0031	-0.0079	-0.0035	-0.0102	-0.0116	-0.0124	-0.0023	-0.0080	-0.0043	-0.0052	-0.0169	-0.0122	-0.0096	-0.0081	0.1413	-0.0051	0.1413
76	-0.0057	-0.0037	-0.0047	-0.0069	-0.0031	-0.0079	-0.0035	-0.0102	-0.0116	-0.0124	-0.0023	-0.0080	-0.0043	-0.0052	-0.0169	-0.0122	-0.0096	-0.0081	0.1413	-0.0051	0.1413
551	-0.0057	-0.0037	-0.0047	-0.0069	-0.0031	-0.0079	-0.0035	-0.0102	-0.0116	-0.0124	-0.0023	-0.0080	-0.0043	-0.0052	-0.0169	-0.0122	-0.0096	-0.0081	0.1413	-0.0051	0.1413
434	-0.0057	-0.0037	-0.0047	-0.0069	-0.0031	-0.0079	-0.0035	-0.0102	-0.0116	-0.0124	-0.0023	-0.0080	-0.0043	-0.0052	-0.0169	-0.0122	-0.0096	-0.0081	0.1413	-0.0051	0.1413
363	-0.0057	-0.0037	-0.0047	-0.0069	-0.0031	-0.0079	-0.0035	-0.0102	-0.0116	-0.0124	-0.0023	-0.0080	-0.0043	-0.0052	-0.0169	-0.0122	-0.0096	-0.0081	0.1413	-0.0051	0.1413
356	-0.0057	-0.0037	-0.0047	-0.0069	-0.0031	-0.0079	-0.0035	-0.0102	-0.0116	-0.0124	-0.0023	-0.0080	-0.0043	-0.0052	-0.0169	-0.0122	-0.0096	-0.0081	0.1413	-0.0051	0.1413
246	-0.0057	-0.0037	-0.0047	-0.0069	-0.0031	-0.0079	-0.0035	-0.0102	-0.0116	-0.0124	-0.0023	-0.0080	-0.0043	-0.0052	-0.0169	-0.0122	-0.0096	-0.0081	0.1413	-0.0051	0.1413
192	-0.0057	-0.0037	-0.0047	-0.0069	-0.0031	-0.0079	-0.0035	-0.0102	-0.0116	-0.0124	-0.0023	-0.0080	-0.0043	-0.0052	-0.0169	-0.0122	-0.0096	-0.0081	0.1413	-0.0051	0.1413
165	-0.0057	-0.0037	-0.0047	-0.0069	-0.0031	-0.0079	-0.0035	-0.0102	-0.0116	-0.0124	-0.0023	-0.0080	-0.0043	-0.0052	-0.0169	-0.0122	-0.0096	-0.0081	0.1413	-0.0051	0.1413
139	-0.0057	-0.0037	-0.0047	-0.0069	-0.0031	-0.0079	-0.0035	-0.0102	-0.0116	-0.0124	-0.0023	-0.0080	-0.0043	-0.0052	-0.0169	-0.0122	-0.0096	-0.0081	0.1413	-0.0051	0.1413
552	-0.0053	-0.0025	-0.0043	-0.0065	-0.0028	-0.0071	-0.0032	-0.0146	-0.0118	-0.0121	0.1382	-0.0075	-0.0039	-0.0048	-0.0136	-0.0113	-0.0111	-0.0100	-0.0009	-0.0047	0.1382
523	-0.0053	-0.0025	-0.0043	-0.0065	-0.0028	-0.0071	-0.0032	-0.0146	-0.0118	-0.0121	0.1382	-0.0075	-0.0039	-0.0048	-0.0136	-0.0113	-0.0111	-0.0100	-0.0009	-0.0047	0.1382
491	-0.0053	-0.0025	-0.0043	-0.0065	-0.0028	-0.0071	-0.0032	-0.0146	-0.0118	-0.0121	0.1382	-0.0075	-0.0039	-0.0048	-0.0136	-0.0113	-0.0111	-0.0100	-0.0009	-0.0047	0.1382
419	-0.0053	-0.0025	-0.0043	-0.0065	-0.0028	-0.0071	-0.0032	-0.0146	-0.0118	-0.0121	0.1382	-0.0075	-0.0039	-0.0048	-0.0136	-0.0113	-0.0111	-0.0100	-0.0009	-0.0047	0.1382
401	-0.0053	-0.0025	-0.0043	-0.0065	-0.0028	-0.0071	-0.0032	-0.0146	-0.0118	-0.0121	0.1382	-0.0075	-0.0039	-0.0048	-0.0136	-0.0113	-0.0111	-0.0100	-0.0009	-0.0047	0.1382
359	-0.0053	-0.0025	-0.0043	-0.0065	-0.0028	-0.0071	-0.0032	-0.0146	-0.0118	-0.0121	0.1382	-0.0075	-0.0039	-0.0048	-0.0136	-0.0113	-0.0111	-0.0100	-0.0009	-0.0047	0.1382
329	-0.0053	-0.0025	-0.0043	-0.0065	-0.0028	-0.0071	-0.0032	-0.0146	-0.0118	-0.0121	0.1382	-0.0075	-0.0039	-0.0048	-0.0136	-0.0113	-0.0111	-0.0100	-0.0009	-0.0047	0.1382
563	-0.0054	0.1351	-0.0044	-0.0065	-0.0033	-0.0075	-0.0032	-0.0097	-0.0110	-0.0113	-0.0021	-0.0075	-0.0040	-0.0049	-0.0153	-0.0124	-0.0091	-0.0076	-0.0014	-0.0086	0.1351
490	-0.0054	0.1351	-0.0044	-0.0065	-0.0033	-0.0075	-0.0032	-0.0097	-0.0110	-0.0113	-0.0021	-0.0075	-0.0040	-0.0049	-0.0153	-0.0124	-0.0091	-0.0076	-0.0014	-0.0086	0.1351
486	-0.0054	0.1351	-0.0044	-0.0065	-0.0033	-0.0075	-0.0032	-0.0097	-0.0110	-0.0113	-0.0021	-0.0075	-0.0040	-0.0049	-0.0153	-0.0124	-0.0091	-0.0076	-0.0014	-0.0086	0.1351
479	-0.0054	0.1351	-0.0044	-0.0065	-0.0033	-0.0075	-0.0032	-0.0097	-0.0110	-0.0113	-0.0021	-0.0075	-0.0040	-0.0049	-0.0153	-0.0124	-0.0091	-0.0076	-0.0014	-0.0086	0.1351
290	-0.0054	0.1351	-0.0044	-0.0065	-0.0033	-0.0075	-0.0032	-0.0097	-0.0110	-0.0113	-0.0021	-0.0075	-0.0040	-0.0049	-0.0153	-0.0124	-0.0091	-0.0076	-0.0014	-0.0086	0.1351
20	-0.0054	0.1351	-0.0044	-0.0065	-0.0033	-0.0075	-0.0032	-0.0097	-0.0110	-0.0113	-0.0021	-0.0075	-0.0040	-0.0049	-0.0153	-0.0124	-0.0091	-0.0076	-0.0014	-0.0086	0.1351
151	-0.0054	0.1351	-0.0044	-0.0065	-0.0033	-0.0075	-0.0032	-0.0097	-0.0110	-0.0113	-0.0021	-0.0075	-0.0040	-0.0049	-0.0153	-0.0124	-0.0091	-0.0076	-0.0014	-0.0086	0.1351
318	-0.0054	0.1351	-0.0044	-0.0065	-0.0033	-0.0075	-0.0032	-0.0097	-0.0110	-0.0113	-0.0021	-0.0075	-0.0040	-0.0049	-0.0153	-0.0124	-0.0091	-0.0076	-0.0014	-0.0086	0.1351
553	-0.0054	0.1351	-0.0044	-0.0065	-0.0033	-0.0075	-0.0032	-0.0097	-0.0110	-0.0113	-0.0021	-0.0075	-0.0040	-0.0049	-0.0153	-0.0124	-0.0091	-0.0076	-0.0014	-0.0086	0.1351
83	-0.0054	0.1351	-0.0044	-0.0065	-0.0033	-0.0075	-0.0032	-0.0097	-0.0110	-0.0113	-0.0021	-0.0075	-0.0040	-0.0049	-0.0153	-0.0124	-0.0091	-0.0076	-0.0014	-0.0086	0.1351
9	-0.0054	0.1351	-0.0044	-0.0065	-0.0033	-0.0075	-0.0032	-0.0097	-0.0110	-0.0113	-0.0021	-0.0075	-0.0040	-0.0049	-0.0153	-0.0124	-0.0091	-0.0076	-0.0014	-0.0086	0.1351
106	-0.0054	0.1351	-0.0044	-0.0065	-0.0033	-0.0075	-0.0032	-0.0097	-0.0110	-0.0113	-0.0021	-0.0075	-0.0040	-0.0049	-0.0153	-0.0124	-0.0091	-0.0076	-0.0014	-0.0086	0.1351
294	-0.0054	0.1351	-0.0044	-0.0065	-0.0033	-0.0075	-0.0032	-0.0097	-0.0110	-0.0113	-0.0021	-0.0075	-0.0040	-0.0049	-0.0153	-0.0124	-0.0091	-0.0076	-0.0014	-0.0086	0.1351
560	-0.0054	0.1351	-0.0044	-0.0065	-0.0033	-0.0075	-0.0032	-0.0097	-0.0110	-0.0113	-0.0021	-0.0075	-0.0040	-0.0049	-0.0153	-0.0124	-0.0091	-0.0076	-0.0014	-0.0086	0.1351
58	-0.0054	0.1351	-0.0044	-0.0065	-0.0033	-0.0075	-0.0032	-0.0097	-0.0110	-0.0113	-0.0021	-0.0075	-0.0040	-0.0049	-0.0153	-0.0124	-0.0091	-0.0076	-0.0014	-0.0086	0.1351
71	-0.0054	0.1351	-0.0044	-0.0065	-0.0033	-0.0075	-0.0032	-0.0097	-0.0110	-0.0113	-0.0021	-0.0075	-0.0040	-0.0049	-0.0153	-0.0124	-0.0091	-0.0076	-0.0014	-0.0086	0.1351
319	-0.0056	-0.0025	-0.0042	-0.0063	-0.0027	-0.0068	-0.0031	-0.0094	-0.0106	-0.0136	-0.0020	-0.0073	0.1290	-0.0054	-0.0131	-0.0138	-0.0096	-0.0074	-0.0009	-0.0046	0.1290
312	-0.0056	-0.0025	-0.0042	-0.0063	-0.0027	-0.0068	-0.0031	-0.0094	-0.0106	-0.0136	-0.0020	-0.0073	0.1290	-0.0054	-0.0131	-0.0138	-0.0096	-0.0074	-0.0009	-0.0046	0.1290
502	-0.0056	-0.0025	-0.0042	-0.0063	-0.0027	-0.0068	-0.0031	-0.0094	-0.0106	-0.0136	-0.0020	-0.0073	0.1290	-0.0054	-0.0131	-0.0138	-0.0096	-0.0074	-0.0009	-0.0046	0.1290
197	-0.0056	-0.0025	-0.0042	-0.0063	-0.0027	-0.0068	-0.0031	-0.0094	-0.0106	-0.0136	-0.0020	-0.0073	0.1290	-0.0054	-0.0131	-0.0138	-0.0096	-0.0074	-0.0009	-0.0046	0.1290
233	-0.0056	-0.0025	-0.0042	-0.0063	-0.0027	-0.0068	-0.0038	-0.0094	-0.0106	-0.0136	-0.0020	-0.0073	0.1290	-0.0047	-0.0131	-0.0138	-0.0096	-0.0074	-0.0009	-0.0046	0.1290
251	-0.0056	-0.0025	-0.0042	-0.0063	-0.0027	-0.0068	-0.0038	-0.0094	-0.0106	-0.0136	-0.0020	-0.0073	0.1290	-0.0047	-0.0131	-0.0138	-0.0096	-0.0074	-0.0009	-0.0046	0.1290
306	-0.0056	-0.0025	-0.0042	-0.0063	-0.0027	-0.0068	-0.0038	-0.0094	-0.0106	-0.0136	-0.0020	-0.0073	0.1290	-0.0047	-0.0131	-0.0138	-0.0096	-0.0074	-0.0009	-0.0046	0.1290
297	-0.0056	-0.0025	-0.0042	-0.0063	-0.0027	-0.0068	-0.0038	-0.0094	-0.0106	-0.0136	-0.0020	-0.0073	0.1290	-0.0047	-0.0131	-0.0138	-0.0096	-0.0074	-0.0009	-0.0046	0.1290
266	-0.0056	-0.0025	-0.0042	-0.0063	-0.0028	-0.0068	-0.0031	-0.0094	-0.0106	-0.0136	-0.0020	-0.0073	0.1289	-0.0054	-0.0131	-0.0138	-0.0096	-0.0074	-0.0009	-0.0046	0.1289
227	-0.0056	-0.0025	-0.0042	-0.0063	-0.0028	-0.0068	-0.0031	-0.0094	-0.0106	-0.0136	-0.0020	-0.0073	0.1289	-0.0054	-0.0131	-0.0138	-0.0096	-0.0074	-0.0009	-0.0046	0.1289
99	-0.0056	-0.0025	-0.0042	-0.0063	-0.0028	-0.0068	-0.0031	-0.0094	-0.0106	-0.0136	-0.0020	-0.0073	0.1289	-0.0054	-0.0131	-0.0138	-0.0096	-0.0074	-0.0009	-0.0046	0.1289
81	-0.0056	-0.0025	-0.0042	-0.0063	-0.0028	-0.0068	-0.0031	-0.0094	-0.0106	-0.0136	-0.0020	-0.0073	0.1289	-0.0054	-0.0131	-0.0138	-0.0096	-0.0074	-0.0009	-0.0046	0.1289
65	-0.0056	-0.0025	-0.0042	-0.0063	-0.0028	-0.0068	-0.0031	-0.0094	-0.0106	-0.0136	-0.0020	-0.0073	0.1289	-0.0054	-0.0131	-0.0138	-0.0096	-0.0074	-0.0009	-0.0046	0.1289
337	-0.0056	-0.0025	-0.0042	-0.0063	-0.0028	-0.0068	-0.0031	-0.0094	-0.0106	-0.0136	-0.0020	-0.0073	0.1289	-0.0054	-0.0131	-0.0138	-0.0096	-0.0074	-0.0009	-0.0046	0.1289
174	-0.0056	-0.0025	-0.0042	-0.0063	-0.0028	-0.0068	-0.0031	-0.0094	-0.0106	-0.0136	-0.0020	-0.0073	0.1289	-0.0054	-0.0131	-0.0138	-0.0096	-0.0074	-0.0009	-0.0046	0.1289
108	-0.0056	-0.0025	-0.0042	-0.0063	-0.0028	-0.0068	-0.0031	-0.0094	-0.0106	-0.0136	-0.0020	-0.0073	0.1289	-0.0054	-0.0131	-0.0138	-0.0096	-0.0074	-0.0009	-0.0046	0.1289
140	-0.0056	-0.0025	-0.0042	-0.0063	-0.0028	-0.0068	-0.0038	-0.0094	-0.0106	-0.0136	-0.0020	-0.0073	0.1289	-0.0047	-0.0131	-0.0138	-0.0096	-0.0074	-0.0009	-0.0046	0.1289
134	-0.0056	-0.0025	-0.0042	-0.0063	-0.0028	-0.0068	-0.0038	-0.0094	-0.0106	-0.0136	-0.0020	-0.0073	0.1289	-0.0047	-0.0131	-0.0138	-0.0096	-0.0074	-0.0009	-0.0046	0.1289
53	-0.0050	-0.0023	-0.0045	-0.0061	-0.0026	-0.0067	0.1276	-0.0092	-0.0105	-0.0113	-0.0018	-0.0079	-0.0041	-0.0057	-0.0155	-0.0108	-0.0087	-0.0073	-0.0007	-0.0069	0.1276
484	-0.0050	-0.0023	-0.0045	-0.0061	-0.0026	-0.0067	0.1276	-0.0092	-0.0105	-0.0113	-0.0018	-0.0079	-0.0041	-0.0057	-0.0155	-0.0108	-0.0087	-0.0073	-0.0007	-0.0069	0.1276
311	-0.0050	-0.0023	-0.0045	-0.0061	-0.0026	-0.0067	0.1276	-0.0092	-0.0105	-0.0113	-0.0018	-0.0079	-0.0041	-0.0057	-0.0155	-0.0108	-0.0087	-0.0073	-0.0007	-0.0069	0.1276
196	-0.0050	-0.0023	-0.0045	-0.0061	-0.0026	-0.0067	0.1276	-0.0092	-0.0105	-0.0113	-0.0018	-0.0079	-0.0041	-0.0057	-0.0155	-0.0108	-0.0087	-0.0073	-0.0007	-0.0069	0.1276
142	-0.0050	-0.0023	-0.0045	-0.0061	-0.0026	-0.0067	0.1276	-0.0092	-0.0105	-0.0113	-0.0018	-0.0079	-0.0041	-0.0057	-0.0155	-0.0108	-0.0087	-0.0073	-0.0007	-0.0069	0.1276
24	-0.0050	-0.0023	-0.0045	-0.0061	-0.0026	-0.0067	0.1276	-0.0092	-0.0105	-0.0113	-0.0018	-0.0079	-0.0041	-0.0057	-0.0155	-0.0108	-0.0087	-0.0073	-0.0007	-0.0069	0.1276
195	-0.0050	-0.0023	-0.0045	-0.0061	-0.0026	-0.0067	0.1276	-0.0092	-0.0105	-0.0113	-0.0018	-0.0079	-0.0041	-0.0057	-0.0155	-0.0108	-0.0087	-0.0073	-0.0007	-0.0069	0.1276
368	-0.0050	-0.0023	-0.0045	-0.0061	-0.0026	-0.0067	0.1276	-0.0092	-0.0105	-0.0113	-0.0018	-0.0079	-0.0041	-0.0057	-0.0155	-0.0108	-0.0087	-0.0073	-0.0007	-0.0069	0.1276
367	-0.0050	-0.0023	-0.0045	-0.0061	-0.0026	-0.0067	0.1276	-0.0092	-0.0105	-0.0113	-0.0018	-0.0079	-0.0041	-0.0057	-0.0155	-0.0108	-0.0087	-0.0073	-0.0007	-0.0069	0.1276
44	-0.0050	-0.0023	-0.0045	-0.0061	-0.0026	-0.0067	0.1276	-0.0092	-0.0105	-0.0113	-0.0018	-0.0079	-0.0041	-0.0057	-0.0155	-0.0108	-0.0087	-0.0073	-0.0007	-0.0069	0.1276
453	-0.0050	-0.0023	-0.0045	-0.0061	-0.0026	-0.0067	0.1276	-0.0092	-0.0105	-0.0113	-0.0018	-0.0079	-0.0041	-0.0057	-0.0155	-0.0108	-0.0087	-0.0073	-0.0007	-0.0069	0.1276
153	-0.0050	-0.0023	-0.0045	-0.0061	-0.0026	-0.0067	0.1276	-0.0092	-0.0105	-0.0113	-0.0018	-0.0079	-0.0041	-0.0057	-0.0155	-0.0108	-0.0087	-0.0073	-0.0007	-0.0069	0.1276
482	-0.0049	-0.0027	-0.0039	-0.0060	0.1252	-0.0066	-0.0028	-0.0099	-0.0105	-0.0140	-0.0017	-0.0071	-0.0036	-0.0044	-0.0125	-0.0128	-0.0086	-0.0076	-0.0006	-0.0050	0.1252
412	-0.0049	-0.0027	-0.0039	-0.0060	0.1252	-0.0066	-0.0028	-0.0099	-0.0105	-0.0140	-0.0017	-0.0071	-0.0036	-0.0044	-0.0125	-0.0128	-0.0086	-0.0076	-0.0006	-0.0050	0.1252
405	-0.0049	-0.0027	-0.0039	-0.0060	0.1252	-0.0066	-0.0028	-0.0099	-0.0105	-0.0140	-0.0017	-0.0071	-0.0036	-0.0044	-0.0125	-0.0128	-0.0086	-0.0076	-0.0006	-0.0050	0.1252
351	-0.0049	-0.0027	-0.0039	-0.0060	0.1252	-0.0066	-0.0028	-0.0099	-0.0105	-0.0140	-0.0017	-0.0071	-0.0036	-0.0044	-0.0125	-0.0128	-0.0086	-0.0076	-0.0006	-0.0050	0.1252
225	-0.0049	-0.0027	-0.0039	-0.0060	0.1252	-0.0066	-0.0028	-0.0099	-0.0105	-0.0140	-0.0017	-0.0071	-0.0036	-0.0044	-0.0125	-0.0128	-0.0086	-0.0076	-0.0006	-0.0050	0.1252
111	-0.0049	-0.0027	-0.0039	-0.0060	0.1252	-0.0066	-0.0028	-0.0099	-0.0105	-0.0140	-0.0017	-0.0071	-0.0036	-0.0044	-0.0125	-0.0128	-0.0086	-0.0076	-0.0006	-0.0050	0.1252
480	-0.0049	-0.0027	-0.0039	-0.0060	0.1252	-0.0066	-0.0028	-0.0099	-0.0105	-0.0140	-0.0017	-0.0071	-0.0036	-0.0044	-0.0125	-0.0128	-0.0086	-0.0076	-0.0006	-0.0050	0.1252
345	-0.0049	-0.0027	-0.0039	-0.0060	0.1252	-0.0066	-0.0028	-0.0099	-0.0105	-0.0140	-0.0017	-0.0071	-0.0036	-0.0044	-0.0125	-0.0128	-0.0086	-0.0076	-0.0006	-0.0050	0.1252
257	-0.0049	-0.0027	-0.0039	-0.0060	0.1252	-0.0066	-0.0028	-0.0099	-0.0105	-0.0140	-0.0017	-0.0071	-0.0036	-0.0044	-0.0125	-0.0128	-0.0086	-0.0076	-0.0006	-0.0050	0.1252
159	-0.0049	-0.0027	-0.0039	-0.0060	0.1252	-0.0066	-0.0028	-0.0099	-0.0105	-0.0140	-0.0017	-0.0071	-0.0036	-0.0044	-0.0125	-0.0128	-0.0086	-0.0076	-0.0006	-0.0050	0.1252
430	-0.0049	-0.0027	-0.0039	-0.0060	0.1252	-0.0066	-0.0028	-0.0099	-0.0105	-0.0140	-0.0017	-0.0071	-0.0036	-0.0044	-0.0125	-0.0128	-0.0087	-0.0076	-0.0006	-0.0050	0.1252
270	-0.0049	-0.0027	-0.0039	-0.0060	0.1252	-0.0066	-0.0028	-0.0099	-0.0105	-0.0140	-0.0017	-0.0071	-0.0036	-0.0044	-0.0125	-0.0128	-0.0087	-0.0076	-0.0006	-0.0050	0.1252
133	-0.0049	-0.0027	-0.0039	-0.0060	0.1252	-0.0066	-0.0028	-0.0099	-0.0105	-0.0140	-0.0017	-0.0071	-0.0036	-0.0044	-0.0125	-0.0128	-0.0087	-0.0076	-0.0006	-0.0050	0.1252
550	-0.0049	-0.0027	-0.0039	-0.0060	0.1252	-0.0066	-0.0028	-0.0099	-0.0105	-0.0140	-0.0017	-0.0071	-0.0036	-0.0044	-0.0125	-0.0128	-0.0087	-0.0076	-0.0006	-0.0050	0.1252
127	-0.0049	-0.0027	-0.0039	-0.0060	0.1252	-0.0066	-0.0028	-0.0099	-0.0105	-0.0140	-0.0017	-0.0071	-0.0036	-0.0044	-0.0125	-0.0128	-0.0087	-0.0076	-0.0006	-0.0050	0.1252
130	-0.0049	-0.0027	-0.0039	-0.0060	0.1252	-0.0066	-0.0028	-0.0099	-0.0105	-0.0140	-0.0017	-0.0071	-0.0036	-0.0044	-0.0125	-0.0128	-0.0087	-0.0076	-0.0006	-0.0050	0.1252
307	-0.0049	-0.0027	-0.0039	-0.0060	0.1252	-0.0066	-0.0028	-0.0099	-0.0105	-0.0140	-0.0017	-0.0071	-0.0036	-0.0044	-0.0125	-0.0128	-0.0087	-0.0076	-0.0006	-0.0050	0.1252
452	-0.0049	-0.0027	-0.0039	-0.0060	0.1252	-0.0066	-0.0028	-0.0099	-0.0105	-0.0140	-0.0017	-0.0071	-0.0036	-0.0044	-0.0125	-0.0128	-0.0087	-0.0076	-0.0006	-0.0050	0.1252
454	-0.0052	-0.0022	0.1233	-0.0071	-0.0025	-0.0089	-0.0031	-0.0090	-0.0102	-0.0105	-0.0017	-0.0110	-0.0035	-0.0044	-0.0122	-0.0105	-0.0085	-0.0075	-0.0006	-0.0047	0.1233
33	-0.0052	-0.0022	0.1233	-0.0071	-0.0025	-0.0089	-0.0031	-0.0090	-0.0102	-0.0105	-0.0017	-0.0110	-0.0035	-0.0044	-0.0122	-0.0105	-0.0085	-0.0075	-0.0006	-0.0047	0.1233
17	-0.0052	-0.0022	0.1233	-0.0071	-0.0025	-0.0089	-0.0031	-0.0090	-0.0102	-0.0105	-0.0017	-0.0110	-0.0035	-0.0044	-0.0122	-0.0105	-0.0085	-0.0075	-0.0006	-0.0047	0.1233
113	-0.0052	-0.0022	0.1233	-0.0071	-0.0025	-0.0089	-0.0031	-0.0090	-0.0102	-0.0105	-0.0017	-0.0110	-0.0035	-0.0044	-0.0122	-0.0105	-0.0085	-0.0075	-0.0006	-0.0047	0.1233
516	-0.0052	-0.0022	0.1233	-0.0071	-0.0025	-0.0089	-0.0031	-0.0090	-0.0102	-0.0105	-0.0017	-0.0110	-0.0035	-0.0044	-0.0122	-0.0105	-0.0085	-0.0075	-0.0006	-0.0047	0.1233
428	-0.0052	-0.0022	0.1233	-0.0071	-0.0025	-0.0089	-0.0031	-0.0090	-0.0102	-0.0105	-0.0017	-0.0110	-0.0035	-0.0044	-0.0122	-0.0105	-0.0085	-0.0075	-0.0006	-0.0047	0.1233
427	-0.0052	-0.0022	0.1233	-0.0071	-0.0025	-0.0089	-0.0031	-0.0090	-0.0102	-0.0105	-0.0017	-0.0110	-0.0035	-0.0044	-0.0122	-0.0105	-0.0085	-0.0075	-0.0006	-0.0047	0.1233
361	-0.0052	-0.0022	0.1233	-0.0071	-0.0025	-0.0089	-0.0031	-0.0090	-0.0102	-0.0105	-0.0017	-0.0110	-0.0035	-0.0044	-0.0122	-0.0105	-0.0085	-0.0075	-0.0006	-0.0047	0.1233
451	-0.0052	-0.0022	0.1233	-0.0071	-0.0025	-0.0089	-0.0031	-0.0090	-0.0102	-0.0105	-0.0017	-0.0110	-0.0035	-0.0044	-0.0122	-0.0105	-0.0085	-0.0075	-0.0006	-0.0047	0.1233
30	-0.0052	-0.0022	0.1233	-0.0071	-0.0025	-0.0089	-0.0031	-0.0090	-0.0102	-0.0105	-0.0017	-0.0110	-0.0035	-0.0044	-0.0122	-0.0105	-0.0085	-0.0075	-0.0006	-0.0047	0.1233
432	-0.0052	-0.0022	0.1233	-0.0071	-0.0025	-0.0089	-0.0031	-0.0090	-0.0102	-0.0105	-0.0017	-0.0110	-0.0035	-0.0044	-0.0122	-0.0105	-0.0085	-0.0075	-0.0006	-0.0047	0.1233
291	-0.0052	-0.0022	0.1233	-0.0071	-0.0025	-0.0089	-0.0031	-0.0090	-0.0102	-0.0105	-0.0017	-0.0110	-0.0035	-0.0044	-0.0122	-0.0105	-0.0085	-0.0075	-0.0006	-0.0047	0.1233
253	-0.0052	-0.0022	0.1232	-0.0071	-0.0024	-0.0089	-0.0032	-0.0090	-0.0102	-0.0105	-0.0017	-0.0110	-0.0036	-0.0044	-0.0122	-0.0105	-0.0085	-0.0075	-0.0007	-0.0047	0.1232
379	-0.0052	-0.0022	0.1232	-0.0071	-0.0024	-0.0089	-0.0032	-0.0090	-0.0102	-0.0105	-0.0017	-0.0110	-0.0036	-0.0044	-0.0122	-0.0105	-0.0085	-0.0075	-0.0007	-0.0047	0.1232
500	-0.0052	-0.0022	0.1232	-0.0071	-0.0024	-0.0089	-0.0032	-0.0090	-0.0102	-0.0105	-0.0017	-0.0110	-0.0036	-0.0044	-0.0122	-0.0105	-0.0085	-0.0075	-0.0007	-0.0047	0.1232
141	-0.0039	-0.0014	-0.0045	-0.0069	-0.0016	-0.0055	-0.0022	-0.0085	-0.0196	-0.0092	-0.0009	0.1121	-0.0027	-0.0038	-0.0133	-0.0108	-0.0078	-0.0060	0.0001	-0.0036	0.1122
173	-0.0044	-0.0044	-0.0040	-0.0055	-0.0025	-0.0061	-0.0044	-0.0085	-0.0097	-0.0100	-0.0014	-0.0072	-0.0032	-0.0040	-0.0116	-0.0104	-0.0080	-0.0066	-0.0003	0.1121	0.1121
483	-0.0044	-0.0044	-0.0040	-0.0055	-0.0025	-0.0061	-0.0044	-0.0085	-0.0097	-0.0100	-0.0014	-0.0072	-0.0032	-0.0040	-0.0116	-0.0104	-0.0080	-0.0066	-0.0003	0.1121	0.1121
207	-0.0044	-0.0044	-0.0040	-0.0055	-0.0025	-0.0061	-0.0044	-0.0085	-0.0097	-0.0100	-0.0014	-0.0072	-0.0032	-0.0040	-0.0116	-0.0104	-0.0080	-0.0066	-0.0003	0.1121	0.1121
321	-0.0044	-0.0044	-0.0040	-0.0055	-0.0025	-0.0061	-0.0044	-0.0085	-0.0097	-0.0100	-0.0014	-0.0072	-0.0032	-0.0040	-0.0116	-0.0104	-0.0080	-0.0066	-0.0003	0.1121	0.1121
366	-0.0044	-0.0044	-0.0040	-0.0055	-0.0025	-0.0061	-0.0044	-0.0085	-0.0097	-0.0100	-0.0014	-0.0072	-0.0032	-0.0040	-0.0116	-0.0104	-0.0080	-0.0066	-0.0003	0.1121	0.1121
94	-0.0044	-0.0044	-0.0040	-0.0055	-0.0025	-0.0061	-0.0044	-0.0085	-0.0097	-0.0100	-0.0014	-0.0072	-0.0032	-0.0040	-0.0116	-0.0104	-0.0080	-0.0066	-0.0003	0.1121	0.1121
532	-0.0044	-0.0044	-0.0040	-0.0055	-0.0025	-0.0061	-0.0044	-0.0085	-0.0097	-0.0100	-0.0014	-0.0072	-0.0032	-0.0040	-0.0116	-0.0104	-0.0080	-0.0066	-0.0003	0.1121	0.1121
245	-0.0044	-0.0044	-0.0040	-0.0055	-0.0025	-0.0061	-0.0044	-0.0085	-0.0097	-0.0100	-0.0014	-0.0072	-0.0032	-0.0040	-0.0116	-0.0104	-0.0080	-0.0066	-0.0003	0.1121	0.1121
23	-0.0044	-0.0044	-0.0040	-0.0055	-0.0025	-0.0061	-0.0044	-0.0085	-0.0097	-0.0100	-0.0014	-0.0072	-0.0032	-0.0040	-0.0116	-0.0104	-0.0080	-0.0066	-0.0003	0.1121	0.1121
160	-0.0044	-0.0044	-0.0040	-0.0055	-0.0025	-0.0061	-0.0044	-0.0085	-0.0097	-0.0100	-0.0014	-0.0072	-0.0032	-0.0040	-0.0116	-0.0104	-0.0080	-0.0066	-0.0003	0.1121	0.1121
107	-0.0044	-0.0044	-0.0040	-0.0055	-0.0025	-0.0061	-0.0044	-0.0085	-0.0097	-0.0100	-0.0014	-0.0072	-0.0032	-0.0040	-0.0116	-0.0104	-0.0080	-0.0066	-0.0003	0.1121	0.1121
526	-0.0044	-0.0044	-0.0040	-0.0055	-0.0025	-0.0061	-0.0044	-0.0085	-0.0097	-0.0100	-0.0014	-0.0072	-0.0032	-0.0040	-0.0116	-0.0104	-0.0080	-0.0066	-0.0003	0.1121	0.1121
504	-0.0044	-0.0044	-0.0040	-0.0055	-0.0025	-0.0061	-0.0044	-0.0085	-0.0097	-0.0100	-0.0014	-0.0072	-0.0032	-0.0040	-0.0116	-0.0104	-0.0080	-0.0066	-0.0003	0.1121	0.1121
499	-0.0044	-0.0044	-0.0040	-0.0055	-0.0025	-0.0061	-0.0044	-0.0085	-0.0097	-0.0100	-0.0014	-0.0072	-0.0032	-0.0040	-0.0116	-0.0104	-0.0080	-0.0066	-0.0003	0.1121	0.1121
461	-0.0044	-0.0044	-0.0040	-0.0055	-0.0025	-0.0061	-0.0044	-0.0085	-0.0097	-0.0100	-0.0014	-0.0072	-0.0032	-0.0040	-0.0116	-0.0104	-0.0080	-0.0066	-0.0003	0.1121	0.1121
436	-0.0044	-0.0044	-0.0040	-0.0055	-0.0025	-0.0061	-0.0044	-0.0085	-0.0097	-0.0100	-0.0014	-0.0072	-0.0032	-0.0040	-0.0116	-0.0104	-0.0080	-0.0066	-0.0003	0.1121	0.1121
376	-0.0044	-0.0044	-0.0040	-0.0055	-0.0025	-0.0061	-0.0044	-0.0085	-0.0097	-0.0100	-0.0014	-0.0072	-0.0032	-0.0040	-0.0116	-0.0104	-0.0080	-0.0066	-0.0003	0.1121	0.1121
364	-0.0044	-0.0044	-0.0040	-0.0055	-0.0025	-0.0061	-0.0044	-0.0085	-0.0097	-0.0100	-0.0014	-0.0072	-0.0032	-0.0040	-0.0116	-0.0104	-0.0080	-0.0066	-0.0003	0.1121	0.1121
221	-0.0044	-0.0044	-0.0040	-0.0055	-0.0025	-0.0061	-0.0044	-0.0085	-0.0097	-0.0100	-0.0014	-0.0072	-0.0032	-0.0040	-0.0116	-0.0104	-0.0080	-0.0066	-0.0003	0.1121	0.1121
213	-0.0044	-0.0044	-0.0040	-0.0055	-0.0025	-0.0061	-0.0044	-0.0085	-0.0097	-0.0100	-0.0014	-0.0072	-0.0032	-0.0040	-0.0116	-0.0104	-0.0080	-0.0066	-0.0003	0.1121	0.1121
180	-0.0044	-0.0044	-0.0040	-0.0055	-0.0025	-0.0061	-0.0044	-0.0085	-0.0097	-0.0100	-0.0014	-0.0072	-0.0032	-0.0040	-0.0116	-0.0104	-0.0080	-0.0066	-0.0003	0.1121	0.1121
114	-0.0044	-0.0044	-0.0040	-0.0055	-0.0025	-0.0061	-0.0044	-0.0085	-0.0097	-0.0100	-0.0014	-0.0072	-0.0032	-0.0040	-0.0116	-0.0104	-0.0080	-0.0066	-0.0003	0.1121	0.1121
244	-0.0044	-0.0044	-0.0040	-0.0055	-0.0025	-0.0061	-0.0044	-0.0085	-0.0097	-0.0100	-0.0014	-0.0072	-0.0032	-0.0040	-0.0116	-0.0104	-0.0080	-0.0066	-0.0003	0.1121	0.1121
501	-0.0044	-0.0044	-0.0040	-0.0055	-0.0025	-0.0061	-0.0044	-0.0085	-0.0097	-0.0100	-0.0014	-0.0072	-0.0032	-0.0040	-0.0116	-0.0104	-0.0080	-0.0066	-0.0003	0.1121	0.1121
308	-0.0044	-0.0018	-0.0035	-0.0059	-0.0020	-0.0060	-0.0032	-0.0085	-0.0105	-0.0105	-0.0013	-0.0065	-0.0035	0.1109	-0.0146	-0.0100	-0.0080	-0.0066	-0.0003	-0.0038	0.1109
67	-0.0044	-0.0018	-0.0035	-0.0059	-0.0020	-0.0060	-0.0032	-0.0085	-0.0105	-0.0105	-0.0013	-0.0065	-0.0035	0.1109	-0.0146	-0.0100	-0.0080	-0.0066	-0.0003	-0.0038	0.1109
404	-0.0044	-0.0018	-0.0035	-0.0059	-0.0020	-0.0060	-0.0032	-0.0085	-0.0105	-0.0105	-0.0013	-0.0065	-0.0035	0.1109	-0.0146	-0.0100	-0.0080	-0.0066	-0.0003	-0.0038	0.1109
380	-0.0044	-0.0018	-0.0035	-0.0059	-0.0020	-0.0060	-0.0032	-0.0085	-0.0105	-0.0105	-0.0013	-0.0065	-0.0035	0.1109	-0.0146	-0.0100	-0.0080	-0.0066	-0.0003	-0.0038	0.1109
340	-0.0044	-0.0018	-0.0035	-0.0059	-0.0020	-0.0060	-0.0032	-0.0085	-0.0105	-0.0105	-0.0013	-0.0065	-0.0035	0.1109	-0.0146	-0.0100	-0.0080	-0.0066	-0.0003	-0.0038	0.1109
295	-0.0044	-0.0018	-0.0035	-0.0059	-0.0020	-0.0060	-0.0032	-0.0085	-0.0105	-0.0105	-0.0013	-0.0065	-0.0035	0.1109	-0.0146	-0.0100	-0.0080	-0.0066	-0.0003	-0.0038	0.1109
203	-0.0044	-0.0018	-0.0035	-0.0059	-0.0020	-0.0060	-0.0032	-0.0085	-0.0105	-0.0105	-0.0013	-0.0065	-0.0035	0.1109	-0.0146	-0.0100	-0.0080	-0.0066	-0.0003	-0.0038	0.1109
120	-0.0044	-0.0018	-0.0035	-0.0059	-0.0020	-0.0060	-0.0032	-0.0085	-0.0105	-0.0105	-0.0013	-0.0065	-0.0035	0.1109	-0.0146	-0.0100	-0.0080	-0.0066	-0.0003	-0.0038	0.1109
384	-0.0044	-0.0018	-0.0035	-0.0059	-0.0020	-0.0060	-0.0032	-0.0085	-0.0105	-0.0105	-0.0013	-0.0065	-0.0035	0.1109	-0.0146	-0.0100	-0.0080	-0.0066	-0.0003	-0.0038	0.1109
467	-0.0044	-0.0018	-0.0035	-0.0059	-0.0020	-0.0060	-0.0032	-0.0085	-0.0105	-0.0105	-0.0013	-0.0065	-0.0035	0.1109	-0.0146	-0.0100	-0.0080	-0.0066	-0.0003	-0.0038	0.1109
559	-0.0044	-0.0018	-0.0035	-0.0059	-0.0020	-0.0060	-0.0032	-0.0085	-0.0105	-0.0105	-0.0013	-0.0065	-0.0035	0.1109	-0.0146	-0.0100	-0.0080	-0.0066	-0.0003	-0.0038	0.1109
372	-0.0044	-0.0018	-0.0035	-0.0059	-0.0020	-0.0060	-0.0032	-0.0085	-0.0105	-0.0105	-0.0013	-0.0065	-0.0035	0.1109	-0.0146	-0.0100	-0.0080	-0.0066	-0.0003	-0.0038	0.1109
369	-0.0044	-0.0018	-0.0035	-0.0059	-0.0020	-0.0060	-0.0032	-0.0085	-0.0105	-0.0105	-0.0013	-0.0065	-0.0035	0.1109	-0.0146	-0.0100	-0.0080	-0.0066	-0.0003	-0.0038	0.1109
238	-0.0044	-0.0018	-0.0035	-0.0059	-0.0020	-0.0060	-0.0032	-0.0085	-0.0105	-0.0105	-0.0013	-0.0065	-0.0035	0.1109	-0.0146	-0.0100	-0.0080	-0.0066	-0.0003	-0.0038	0.1109
110	-0.0029	-0.0040	0.0371	-0.0042	-0.0011	-0.0051	0.0702	-0.0069	-0.0081	-0.0084	0.0003	-0.0071	-0.0015	-0.0024	-0.0102	-0.0089	-0.0064	-0.0051	0.0014	-0.0266	0.1089
378	0.1085	-0.0016	-0.0032	-0.0059	-0.0018	-0.0062	-0.0022	-0.0082	-0.0094	-0.0097	-0.0011	-0.0062	-0.0033	-0.0037	-0.0113	-0.0102	-0.0119	-0.0089	-0.0001	-0.0036	0.1085
547	0.1085	-0.0016	-0.0032	-0.0059	-0.0018	-0.0062	-0.0022	-0.0082	-0.0094	-0.0097	-0.0011	-0.0062	-0.0033	-0.0037	-0.0113	-0.0102	-0.0119	-0.0089	-0.0000	-0.0036	0.1085
438	0.1085	-0.0016	-0.0032	-0.0059	-0.0018	-0.0062	-0.0022	-0.0082	-0.0094	-0.0097	-0.0011	-0.0062	-0.0033	-0.0037	-0.0113	-0.0102	-0.0119	-0.0089	-0.0000	-0.0036	0.1085
271	0.1085	-0.0016	-0.0032	-0.0059	-0.0018	-0.0062	-0.0022	-0.0082	-0.0094	-0.0097	-0.0011	-0.0062	-0.0033	-0.0037	-0.0113	-0.0102	-0.0119	-0.0089	-0.0000	-0.0036	0.1085
259	0.1085	-0.0016	-0.0032	-0.0059	-0.0018	-0.0062	-0.0022	-0.0082	-0.0094	-0.0097	-0.0011	-0.0062	-0.0033	-0.0037	-0.0113	-0.0102	-0.0119	-0.0089	-0.0000	-0.0036	0.1085
16	0.1085	-0.0016	-0.0032	-0.0059	-0.0018	-0.0062	-0.0022	-0.0082	-0.0094	-0.0097	-0.0011	-0.0062	-0.0033	-0.0037	-0.0113	-0.0102	-0.0119	-0.0089	-0.0000	-0.0036	0.1085
530	0.1085	-0.0016	-0.0032	-0.0059	-0.0018	-0.0062	-0.0022	-0.0082	-0.0094	-0.0097	-0.0011	-0.0062	-0.0033	-0.0037	-0.0113	-0.0102	-0.0119	-0.0089	-0.0000	-0.0036	0.1085
265	0.1085	-0.0016	-0.0032	-0.0059	-0.0018	-0.0062	-0.0022	-0.0082	-0.0094	-0.0097	-0.0011	-0.0062	-0.0033	-0.0037	-0.0113	-0.0102	-0.0119	-0.0089	-0.0000	-0.0036	0.1085
25	0.1085	-0.0016	-0.0034	-0.0057	-0.0018	-0.0062	-0.0022	-0.0082	-0.0094	-0.0097	-0.0011	-0.0062	-0.0033	-0.0037	-0.0113	-0.0102	-0.0119	-0.0089	-0.0001	-0.0036	0.1085
472	0.1084	-0.0016	-0.0038	-0.0054	-0.0018	-0.0062	-0.0022	-0.0082	-0.0094	-0.0097	-0.0011	-0.0062	-0.0033	-0.0037	-0.0113	-0.0102	-0.0119	-0.0089	-0.0001	-0.0036	0.1084
407	0.1084	-0.0016	-0.0039	-0.0052	-0.0018	-0.0062	-0.0022	-0.0082	-0.0094	-0.0097	-0.0011	-0.0062	-0.0033	-0.0037	-0.0113	-0.0102	-0.0119	-0.0089	-0.0001	-0.0036	0.1084
64	0.1084	-0.0016	-0.0040	-0.0052	-0.0018	-0.0062	-0.0022	-0.0082	-0.0094	-0.0097	-0.0011	-0.0062	-0.0033	-0.0037	-0.0113	-0.0102	-0.0119	-0.0089	-0.0001	-0.0036	0.1084
300	0.1084	-0.0016	-0.0040	-0.0052	-0.0018	-0.0062	-0.0022	-0.0082	-0.0094	-0.0097	-0.0011	-0.0062	-0.0033	-0.0037	-0.0113	-0.0102	-0.0119	-0.0089	-0.0001	-0.0036	0.1084
347	0.1084	-0.0016	-0.0040	-0.0052	-0.0018	-0.0062	-0.0022	-0.0082	-0.0094	-0.0097	-0.0011	-0.0062	-0.0033	-0.0037	-0.0113	-0.0102	-0.0119	-0.0089	-0.0001	-0.0036	0.1084
377	0.1084	-0.0016	-0.0040	-0.0052	-0.0018	-0.0062	-0.0022	-0.0082	-0.0094	-0.0097	-0.0011	-0.0062	-0.0033	-0.0037	-0.0113	-0.0102	-0.0119	-0.0089	-0.0001	-0.0036	0.1084
269	0.1084	-0.0016	-0.0040	-0.0052	-0.0018	-0.0062	-0.0022	-0.0082	-0.0094	-0.0097	-0.0011	-0.0062	-0.0033	-0.0037	-0.0113	-0.0102	-0.0119	-0.0089	-0.0001	-0.0036	0.1084
212	0.1084	-0.0016	-0.0040	-0.0052	-0.0018	-0.0062	-0.0022	-0.0082	-0.0094	-0.0097	-0.0011	-0.0062	-0.0033	-0.0037	-0.0113	-0.0102	-0.0119	-0.0089	-0.0001	-0.0036	0.1084
13	0.1084	-0.0016	-0.0040	-0.0052	-0.0018	-0.0062	-0.0022	-0.0082	-0.0094	-0.0097	-0.0011	-0.0062	-0.0033	-0.0037	-0.0113	-0.0102	-0.0119	-0.0089	-0.0001	-0.0036	0.1084
74	0.1084	-0.0016	-0.0040	-0.0052	-0.0018	-0.0062	-0.0022	-0.0082	-0.0094	-0.0097	-0.0011	-0.0062	-0.0033	-0.0037	-0.0113	-0.0102	-0.0119	-0.0089	-0.0001	-0.0036	0.1084
536	0.1084	-0.0016	-0.0040	-0.0052	-0.0018	-0.0062	-0.0022	-0.0082	-0.0094	-0.0097	-0.0011	-0.0062	-0.0033	-0.0037	-0.0113	-0.0102	-0.0119	-0.0089	-0.0001	-0.0036	0.1084
386	0.1084	-0.0016	-0.0040	-0.0052	-0.0018	-0.0062	-0.0022	-0.0082	-0.0094	-0.0097	-0.0011	-0.0062	-0.0033	-0.0037	-0.0113	-0.0102	-0.0119	-0.0089	-0.0001	-0.0036	0.1084
349	0.1084	-0.0016	-0.0040	-0.0052	-0.0018	-0.0062	-0.0022	-0.0082	-0.0094	-0.0097	-0.0011	-0.0062	-0.0033	-0.0037	-0.0113	-0.0102	-0.0119	-0.0089	-0.0001	-0.0036	0.1084
276	-0.0027	-0.0004	-0.0017	-0.0037	0.0386	-0.0043	-0.0008	-0.0077	-0.0081	-0.0366	0.0005	-0.0047	0.0670	-0.0022	-0.0103	-0.0101	-0.0064	-0.0054	0.0016	-0.0028	0.1078
462	-0.0045	-0.0016	-0.0041	0.1076	-0.0019	-0.0083	-0.0022	-0.0081	-0.0141	-0.0096	-0.0012	-0.0062	-0.0029	-0.0041	-0.0112	-0.0096	-0.0076	-0.0067	-0.0001	-0.0036	0.1076
399	-0.0045	-0.0016	-0.0041	0.1076	-0.0019	-0.0083	-0.0022	-0.0081	-0.0141	-0.0096	-0.0012	-0.0062	-0.0029	-0.0041	-0.0112	-0.0096	-0.0076	-0.0067	-0.0001	-0.0036	0.1076
317	-0.0045	-0.0016	-0.0041	0.1076	-0.0019	-0.0083	-0.0022	-0.0081	-0.0141	-0.0096	-0.0012	-0.0062	-0.0029	-0.0041	-0.0112	-0.0096	-0.0076	-0.0067	-0.0001	-0.0036	0.1076
258	-0.0045	-0.0016	-0.0041	0.1076	-0.0019	-0.0083	-0.0022	-0.0081	-0.0141	-0.0096	-0.0012	-0.0062	-0.0029	-0.0041	-0.0112	-0.0096	-0.0076	-0.0067	-0.0001	-0.0036	0.1076
128	-0.0045	-0.0016	-0.0041	0.1076	-0.0019	-0.0083	-0.0022	-0.0081	-0.0141	-0.0096	-0.0012	-0.0062	-0.0029	-0.0041	-0.0112	-0.0096	-0.0076	-0.0067	-0.0001	-0.0036	0.1076
84	-0.0045	-0.0016	-0.0041	0.1076	-0.0019	-0.0083	-0.0022	-0.0081	-0.0141	-0.0096	-0.0012	-0.0062	-0.0029	-0.0041	-0.0112	-0.0096	-0.0076	-0.0067	-0.0001	-0.0036	0.1076
521	-0.0045	-0.0016	-0.0041	0.1076	-0.0019	-0.0083	-0.0022	-0.0081	-0.0141	-0.0096	-0.0012	-0.0062	-0.0029	-0.0041	-0.0112	-0.0096	-0.0076	-0.0067	-0.0001	-0.0036	0.1076
507	-0.0045	-0.0016	-0.0041	0.1076	-0.0019	-0.0083	-0.0022	-0.0081	-0.0141	-0.0096	-0.0012	-0.0062	-0.0029	-0.0041	-0.0112	-0.0096	-0.0076	-0.0067	-0.0001	-0.0036	0.1076
489	-0.0045	-0.0016	-0.0041	0.1076	-0.0019	-0.0083	-0.0022	-0.0081	-0.0141	-0.0096	-0.0012	-0.0062	-0.0029	-0.0041	-0.0112	-0.0096	-0.0076	-0.0067	-0.0001	-0.0036	0.1076
474	-0.0045	-0.0016	-0.0041	0.1076	-0.0019	-0.0083	-0.0022	-0.0081	-0.0141	-0.0096	-0.0012	-0.0062	-0.0029	-0.0041	-0.0112	-0.0096	-0.0076	-0.0067	-0.0001	-0.0036	0.1076
445	-0.0045	-0.0016	-0.0041	0.1076	-0.0019	-0.0083	-0.0022	-0.0081	-0.0141	-0.0096	-0.0012	-0.0062	-0.0029	-0.0041	-0.0112	-0.0096	-0.0076	-0.0067	-0.0001	-0.0036	0.1076
420	-0.0045	-0.0016	-0.0041	0.1076	-0.0019	-0.0083	-0.0022	-0.0081	-0.0141	-0.0096	-0.0012	-0.0062	-0.0029	-0.0041	-0.0112	-0.0096	-0.0076	-0.0067	-0.0001	-0.0036	0.1076
353	-0.0045	-0.0016	-0.0041	0.1076	-0.0019	-0.0083	-0.0022	-0.0081	-0.0141	-0.0096	-0.0012	-0.0062	-0.0029	-0.0041	-0.0112	-0.0096	-0.0076	-0.0067	-0.0001	-0.0036	0.1076
250	-0.0045	-0.0016	-0.0041	0.1076	-0.0019	-0.0083	-0.0022	-0.0081	-0.0141	-0.0096	-0.0012	-0.0062	-0.0029	-0.0041	-0.0112	-0.0096	-0.0076	-0.0067	-0.0001	-0.0036	0.1076
228	-0.0045	-0.0016	-0.0041	0.1076	-0.0019	-0.0083	-0.0022	-0.0081	-0.0141	-0.0096	-0.0012	-0.0062	-0.0029	-0.0041	-0.0112	-0.0096	-0.0076	-0.0067	-0.0001	-0.0036	0.1076
187	-0.0045	-0.0016	-0.0041	0.1076	-0.0019	-0.0083	-0.0022	-0.0081	-0.0141	-0.0096	-0.0012	-0.0062	-0.0029	-0.0041	-0.0112	-0.0096	-0.0076	-0.0067	-0.0001	-0.0036	0.1076
131	-0.0045	-0.0016	-0.0041	0.1076	-0.0019	-0.0083	-0.0022	-0.0081	-0.0141	-0.0096	-0.0012	-0.0062	-0.0029	-0.0041	-0.0112	-0.0096	-0.0076	-0.0067	-0.0001	-0.0036	0.1076
492	-0.0045	-0.0016	-0.0041	0.1076	-0.0019	-0.0083	-0.0022	-0.0081	-0.0141	-0.0096	-0.0012	-0.0062	-0.0029	-0.0041	-0.0112	-0.0096	-0.0076	-0.0067	-0.0001	-0.0036	0.1076
97	-0.0045	-0.0016	-0.0041	0.1076	-0.0019	-0.0083	-0.0022	-0.0081	-0.0141	-0.0096	-0.0012	-0.0062	-0.0029	-0.0041	-0.0112	-0.0096	-0.0076	-0.0067	-0.0001	-0.0036	0.1076
119	-0.0045	-0.0016	-0.0041	0.1076	-0.0019	-0.0083	-0.0022	-0.0081	-0.0141	-0.0096	-0.0012	-0.0062	-0.0029	-0.0041	-0.0112	-0.0096	-0.0076	-0.0067	-0.0001	-0.0036	0.1076
116	-0.0045	-0.0016	-0.0041	0.1076	-0.0019	-0.0083	-0.0022	-0.0081	-0.0141	-0.0096	-0.0012	-0.0062	-0.0029	-0.0041	-0.0112	-0.0096	-0.0076	-0.0067	-0.0001	-0.0036	0.1076
439	-0.0045	-0.0016	-0.0041	0.1076	-0.0019	-0.0083	-0.0022	-0.0081	-0.0141	-0.0096	-0.0012	-0.0062	-0.0029	-0.0041	-0.0112	-0.0096	-0.0076	-0.0067	-0.0001	-0.0036	0.1076
416	-0.0045	-0.0016	-0.0041	0.1076	-0.0019	-0.0083	-0.0022	-0.0081	-0.0141	-0.0096	-0.0012	-0.0062	-0.0029	-0.0041	-0.0112	-0.0096	-0.0076	-0.0067	-0.0001	-0.0036	0.1076
411	-0.0045	-0.0016	-0.0041	0.1076	-0.0019	-0.0083	-0.0022	-0.0081	-0.0141	-0.0096	-0.0012	-0.0062	-0.0029	-0.0041	-0.0112	-0.0096	-0.0076	-0.0067	-0.0001	-0.0036	0.1076
115	-0.0045	-0.0016	-0.0041	0.1076	-0.0019	-0.0083	-0.0022	-0.0081	-0.0141	-0.0096	-0.0012	-0.0062	-0.0029	-0.0041	-0.0112	-0.0096	-0.0076	-0.0067	-0.0001	-0.0036	0.1076
50	-0.0045	-0.0016	-0.0041	0.1076	-0.0019	-0.0083	-0.0022	-0.0081	-0.0141	-0.0096	-0.0012	-0.0062	-0.0029	-0.0041	-0.0112	-0.0096	-0.0076	-0.0067	-0.0001	-0.0036	0.1076
481	-0.0045	-0.0016	-0.0041	0.1076	-0.0019	-0.0083	-0.0022	-0.0081	-0.0141	-0.0096	-0.0012	-0.0062	-0.0029	-0.0041	-0.0112	-0.0096	-0.0076	-0.0067	-0.0001	-0.0036	0.1076
37	-0.0045	-0.0016	-0.0041	0.1076	-0.0019	-0.0083	-0.0022	-0.0081	-0.0141	-0.0096	-0.0012	-0.0062	-0.0029	-0.0041	-0.0112	-0.0096	-0.0076	-0.0067	-0.0001	-0.0036	0.1076
371	-0.0045	-0.0016	-0.0041	0.1076	-0.0019	-0.0083	-0.0022	-0.0081	-0.0141	-0.0096	-0.0012	-0.0062	-0.0029	-0.0041	-0.0112	-0.0096	-0.0076	-0.0067	-0.0001	-0.0036	0.1076
69	-0.0043	-0.0017	-0.0053	-0.0068	-0.0017	0.1038	-0.0020	-0.0079	-0.0090	-0.0093	-0.0010	-0.0059	-0.0027	-0.0035	-0.0134	-0.0117	-0.0074	-0.0065	-0.0002	-0.0034	0.1038
375	-0.0043	-0.0019	-0.0070	-0.0052	-0.0017	0.1037	-0.0020	-0.0079	-0.0090	-0.0093	-0.0010	-0.0060	-0.0027	-0.0036	-0.0115	-0.0135	-0.0074	-0.0065	0.0001	-0.0034	0.1037
22	-0.0043	-0.0019	-0.0072	-0.0050	-0.0017	0.1037	-0.0020	-0.0079	-0.0090	-0.0093	-0.0010	-0.0059	-0.0027	-0.0035	-0.0113	-0.0138	-0.0074	-0.0065	0.0000	-0.0034	0.1037
365	-0.0043	-0.0019	-0.0072	-0.0050	-0.0017	0.1037	-0.0020	-0.0079	-0.0090	-0.0093	-0.0010	-0.0059	-0.0027	-0.0035	-0.0113	-0.0138	-0.0074	-0.0065	0.0000	-0.0034	0.1037
350	-0.0043	-0.0019	-0.0072	-0.0050	-0.0017	0.1037	-0.0020	-0.0079	-0.0090	-0.0093	-0.0010	-0.0059	-0.0027	-0.0035	-0.0113	-0.0138	-0.0074	-0.0065	0.0000	-0.0034	0.1037
343	-0.0043	-0.0019	-0.0072	-0.0050	-0.0017	0.1037	-0.0020	-0.0079	-0.0090	-0.0093	-0.0010	-0.0059	-0.0027	-0.0035	-0.0113	-0.0138	-0.0074	-0.0065	0.0000	-0.0034	0.1037
171	-0.0043	-0.0019	-0.0072	-0.0050	-0.0017	0.1037	-0.0020	-0.0079	-0.0090	-0.0093	-0.0010	-0.0059	-0.0027	-0.0035	-0.0113	-0.0138	-0.0074	-0.0065	0.0000	-0.0034	0.1037
409	-0.0043	-0.0019	-0.0072	-0.0050	-0.0017	0.1037	-0.0020	-0.0079	-0.0090	-0.0093	-0.0010	-0.0059	-0.0027	-0.0035	-0.0113	-0.0138	-0.0074	-0.0065	0.0000	-0.0034	0.1037
275	-0.0043	-0.0019	-0.0072	-0.0050	-0.0017	0.1037	-0.0020	-0.0079	-0.0090	-0.0093	-0.0010	-0.0059	-0.0027	-0.0035	-0.0113	-0.0137	-0.0074	-0.0065	0.0000	-0.0034	0.1037
193	-0.0043	-0.0019	-0.0072	-0.0050	-0.0017	0.1037	-0.0020	-0.0079	-0.0090	-0.0093	-0.0010	-0.0059	-0.0027	-0.0035	-0.0114	-0.0137	-0.0074	-0.0065	0.0000	-0.0034	0.1037
556	-0.0042	-0.0014	-0.0030	-0.0091	-0.0016	0.1035	-0.0020	-0.0078	-0.0090	-0.0093	-0.0009	-0.0059	-0.0027	-0.0035	-0.0163	-0.0093	-0.0073	-0.0065	-0.0004	-0.0033	0.1035
546	-0.0042	-0.0014	-0.0030	-0.0091	-0.0016	0.1035	-0.0020	-0.0078	-0.0090	-0.0093	-0.0009	-0.0059	-0.0027	-0.0035	-0.0163	-0.0093	-0.0073	-0.0065	-0.0004	-0.0033	0.1035
478	-0.0042	-0.0014	-0.0030	-0.0091	-0.0016	0.1035	-0.0020	-0.0078	-0.0090	-0.0093	-0.0009	-0.0059	-0.0027	-0.0035	-0.0163	-0.0093	-0.0073	-0.0065	-0.0004	-0.0033	0.1035
389	-0.0042	-0.0014	-0.0030	-0.0091	-0.0016	0.1035	-0.0020	-0.0078	-0.0090	-0.0093	-0.0009	-0.0059	-0.0027	-0.0035	-0.0163	-0.0093	-0.0073	-0.0065	-0.0004	-0.0033	0.1035
354	-0.0042	-0.0014	-0.0030	-0.0091	-0.0016	0.1035	-0.0020	-0.0078	-0.0090	-0.0093	-0.0009	-0.0059	-0.0027	-0.0035	-0.0163	-0.0093	-0.0073	-0.0065	-0.0004	-0.0033	0.1035
109	-0.0042	-0.0014	-0.0030	-0.0091	-0.0016	0.1033	-0.0020	-0.0078	-0.0090	-0.0093	-0.0009	-0.0059	-0.0027	-0.0035	-0.0163	-0.0093	-0.0073	-0.0065	-0.0003	-0.0033	0.1033
355	-0.0042	-0.0014	-0.0030	-0.0091	-0.0016	0.1032	-0.0020	-0.0078	-0.0090	-0.0093	-0.0009	-0.0059	-0.0027	-0.0035	-0.0163	-0.0093	-0.0073	-0.0065	-0.0002	-0.0033	0.1032
240	-0.0042	-0.0014	-0.0030	-0.0091	-0.0016	0.1032	-0.0020	-0.0078	-0.0090	-0.0093	-0.0009	-0.0059	-0.0027	-0.0035	-0.0163	-0.0093	-0.0073	-0.0065	-0.0002	-0.0033	0.1032
277	-0.0042	-0.0014	-0.0030	-0.0091	-0.0016	0.1032	-0.0020	-0.0078	-0.0090	-0.0093	-0.0009	-0.0059	-0.0027	-0.0035	-0.0163	-0.0093	-0.0073	-0.0065	-0.0002	-0.0033	0.1032
362	-0.0042	-0.0015	-0.0036	-0.0085	-0.0016	0.1031	-0.0020	-0.0078	-0.0090	-0.0093	-0.0009	-0.0059	-0.0027	-0.0035	-0.0155	-0.0099	-0.0074	-0.0065	0.0000	-0.0033	0.1031
55	-0.0042	-0.0014	-0.0030	-0.0091	-0.0016	0.1030	-0.0020	-0.0078	-0.0090	-0.0093	-0.0009	-0.0059	-0.0027	-0.0035	-0.0163	-0.0093	-0.0073	-0.0065	-0.0000	-0.0033	0.1030
429	-0.0042	-0.0014	-0.0030	-0.0091	-0.0016	0.1030	-0.0020	-0.0078	-0.0090	-0.0093	-0.0009	-0.0059	-0.0027	-0.0035	-0.0163	-0.0093	-0.0073	-0.0065	-0.0000	-0.0033	0.1030
524	-0.0042	-0.0014	-0.0030	-0.0091	-0.0016	0.1030	-0.0020	-0.0078	-0.0090	-0.0093	-0.0009	-0.0059	-0.0027	-0.0035	-0.0163	-0.0093	-0.0073	-0.0065	-0.0000	-0.0033	0.1030
476	-0.0042	-0.0014	-0.0030	-0.0091	-0.0016	0.1030	-0.0020	-0.0078	-0.0090	-0.0093	-0.0009	-0.0059	-0.0027	-0.0035	-0.0163	-0.0093	-0.0073	-0.0065	0.0000	-0.0033	0.1030
104	-0.0042	-0.0014	-0.0030	-0.0091	-0.0016	0.1029	-0.0019	-0.0078	-0.0090	-0.0093	-0.0009	-0.0059	-0.0027	-0.0035	-0.0163	-0.0093	-0.0073	-0.0065	0.0001	-0.0033	0.1030
358	-0.0042	-0.0014	-0.0030	-0.0091	-0.0016	0.1029	-0.0019	-0.0078	-0.0090	-0.0093	-0.0009	-0.0059	-0.0027	-0.0035	-0.0163	-0.0093	-0.0073	-0.0065	0.0001	-0.0033	0.1030
75	-0.0042	-0.0014	-0.0030	-0.0091	-0.0016	0.1029	-0.0019	-0.0078	-0.0090	-0.0093	-0.0009	-0.0059	-0.0027	-0.0035	-0.0163	-0.0093	-0.0073	-0.0065	0.0001	-0.0033	0.1030
261	-0.0042	-0.0014	-0.0030	-0.0091	-0.0016	0.1029	-0.0019	-0.0078	-0.0090	-0.0093	-0.0009	-0.0059	-0.0027	-0.0035	-0.0163	-0.0093	-0.0073	-0.0065	0.0001	-0.0033	0.1030
279	-0.0042	-0.0014	-0.0030	-0.0091	-0.0016	0.1029	-0.0019	-0.0078	-0.0090	-0.0093	-0.0009	-0.0059	-0.0027	-0.0035	-0.0163	-0.0093	-0.0073	-0.0065	0.0001	-0.0033	0.1030
346	-0.0042	-0.0014	-0.0030	-0.0091	-0.0016	0.1029	-0.0019	-0.0078	-0.0090	-0.0093	-0.0009	-0.0059	-0.0027	-0.0035	-0.0163	-0.0093	-0.0073	-0.0065	0.0001	-0.0033	0.1030
497	-0.0042	-0.0014	-0.0030	-0.0091	-0.0016	0.1029	-0.0019	-0.0078	-0.0090	-0.0093	-0.0009	-0.0059	-0.0027	-0.0035	-0.0163	-0.0093	-0.0073	-0.0065	0.0001	-0.0033	0.1030
79	-0.0042	-0.0014	-0.0030	-0.0091	-0.0016	0.1029	-0.0019	-0.0078	-0.0090	-0.0093	-0.0009	-0.0059	-0.0027	-0.0035	-0.0163	-0.0093	-0.0073	-0.0065	0.0001	-0.0033	0.1030
62	-0.0042	-0.0014	-0.0030	-0.0091	-0.0016	0.1029	-0.0019	-0.0078	-0.0090	-0.0093	-0.0009	-0.0059	-0.0027	-0.0035	-0.0163	-0.0093	-0.0073	-0.0065	0.0001	-0.0033	0.1030
517	-0.0042	-0.0014	-0.0030	-0.0091	-0.0016	0.1029	-0.0019	-0.0078	-0.0090	-0.0093	-0.0009	-0.0059	-0.0027	-0.0035	-0.0163	-0.0093	-0.0073	-0.0065	0.0001	-0.0033	0.1030
373	-0.0042	-0.0014	-0.0030	-0.0091	-0.0016	0.1029	-0.0019	-0.0078	-0.0090	-0.0093	-0.0009	-0.0059	-0.0027	-0.0035	-0.0163	-0.0093	-0.0073	-0.0065	0.0001	-0.0033	0.1030
332	-0.0042	-0.0014	-0.0030	-0.0091	-0.0016	0.1029	-0.0019	-0.0078	-0.0090	-0.0093	-0.0009	-0.0059	-0.0027	-0.0035	-0.0163	-0.0093	-0.0073	-0.0065	0.0001	-0.0033	0.1030
316	-0.0042	-0.0014	-0.0030	-0.0091	-0.0016	0.1029	-0.0019	-0.0078	-0.0090	-0.0093	-0.0009	-0.0059	-0.0027	-0.0035	-0.0163	-0.0093	-0.0073	-0.0065	0.0001	-0.0033	0.1030
299	-0.0042	-0.0014	-0.0030	-0.0091	-0.0016	0.1029	-0.0019	-0.0078	-0.0090	-0.0093	-0.0009	-0.0059	-0.0027	-0.0035	-0.0163	-0.0093	-0.0073	-0.0065	0.0001	-0.0033	0.1030
146	-0.0042	-0.0014	-0.0030	-0.0091	-0.0016	0.1029	-0.0019	-0.0078	-0.0090	-0.0093	-0.0009	-0.0059	-0.0027	-0.0035	-0.0163	-0.0093	-0.0073	-0.0065	0.0001	-0.0033	0.1030
397	-0.0067	-0.0012	-0.0032	-0.0053	-0.0017	-0.0059	-0.0018	0.1019	-0.0086	-0.0099	-0.0010	-0.0055	-0.0024	-0.0032	-0.0103	-0.0088	-0.0071	-0.0164	0.0002	-0.0031	0.1021
470	-0.0040	-0.0015	-0.0057	-0.0050	-0.0017	-0.0056	-0.0024	-0.0083	-0.0104	-0.0092	-0.0010	0.1017	-0.0027	-0.0036	-0.0108	-0.0121	-0.0077	-0.0061	0.0000	-0.0039	0.1017
456	-0.0040	-0.0015	-0.0057	-0.0050	-0.0017	-0.0056	-0.0024	-0.0083	-0.0104	-0.0092	-0.0010	0.1017	-0.0027	-0.0036	-0.0108	-0.0121	-0.0077	-0.0061	0.0000	-0.0039	0.1017
437	-0.0040	-0.0015	-0.0057	-0.0050	-0.0017	-0.0056	-0.0024	-0.0083	-0.0104	-0.0092	-0.0010	0.1017	-0.0027	-0.0036	-0.0108	-0.0121	-0.0077	-0.0061	0.0000	-0.0039	0.1017
423	-0.0040	-0.0015	-0.0057	-0.0050	-0.0017	-0.0056	-0.0024	-0.0083	-0.0104	-0.0092	-0.0010	0.1017	-0.0027	-0.0036	-0.0108	-0.0121	-0.0077	-0.0061	0.0000	-0.0039	0.1017
262	-0.0040	-0.0015	-0.0057	-0.0050	-0.0017	-0.0056	-0.0024	-0.0083	-0.0104	-0.0092	-0.0010	0.1017	-0.0027	-0.0036	-0.0108	-0.0121	-0.0077	-0.0061	0.0000	-0.0039	0.1017
370	-0.0040	-0.0015	-0.0057	-0.0050	-0.0017	-0.0056	-0.0024	-0.0083	-0.0104	-0.0092	-0.0010	0.1017	-0.0027	-0.0036	-0.0108	-0.0121	-0.0077	-0.0061	0.0000	-0.0039	0.1017
27	-0.0040	-0.0015	-0.0057	-0.0050	-0.0017	-0.0056	-0.0024	-0.0083	-0.0104	-0.0092	-0.0010	0.1017	-0.0027	-0.0036	-0.0108	-0.0121	-0.0077	-0.0061	0.0000	-0.0039	0.1017
395	-0.0040	-0.0015	-0.0057	-0.0050	-0.0017	-0.0056	-0.0024	-0.0083	-0.0104	-0.0092	-0.0010	0.1017	-0.0027	-0.0036	-0.0108	-0.0121	-0.0077	-0.0061	0.0000	-0.0039	0.1017
284	-0.0040	-0.0015	-0.0057	-0.0050	-0.0017	-0.0056	-0.0024	-0.0083	-0.0104	-0.0092	-0.0010	0.1017	-0.0027	-0.0036	-0.0108	-0.0121	-0.0077	-0.0061	0.0000	-0.0039	0.1017
80	-0.0040	-0.0015	-0.0057	-0.0050	-0.0017	-0.0056	-0.0024	-0.0083	-0.0104	-0.0092	-0.0010	0.1017	-0.0027	-0.0036	-0.0108	-0.0121	-0.0077	-0.0061	0.0000	-0.0039	0.1017
309	-0.0040	-0.0015	-0.0057	-0.0050	-0.0017	-0.0056	-0.0024	-0.0083	-0.0104	-0.0092	-0.0010	0.1017	-0.0027	-0.0036	-0.0108	-0.0121	-0.0077	-0.0061	0.0000	-0.0039	0.1017
54	-0.0040	-0.0015	-0.0057	-0.0050	-0.0017	-0.0056	-0.0024	-0.0083	-0.0104	-0.0092	-0.0010	0.1017	-0.0027	-0.0036	-0.0108	-0.0121	-0.0077	-0.0061	0.0000	-0.0039	0.1017
459	-0.0040	-0.0015	-0.0057	-0.0050	-0.0017	-0.0056	-0.0024	-0.0083	-0.0104	-0.0092	-0.0010	0.1017	-0.0027	-0.0036	-0.0108	-0.0121	-0.0077	-0.0061	0.0000	-0.0039	0.1017
39	-0.0040	-0.0015	-0.0057	-0.0050	-0.0017	-0.0056	-0.0024	-0.0083	-0.0104	-0.0092	-0.0010	0.1017	-0.0027	-0.0036	-0.0108	-0.0121	-0.0077	-0.0061	0.0000	-0.0039	0.1017
161	-0.0038	-0.0014	-0.0029	-0.0055	-0.0016	-0.0086	-0.0019	-0.0083	0.1017	-0.0089	-0.0010	-0.0059	-0.0026	-0.0035	-0.0192	-0.0100	-0.0076	-0.0058	0.0000	-0.0032	0.1017
511	-0.0040	-0.0015	-0.0057	-0.0050	-0.0017	-0.0055	-0.0024	-0.0084	-0.0104	-0.0093	-0.0010	0.1017	-0.0027	-0.0035	-0.0109	-0.0120	-0.0078	-0.0060	0.0000	-0.0039	0.1017
47	-0.0040	-0.0015	-0.0057	-0.0050	-0.0017	-0.0055	-0.0024	-0.0084	-0.0104	-0.0093	-0.0010	0.1017	-0.0027	-0.0035	-0.0109	-0.0120	-0.0078	-0.0060	0.0000	-0.0039	0.1017
413	-0.0040	-0.0015	-0.0057	-0.0050	-0.0017	-0.0055	-0.0024	-0.0084	-0.0104	-0.0093	-0.0010	0.1017	-0.0027	-0.0035	-0.0109	-0.0120	-0.0078	-0.0060	0.0000	-0.0039	0.1017
402	-0.0040	-0.0015	-0.0057	-0.0050	-0.0017	-0.0055	-0.0024	-0.0084	-0.0104	-0.0093	-0.0010	0.1017	-0.0027	-0.0035	-0.0109	-0.0120	-0.0078	-0.0060	0.0000	-0.0039	0.1017
335	-0.0040	-0.0015	-0.0057	-0.0050	-0.0017	-0.0055	-0.0024	-0.0084	-0.0104	-0.0093	-0.0010	0.1017	-0.0027	-0.0035	-0.0109	-0.0120	-0.0078	-0.0060	0.0000	-0.0039	0.1017
302	-0.0040	-0.0015	-0.0057	-0.0050	-0.0017	-0.0055	-0.0024	-0.0084	-0.0104	-0.0093	-0.0010	0.1017	-0.0027	-0.0035	-0.0109	-0.0120	-0.0078	-0.0060	0.0000	-0.0039	0.1017
26	-0.0040	-0.0015	-0.0057	-0.0050	-0.0017	-0.0055	-0.0024	-0.0084	-0.0104	-0.0093	-0.0010	0.1017	-0.0027	-0.0035	-0.0109	-0.0120	-0.0078	-0.0060	0.0000	-0.0039	0.1017
199	-0.0040	-0.0015	-0.0057	-0.0050	-0.0017	-0.0055	-0.0024	-0.0084	-0.0104	-0.0093	-0.0010	0.1017	-0.0027	-0.0035	-0.0109	-0.0120	-0.0078	-0.0060	0.0000	-0.0039	0.1017
182	-0.0040	-0.0015	-0.0057	-0.0050	-0.0017	-0.0055	-0.0024	-0.0084	-0.0104	-0.0093	-0.0010	0.1017	-0.0027	-0.0035	-0.0109	-0.0120	-0.0078	-0.0060	0.0000	-0.0039	0.1017
555	-0.0040	-0.0015	-0.0057	-0.0050	-0.0017	-0.0055	-0.0024	-0.0084	-0.0104	-0.0093	-0.0010	0.1017	-0.0027	-0.0035	-0.0109	-0.0120	-0.0078	-0.0060	0.0000	-0.0039	0.1017
496	-0.0040	-0.0015	-0.0057	-0.0050	-0.0017	-0.0055	-0.0024	-0.0084	-0.0104	-0.0093	-0.0010	0.1017	-0.0027	-0.0035	-0.0109	-0.0120	-0.0078	-0.0060	0.0000	-0.0039	0.1017
471	-0.0040	-0.0015	-0.0057	-0.0050	-0.0017	-0.0055	-0.0024	-0.0084	-0.0104	-0.0093	-0.0010	0.1017	-0.0027	-0.0035	-0.0109	-0.0120	-0.0078	-0.0060	0.0000	-0.0039	0.1017
446	-0.0040	-0.0015	-0.0057	-0.0050	-0.0017	-0.0055	-0.0024	-0.0084	-0.0104	-0.0093	-0.0010	0.1017	-0.0027	-0.0035	-0.0109	-0.0120	-0.0078	-0.0060	0.0000	-0.0039	0.1017
211	-0.0040	-0.0015	-0.0057	-0.0050	-0.0017	-0.0055	-0.0024	-0.0084	-0.0104	-0.0093	-0.0010	0.1017	-0.0027	-0.0035	-0.0109	-0.0120	-0.0078	-0.0060	0.0000	-0.0039	0.1017
162	-0.0040	-0.0015	-0.0057	-0.0050	-0.0017	-0.0055	-0.0024	-0.0084	-0.0104	-0.0093	-0.0010	0.1017	-0.0027	-0.0035	-0.0109	-0.0120	-0.0078	-0.0060	0.0000	-0.0039	0.1017
103	-0.0040	-0.0015	-0.0057	-0.0050	-0.0017	-0.0055	-0.0024	-0.0084	-0.0104	-0.0093	-0.0010	0.1017	-0.0027	-0.0035	-0.0109	-0.0120	-0.0078	-0.0060	0.0000	-0.0039	0.1017
392	-0.0040	-0.0015	-0.0057	-0.0050	-0.0017	-0.0055	-0.0024	-0.0084	-0.0104	-0.0093	-0.0010	0.1017	-0.0027	-0.0035	-0.0109	-0.0120	-0.0078	-0.0060	0.0000	-0.0039	0.1017
200	-0.0039	-0.0013	-0.0029	-0.0050	-0.0015	-0.0056	-0.0018	0.0129	-0.0105	-0.0108	0.0872	-0.0060	-0.0026	-0.0034	-0.0120	-0.0096	-0.0105	-0.0097	0.0003	-0.0033	0.1005
239	-0.0370	0.0004	-0.0020	0.0351	0.0002	-0.0061	-0.0002	-0.0059	-0.0114	-0.0077	0.0008	-0.0040	0.0321	-0.0021	-0.0089	0.0293	-0.0073	-0.0056	0.0019	-0.0015	0.0997
286	-0.0049	-0.0017	-0.0033	-0.0053	-0.0019	-0.0059	-0.0023	-0.0083	-0.0096	-0.0137	-0.0012	-0.0063	0.0908	-0.0041	-0.0116	0.0088	-0.0089	-0.0064	-0.0003	-0.0037	0.0996
154	0.0376	0.0007	-0.0024	-0.0075	0.0004	-0.0036	-0.0001	-0.0061	-0.0343	-0.0073	0.0008	0.0576	-0.0007	-0.0017	-0.0109	-0.0089	-0.0094	-0.0046	0.0022	-0.0016	0.0993
190	-0.0057	-0.0014	-0.0030	-0.0056	-0.0016	-0.0059	-0.0019	-0.0109	-0.0089	-0.0100	-0.0019	-0.0058	-0.0026	-0.0035	-0.0107	-0.0091	-0.0073	0.0989	0.0001	-0.0033	0.0991
147	-0.0057	-0.0014	-0.0030	-0.0056	-0.0016	-0.0059	-0.0019	-0.0112	-0.0089	-0.0100	-0.0016	-0.0058	-0.0026	-0.0035	-0.0107	-0.0091	-0.0073	0.0989	0.0002	-0.0033	0.0991
216	-0.0057	-0.0013	-0.0030	-0.0056	-0.0016	-0.0059	-0.0019	-0.0116	-0.0088	-0.0100	-0.0012	-0.0058	-0.0026	-0.0035	-0.0107	-0.0091	-0.0073	0.0989	0.0002	-0.0033	0.0990
183	-0.0030	-0.0004	0.0681	-0.0041	-0.0007	-0.0046	-0.0017	-0.0078	0.0298	-0.0083	0.0000	-0.0252	-0.0017	-0.0025	-0.0100	-0.0136	-0.0071	-0.0051	0.0011	-0.0033	0.0990
235	-0.0057	-0.0013	-0.0030	-0.0056	-0.0016	-0.0059	-0.0019	-0.0119	-0.0088	-0.0100	-0.0011	-0.0058	-0.0026	-0.0035	-0.0107	-0.0091	-0.0073	0.0988	0.0002	-0.0033	0.0990
464	-0.0057	-0.0013	-0.0030	-0.0056	-0.0016	-0.0059	-0.0019	-0.0119	-0.0088	-0.0100	-0.0010	-0.0058	-0.0026	-0.0035	-0.0107	-0.0091	-0.0073	0.0988	0.0002	-0.0033	0.0990
494	-0.0058	-0.0014	-0.0030	-0.0056	-0.0016	-0.0059	-0.0019	-0.0098	-0.0089	-0.0100	-0.0029	-0.0058	-0.0026	-0.0034	-0.0107	-0.0091	-0.0073	0.0989	0.0001	-0.0033	0.0990
408	-0.0058	-0.0014	-0.0030	-0.0056	-0.0016	-0.0059	-0.0019	-0.0083	-0.0089	-0.0100	-0.0043	-0.0058	-0.0026	-0.0034	-0.0107	-0.0091	-0.0073	0.0989	0.0001	-0.0033	0.0990
457	-0.0058	-0.0014	-0.0030	-0.0056	-0.0016	-0.0059	-0.0019	-0.0077	-0.0089	-0.0100	-0.0049	-0.0058	-0.0026	-0.0034	-0.0107	-0.0091	-0.0072	0.0989	0.0001	-0.0033	0.0990
42	-0.0058	-0.0014	-0.0030	-0.0056	-0.0016	-0.0059	-0.0019	-0.0077	-0.0089	-0.0100	-0.0049	-0.0058	-0.0026	-0.0034	-0.0107	-0.0091	-0.0072	0.0989	0.0001	-0.0033	0.0990
394	-0.0058	-0.0014	-0.0030	-0.0056	-0.0016	-0.0059	-0.0019	-0.0077	-0.0089	-0.0100	-0.0049	-0.0058	-0.0026	-0.0034	-0.0107	-0.0091	-0.0072	0.0989	0.0001	-0.0033	0.0990
322	-0.0057	-0.0013	-0.0037	-0.0049	-0.0021	-0.0059	-0.0019	-0.0120	-0.0088	-0.0095	-0.0009	-0.0058	-0.0026	-0.0035	-0.0106	-0.0091	-0.0073	0.0988	0.0002	-0.0033	0.0990
518	-0.0058	-0.0014	-0.0030	-0.0056	-0.0016	-0.0059	-0.0019	-0.0079	-0.0089	-0.0100	-0.0048	-0.0058	-0.0026	-0.0034	-0.0107	-0.0091	-0.0073	0.0989	0.0001	-0.0033	0.0990
40	-0.0058	-0.0014	-0.0030	-0.0056	-0.0016	-0.0059	-0.0019	-0.0078	-0.0089	-0.0100	-0.0048	-0.0058	-0.0026	-0.0034	-0.0107	-0.0091	-0.0073	0.0989	0.0001	-0.0033	0.0990
35	-0.0057	-0.0014	-0.0029	-0.0056	-0.0016	-0.0059	-0.0019	-0.0120	-0.0089	-0.0100	-0.0009	-0.0058	-0.0026	-0.0034	-0.0107	-0.0091	-0.0072	0.0988	0.0001	-0.0033	0.0989
124	-0.0057	-0.0014	-0.0029	-0.0056	-0.0016	-0.0059	-0.0019	-0.0120	-0.0089	-0.0100	-0.0009	-0.0058	-0.0026	-0.0034	-0.0107	-0.0091	-0.0072	0.0988	0.0001	-0.0033	0.0989
442	-0.0057	-0.0014	-0.0037	-0.0049	-0.0021	-0.0059	-0.0019	-0.0120	-0.0089	-0.0095	-0.0009	-0.0058	-0.0026	-0.0034	-0.0107	-0.0091	-0.0072	0.0988	0.0001	-0.0033	0.0989
426	-0.0057	-0.0014	-0.0037	-0.0049	-0.0021	-0.0059	-0.0019	-0.0120	-0.0089	-0.0095	-0.0009	-0.0058	-0.0026	-0.0034	-0.0107	-0.0091	-0.0072	0.0988	0.0001	-0.0033	0.0989
32	-0.0057	-0.0014	-0.0037	-0.0049	-0.0021	-0.0059	-0.0019	-0.0120	-0.0089	-0.0095	-0.0009	-0.0058	-0.0026	-0.0034	-0.0107	-0.0091	-0.0072	0.0988	0.0001	-0.0033	0.0989
543	-0.0057	-0.0014	-0.0037	-0.0049	-0.0021	-0.0059	-0.0019	-0.0120	-0.0089	-0.0095	-0.0009	-0.0058	-0.0026	-0.0034	-0.0107	-0.0091	-0.0072	0.0988	0.0001	-0.0033	0.0989
535	-0.0057	-0.0014	-0.0037	-0.0049	-0.0021	-0.0059	-0.0019	-0.0120	-0.0089	-0.0095	-0.0009	-0.0058	-0.0026	-0.0034	-0.0107	-0.0091	-0.0072	0.0988	0.0001	-0.0033	0.0989
525	-0.0057	-0.0014	-0.0037	-0.0049	-0.0021	-0.0059	-0.0019	-0.0120	-0.0089	-0.0095	-0.0009	-0.0058	-0.0026	-0.0034	-0.0107	-0.0091	-0.0072	0.0988	0.0001	-0.0033	0.0989
188	-0.0057	-0.0014	-0.0037	-0.0049	-0.0021	-0.0059	-0.0019	-0.0120	-0.0089	-0.0095	-0.0009	-0.0058	-0.0026	-0.0034	-0.0107	-0.0091	-0.0072	0.0988	0.0001	-0.0033	0.0989
498	-0.0063	-0.0014	-0.0029	-0.0048	-0.0016	-0.0053	-0.0019	-0.0104	-0.0088	-0.0090	-0.0009	-0.0065	-0.0030	-0.0034	-0.0105	-0.0100	0.0959	-0.0058	0.0001	-0.0033	0.0960
449	-0.0063	-0.0014	-0.0029	-0.0048	-0.0016	-0.0053	-0.0019	-0.0104	-0.0088	-0.0090	-0.0009	-0.0065	-0.0030	-0.0034	-0.0105	-0.0100	0.0959	-0.0058	0.0001	-0.0033	0.0960
403	-0.0063	-0.0014	-0.0029	-0.0048	-0.0016	-0.0053	-0.0019	-0.0104	-0.0088	-0.0090	-0.0009	-0.0065	-0.0030	-0.0034	-0.0105	-0.0100	0.0959	-0.0058	0.0001	-0.0033	0.0960
357	-0.0063	-0.0014	-0.0029	-0.0048	-0.0016	-0.0053	-0.0019	-0.0104	-0.0088	-0.0090	-0.0009	-0.0065	-0.0030	-0.0034	-0.0105	-0.0100	0.0959	-0.0058	0.0001	-0.0033	0.0960
31	-0.0063	-0.0014	-0.0029	-0.0048	-0.0016	-0.0053	-0.0019	-0.0104	-0.0088	-0.0090	-0.0009	-0.0065	-0.0030	-0.0034	-0.0105	-0.0100	0.0959	-0.0058	0.0001	-0.0033	0.0960
247	-0.0063	-0.0014	-0.0029	-0.0048	-0.0016	-0.0053	-0.0019	-0.0104	-0.0088	-0.0090	-0.0009	-0.0065	-0.0030	-0.0034	-0.0105	-0.0100	0.0959	-0.0058	0.0001	-0.0033	0.0960
226	-0.0063	-0.0014	-0.0029	-0.0048	-0.0016	-0.0053	-0.0019	-0.0104	-0.0088	-0.0090	-0.0009	-0.0065	-0.0030	-0.0034	-0.0105	-0.0100	0.0959	-0.0058	0.0001	-0.0033	0.0960
29	-0.0063	-0.0014	-0.0029	-0.0048	-0.0016	-0.0053	-0.0019	-0.0104	-0.0088	-0.0090	-0.0009	-0.0065	-0.0030	-0.0034	-0.0105	-0.0100	0.0959	-0.0058	0.0001	-0.0033	0.0960
534	-0.0063	-0.0014	-0.0029	-0.0048	-0.0016	-0.0053	-0.0019	-0.0104	-0.0089	-0.0090	-0.0009	-0.0064	-0.0030	-0.0034	-0.0106	-0.0100	0.0959	-0.0058	0.0001	-0.0033	0.0960
167	-0.0063	-0.0014	-0.0029	-0.0048	-0.0016	-0.0053	-0.0019	-0.0076	-0.0096	-0.0090	-0.0036	-0.0057	-0.0030	-0.0034	-0.0111	-0.0095	0.0959	-0.0058	0.0000	-0.0033	0.0960
435	-0.0063	-0.0014	-0.0029	-0.0048	-0.0016	-0.0053	-0.0019	-0.0104	-0.0096	-0.0090	-0.0010	-0.0057	-0.0030	-0.0034	-0.0111	-0.0095	0.0959	-0.0058	0.0001	-0.0033	0.0960
18	-0.0063	-0.0014	-0.0029	-0.0048	-0.0016	-0.0053	-0.0019	-0.0104	-0.0096	-0.0090	-0.0010	-0.0057	-0.0030	-0.0034	-0.0111	-0.0095	0.0959	-0.0058	0.0001	-0.0033	0.0960
34	-0.0063	-0.0014	-0.0029	-0.0048	-0.0016	-0.0053	-0.0019	-0.0104	-0.0096	-0.0090	-0.0009	-0.0057	-0.0030	-0.0034	-0.0111	-0.0095	0.0959	-0.0058	0.0001	-0.0033	0.0959
43	-0.0063	-0.0014	-0.0029	-0.0048	-0.0016	-0.0053	-0.0019	-0.0104	-0.0096	-0.0090	-0.0009	-0.0057	-0.0030	-0.0034	-0.0111	-0.0095	0.0959	-0.0058	0.0001	-0.0033	0.0959
41	-0.0063	-0.0014	-0.0029	-0.0048	-0.0016	-0.0053	-0.0019	-0.0104	-0.0096	-0.0090	-0.0009	-0.0057	-0.0030	-0.0034	-0.0111	-0.0095	0.0959	-0.0058	0.0001	-0.0033	0.0959
406	-0.0063	-0.0014	-0.0029	-0.0048	-0.0016	-0.0053	-0.0019	-0.0104	-0.0096	-0.0090	-0.0009	-0.0057	-0.0030	-0.0034	-0.0111	-0.0095	0.0959	-0.0058	0.0001	-0.0033	0.0959
391	-0.0063	-0.0014	-0.0029	-0.0048	-0.0016	-0.0053	-0.0019	-0.0104	-0.0096	-0.0090	-0.0009	-0.0057	-0.0030	-0.0034	-0.0111	-0.0095	0.0959	-0.0058	0.0001	-0.0033	0.0959
383	-0.0063	-0.0014	-0.0029	-0.0048	-0.0016	-0.0053	-0.0019	-0.0104	-0.0096	-0.0090	-0.0009	-0.0057	-0.0030	-0.0034	-0.0111	-0.0095	0.0959	-0.0058	0.0001	-0.0033	0.0959
331	-0.0063	-0.0014	-0.0029	-0.0048	-0.0016	-0.0053	-0.0019	-0.0104	-0.0096	-0.0090	-0.0009	-0.0057	-0.0030	-0.0034	-0.0111	-0.0095	0.0959	-0.0058	0.0001	-0.0033	0.0959
314	-0.0063	-0.0014	-0.0029	-0.0048	-0.0016	-0.0053	-0.0019	-0.0104	-0.0096	-0.0090	-0.0009	-0.0057	-0.0030	-0.0034	-0.0111	-0.0095	0.0959	-0.0058	0.0001	-0.0033	0.0959
296	-0.0063	-0.0014	-0.0029	-0.0048	-0.0016	-0.0053	-0.0019	-0.0104	-0.0096	-0.0090	-0.0009	-0.0057	-0.0030	-0.0034	-0.0111	-0.0095	0.0959	-0.0058	0.0001	-0.0033	0.0959
14	-0.0063	-0.0014	-0.0029	-0.0048	-0.0016	-0.0053	-0.0019	-0.0104	-0.0096	-0.0090	-0.0009	-0.0057	-0.0030	-0.0034	-0.0111	-0.0095	0.0959	-0.0058	0.0001	-0.0033	0.0959
202	-0.0024	0.0009	-0.0410	0.0249	0.0007	-0.0099	-0.0005	-0.0054	-0.0065	-0.0067	0.0014	0.0419	-0.0003	-0.0011	-0.0083	-0.0067	-0.0049	0.0236	0.0024	-0.0021	0.0958
360	-0.0034	-0.0003	-0.0019	-0.0041	-0.0006	-0.0046	-0.0009	-0.0216	-0.0091	-0.0097	0.0308	-0.0049	-0.0016	-0.0024	-0.0106	-0.0083	-0.0091	0.0634	0.0012	-0.0023	0.0955
458	-0.0038	-0.0015	-0.0030	-0.0075	-0.0017	-0.0053	-0.0020	-0.0076	0.0953	-0.0089	-0.0015	-0.0066	-0.0027	-0.0038	-0.0135	-0.0089	-0.0075	-0.0058	-0.0001	-0.0033	0.0953
393	-0.0038	-0.0015	-0.0030	-0.0075	-0.0017	-0.0053	-0.0020	-0.0076	0.0953	-0.0089	-0.0015	-0.0066	-0.0027	-0.0038	-0.0135	-0.0089	-0.0075	-0.0058	-0.0001	-0.0033	0.0953
38	-0.0038	-0.0015	-0.0030	-0.0075	-0.0017	-0.0053	-0.0020	-0.0076	0.0953	-0.0089	-0.0015	-0.0066	-0.0027	-0.0038	-0.0135	-0.0089	-0.0075	-0.0058	-0.0001	-0.0033	0.0953
293	-0.0038	-0.0015	-0.0030	-0.0075	-0.0017	-0.0053	-0.0020	-0.0076	0.0953	-0.0089	-0.0015	-0.0066	-0.0027	-0.0038	-0.0135	-0.0089	-0.0075	-0.0058	-0.0001	-0.0033	0.0953
485	-0.0038	-0.0015	-0.0030	-0.0075	-0.0017	-0.0053	-0.0020	-0.0076	0.0953	-0.0089	-0.0015	-0.0066	-0.0027	-0.0038	-0.0135	-0.0089	-0.0075	-0.0058	-0.0001	-0.0033	0.0953
509	-0.0038	-0.0015	-0.0030	-0.0075	-0.0017	-0.0053	-0.0020	-0.0076	0.0953	-0.0089	-0.0015	-0.0066	-0.0027	-0.0038	-0.0135	-0.0089	-0.0075	-0.0058	-0.0001	-0.0033	0.0953
320	-0.0038	-0.0015	-0.0030	-0.0075	-0.0017	-0.0053	-0.0020	-0.0078	0.0953	-0.0089	-0.0014	-0.0066	-0.0027	-0.0038	-0.0135	-0.0089	-0.0075	-0.0058	-0.0001	-0.0033	0.0953
135	-0.0038	-0.0015	-0.0030	-0.0075	-0.0017	-0.0053	-0.0020	-0.0078	0.0953	-0.0089	-0.0013	-0.0066	-0.0027	-0.0038	-0.0135	-0.0089	-0.0075	-0.0058	-0.0001	-0.0033	0.0953
473	-0.0038	-0.0015	-0.0030	-0.0075	-0.0017	-0.0053	-0.0020	-0.0080	0.0953	-0.0089	-0.0012	-0.0066	-0.0027	-0.0038	-0.0135	-0.0089	-0.0075	-0.0058	-0.0001	-0.0033	0.0953
424	-0.0038	-0.0015	-0.0030	-0.0075	-0.0017	-0.0053	-0.0020	-0.0080	0.0953	-0.0089	-0.0011	-0.0066	-0.0027	-0.0038	-0.0135	-0.0089	-0.0075	-0.0058	-0.0001	-0.0033	0.0953
234	-0.0038	-0.0015	-0.0030	-0.0075	-0.0017	-0.0053	-0.0020	-0.0081	0.0953	-0.0089	-0.0011	-0.0066	-0.0027	-0.0038	-0.0135	-0.0089	-0.0075	-0.0058	-0.0001	-0.0033	0.0953
56	-0.0038	-0.0015	-0.0030	-0.0075	-0.0017	-0.0053	-0.0020	-0.0081	0.0953	-0.0089	-0.0010	-0.0066	-0.0027	-0.0038	-0.0135	-0.0089	-0.0075	-0.0058	-0.0001	-0.0033	0.0953
414	-0.0038	-0.0015	-0.0030	-0.0075	-0.0017	-0.0053	-0.0020	-0.0081	0.0953	-0.0089	-0.0010	-0.0066	-0.0027	-0.0038	-0.0135	-0.0089	-0.0075	-0.0058	-0.0001	-0.0033	0.0953
410	-0.0038	-0.0015	-0.0030	-0.0075	-0.0017	-0.0053	-0.0020	-0.0081	0.0953	-0.0089	-0.0010	-0.0066	-0.0027	-0.0038	-0.0135	-0.0089	-0.0075	-0.0058	-0.0001	-0.0033	0.0953
400	-0.0038	-0.0015	-0.0030	-0.0075	-0.0017	-0.0053	-0.0020	-0.0081	0.0953	-0.0089	-0.0010	-0.0066	-0.0027	-0.0038	-0.0135	-0.0089	-0.0075	-0.0058	-0.0001	-0.0033	0.0953
381	-0.0038	-0.0015	-0.0030	-0.0075	-0.0017	-0.0053	-0.0020	-0.0081	0.0953	-0.0089	-0.0010	-0.0066	-0.0027	-0.0038	-0.0135	-0.0089	-0.0075	-0.0058	-0.0001	-0.0033	0.0953
326	-0.0038	-0.0015	-0.0030	-0.0075	-0.0017	-0.0053	-0.0020	-0.0081	0.0953	-0.0089	-0.0010	-0.0066	-0.0027	-0.0038	-0.0135	-0.0089	-0.0075	-0.0058	-0.0001	-0.0033	0.0953
186	-0.0038	-0.0015	-0.0030	-0.0075	-0.0017	-0.0053	-0.0020	-0.0081	0.0953	-0.0089	-0.0010	-0.0066	-0.0027	-0.0038	-0.0135	-0.0089	-0.0075	-0.0058	-0.0001	-0.0033	0.0953
1	-0.0038	-0.0015	-0.0030	-0.0075	-0.0017	-0.0053	-0.0020	-0.0081	0.0953	-0.0089	-0.0010	-0.0066	-0.0027	-0.0038	-0.0135	-0.0089	-0.0075	-0.0058	-0.0001	-0.0033	0.0953
61	-0.0038	-0.0015	-0.0030	-0.0075	-0.0017	-0.0053	-0.0020	-0.0081	0.0953	-0.0089	-0.0011	-0.0066	-0.0027	-0.0038	-0.0135	-0.0089	-0.0075	-0.0058	-0.0001	-0.0033	0.0953
519	-0.0038	-0.0015	-0.0030	-0.0075	-0.0017	-0.0053	-0.0020	-0.0081	0.0953	-0.0089	-0.0011	-0.0066	-0.0027	-0.0038	-0.0135	-0.0089	-0.0075	-0.0058	-0.0001	-0.0033	0.0953
463	-0.0038	-0.0015	-0.0030	-0.0075	-0.0017	-0.0053	-0.0020	-0.0081	0.0953	-0.0089	-0.0011	-0.0066	-0.0027	-0.0038	-0.0135	-0.0089	-0.0075	-0.0058	-0.0001	-0.0033	0.0953
495	-0.0038	-0.0015	-0.0030	-0.0075	-0.0017	-0.0053	-0.0020	-0.0081	0.0953	-0.0089	-0.0011	-0.0066	-0.0027	-0.0038	-0.0135	-0.0089	-0.0075	-0.0058	-0.0001	-0.0033	0.0953
425	-0.0038	-0.0015	-0.0030	-0.0075	-0.0017	-0.0053	-0.0020	-0.0081	0.0953	-0.0089	-0.0011	-0.0066	-0.0027	-0.0038	-0.0135	-0.0089	-0.0075	-0.0058	-0.0001	-0.0033	0.0953
562	-0.0036	-0.0012	-0.0028	-0.0046	-0.0014	-0.0052	-0.0018	0.0938	-0.0094	-0.0097	-0.0032	-0.0055	-0.0025	-0.0032	-0.0108	-0.0088	-0.0090	-0.0082	0.0002	-0.0031	0.0941
315	-0.0036	-0.0012	-0.0028	-0.0046	-0.0014	-0.0052	-0.0018	0.0938	-0.0094	-0.0097	-0.0032	-0.0055	-0.0025	-0.0032	-0.0108	-0.0088	-0.0090	-0.0082	0.0002	-0.0031	0.0941
301	-0.0036	-0.0012	-0.0028	-0.0046	-0.0014	-0.0052	-0.0018	0.0938	-0.0094	-0.0097	-0.0032	-0.0055	-0.0025	-0.0032	-0.0108	-0.0088	-0.0090	-0.0082	0.0002	-0.0031	0.0941
264	-0.0036	-0.0012	-0.0028	-0.0046	-0.0014	-0.0052	-0.0018	0.0938	-0.0094	-0.0097	-0.0032	-0.0055	-0.0025	-0.0032	-0.0108	-0.0088	-0.0090	-0.0082	0.0002	-0.0031	0.0941
256	-0.0036	-0.0012	-0.0028	-0.0046	-0.0014	-0.0052	-0.0018	0.0938	-0.0094	-0.0097	-0.0032	-0.0055	-0.0025	-0.0032	-0.0108	-0.0088	-0.0090	-0.0082	0.0002	-0.0031	0.0941
255	-0.0036	-0.0012	-0.0028	-0.0046	-0.0014	-0.0052	-0.0018	0.0938	-0.0094	-0.0097	-0.0032	-0.0055	-0.0025	-0.0032	-0.0108	-0.0088	-0.0090	-0.0082	0.0002	-0.0031	0.0941
229	-0.0036	-0.0012	-0.0028	-0.0046	-0.0014	-0.0052	-0.0018	0.0938	-0.0094	-0.0097	-0.0032	-0.0055	-0.0025	-0.0032	-0.0108	-0.0088	-0.0090	-0.0082	0.0002	-0.0031	0.0941
21	-0.0036	-0.0012	-0.0028	-0.0046	-0.0014	-0.0052	-0.0018	0.0938	-0.0094	-0.0097	-0.0032	-0.0055	-0.0025	-0.0032	-0.0108	-0.0088	-0.0090	-0.0082	0.0002	-0.0031	0.0941
19	-0.0036	-0.0012	-0.0028	-0.0046	-0.0014	-0.0052	-0.0018	0.0938	-0.0094	-0.0097	-0.0032	-0.0055	-0.0025	-0.0032	-0.0108	-0.0088	-0.0090	-0.0082	0.0002	-0.0031	0.0941
132	-0.0036	-0.0012	-0.0028	-0.0046	-0.0014	-0.0052	-0.0018	0.0938	-0.0094	-0.0097	-0.0032	-0.0055	-0.0025	-0.0032	-0.0108	-0.0088	-0.0090	-0.0082	0.0002	-0.0031	0.0941
237	-0.0036	-0.0010	0.0546	-0.0050	-0.0008	-0.0147	-0.0014	-0.0071	-0.0083	-0.0086	-0.0001	0.0379	-0.0019	-0.0027	-0.0105	-0.0119	-0.0067	-0.0060	0.0009	-0.0029	0.0935
168	-0.0020	0.0013	-0.0023	-0.0484	0.0011	0.0359	0.0007	-0.0050	0.0499	-0.0063	0.0017	-0.0031	0.0000	-0.0016	-0.0090	-0.0063	-0.0045	-0.0044	0.0026	-0.0004	0.0933
288	-0.0040	-0.0010	0.0181	-0.0061	-0.0012	0.0740	-0.0020	-0.0074	-0.0086	-0.0089	-0.0005	-0.0111	-0.0023	-0.0031	-0.0105	-0.0093	-0.0069	-0.0063	0.0005	-0.0036	0.0927
15	-0.0036	-0.0022	0.0478	-0.0052	-0.0013	-0.0066	-0.0027	-0.0074	-0.0086	-0.0089	-0.0003	-0.0086	-0.0021	-0.0029	-0.0105	-0.0091	-0.0069	-0.0058	0.0008	0.0440	0.0926
382	-0.0036	-0.0017	-0.0027	-0.0046	-0.0015	-0.0077	-0.0018	-0.0078	-0.0084	-0.0086	-0.0008	-0.0098	-0.0024	-0.0032	-0.0120	0.0923	-0.0072	-0.0056	0.0002	-0.0031	0.0925
303	-0.0036	-0.0017	-0.0027	-0.0046	-0.0015	-0.0077	-0.0018	-0.0078	-0.0084	-0.0086	-0.0008	-0.0098	-0.0024	-0.0032	-0.0120	0.0923	-0.0072	-0.0056	0.0002	-0.0031	0.0925
122	-0.0036	-0.0017	-0.0027	-0.0046	-0.0015	-0.0077	-0.0018	-0.0078	-0.0084	-0.0086	-0.0008	-0.0098	-0.0024	-0.0032	-0.0120	0.0923	-0.0072	-0.0056	0.0002	-0.0031	0.0925
304	-0.0036	-0.0017	-0.0027	-0.0046	-0.0015	-0.0077	-0.0018	-0.0078	-0.0084	-0.0086	-0.0008	-0.0098	-0.0024	-0.0032	-0.0120	0.0923	-0.0072	-0.0056	0.0002	-0.0031	0.0925
158	-0.0036	-0.0017	-0.0027	-0.0046	-0.0015	-0.0077	-0.0018	-0.0078	-0.0084	-0.0086	-0.0008	-0.0098	-0.0024	-0.0032	-0.0120	0.0923	-0.0072	-0.0056	0.0002	-0.0031	0.0925
549	-0.0036	-0.0017	-0.0027	-0.0046	-0.0015	-0.0077	-0.0018	-0.0078	-0.0084	-0.0086	-0.0008	-0.0098	-0.0024	-0.0032	-0.0120	0.0923	-0.0072	-0.0056	0.0002	-0.0031	0.0925
537	-0.0036	-0.0018	-0.0027	-0.0046	-0.0014	-0.0077	-0.0018	-0.0078	-0.0084	-0.0087	-0.0008	-0.0098	-0.0024	-0.0032	-0.0120	0.0923	-0.0072	-0.0056	0.0002	-0.0031	0.0925
493	-0.0036	-0.0018	-0.0027	-0.0046	-0.0014	-0.0077	-0.0018	-0.0078	-0.0084	-0.0087	-0.0008	-0.0098	-0.0024	-0.0032	-0.0120	0.0923	-0.0072	-0.0056	0.0002	-0.0031	0.0925
324	-0.0036	-0.0018	-0.0027	-0.0046	-0.0014	-0.0077	-0.0018	-0.0078	-0.0084	-0.0087	-0.0008	-0.0098	-0.0024	-0.0032	-0.0120	0.0923	-0.0072	-0.0056	0.0002	-0.0031	0.0925
273	-0.0036	-0.0018	-0.0027	-0.0046	-0.0014	-0.0077	-0.0018	-0.0078	-0.0084	-0.0087	-0.0008	-0.0098	-0.0024	-0.0032	-0.0120	0.0923	-0.0072	-0.0056	0.0002	-0.0031	0.0925
548	-0.0036	-0.0012	-0.0028	-0.0046	-0.0019	-0.0052	-0.0018	0.0917	-0.0085	-0.0092	-0.0012	-0.0063	-0.0024	-0.0032	-0.0103	-0.0093	-0.0090	-0.0082	0.0002	-0.0031	0.0919
531	-0.0036	-0.0012	-0.0028	-0.0046	-0.0019	-0.0052	-0.0018	0.0917	-0.0085	-0.0092	-0.0012	-0.0063	-0.0024	-0.0032	-0.0103	-0.0093	-0.0090	-0.0082	0.0002	-0.0031	0.0919
281	-0.0036	-0.0012	-0.0028	-0.0046	-0.0019	-0.0052	-0.0018	0.0917	-0.0085	-0.0092	-0.0012	-0.0063	-0.0024	-0.0032	-0.0103	-0.0093	-0.0090	-0.0082	0.0002	-0.0031	0.0919
280	-0.0036	-0.0012	-0.0028	-0.0046	-0.0019	-0.0052	-0.0018	0.0917	-0.0085	-0.0092	-0.0012	-0.0063	-0.0024	-0.0032	-0.0103	-0.0093	-0.0090	-0.0082	0.0002	-0.0031	0.0919
95	-0.0036	-0.0012	-0.0028	-0.0046	-0.0019	-0.0052	-0.0018	0.0917	-0.0085	-0.0092	-0.0012	-0.0063	-0.0024	-0.0032	-0.0103	-0.0093	-0.0090	-0.0082	0.0002	-0.0031	0.0919
528	-0.0036	-0.0012	-0.0028	-0.0046	-0.0019	-0.0052	-0.0018	0.0917	-0.0085	-0.0092	-0.0012	-0.0063	-0.0024	-0.0032	-0.0103	-0.0093	-0.0090	-0.0082	0.0002	-0.0031	0.0919
515	-0.0036	-0.0012	-0.0028	-0.0046	-0.0019	-0.0052	-0.0018	0.0917	-0.0085	-0.0092	-0.0012	-0.0063	-0.0024	-0.0032	-0.0103	-0.0093	-0.0090	-0.0082	0.0002	-0.0031	0.0919
433	-0.0036	-0.0012	-0.0028	-0.0046	-0.0019	-0.0052	-0.0018	0.0917	-0.0085	-0.0092	-0.0012	-0.0063	-0.0024	-0.0032	-0.0103	-0.0093	-0.0090	-0.0082	0.0002	-0.0031	0.0919
390	-0.0036	-0.0012	-0.0028	-0.0046	-0.0019	-0.0052	-0.0018	0.0917	-0.0085	-0.0092	-0.0012	-0.0063	-0.0024	-0.0032	-0.0103	-0.0093	-0.0090	-0.0082	0.0002	-0.0031	0.0919
387	-0.0036	-0.0012	-0.0028	-0.0046	-0.0019	-0.0052	-0.0018	0.0917	-0.0085	-0.0092	-0.0012	-0.0063	-0.0024	-0.0032	-0.0103	-0.0093	-0.0090	-0.0082	0.0002	-0.0031	0.0919
352	-0.0036	-0.0012	-0.0028	-0.0046	-0.0019	-0.0052	-0.0018	0.0917	-0.0085	-0.0092	-0.0012	-0.0063	-0.0024	-0.0032	-0.0103	-0.0093	-0.0090	-0.0082	0.0002	-0.0031	0.0919
348	-0.0036	-0.0012	-0.0028	-0.0046	-0.0019	-0.0052	-0.0018	0.0917	-0.0085	-0.0092	-0.0012	-0.0063	-0.0024	-0.0032	-0.0103	-0.0093	-0.0090	-0.0082	0.0002	-0.0031	0.0919
564	-0.0036	-0.0012	-0.0028	-0.0046	-0.0019	-0.0052	-0.0018	0.0917	-0.0085	-0.0092	-0.0012	-0.0063	-0.0024	-0.0032	-0.0103	-0.0093	-0.0090	-0.0082	0.0002	-0.0031	0.0919
398	-0.0036	-0.0012	-0.0028	-0.0046	-0.0019	-0.0052	-0.0018	0.0917	-0.0085	-0.0092	-0.0012	-0.0063	-0.0024	-0.0032	-0.0103	-0.0093	-0.0090	-0.0082	0.0002	-0.0031	0.0919
155	-0.0027	0.0002	-0.0014	-0.0078	0.0000	0.0310	-0.0003	-0.0064	0.0263	-0.0078	0.0332	-0.0044	-0.0011	-0.0019	-0.0372	-0.0080	-0.0060	-0.0050	0.0011	-0.0017	0.0918
268	-0.0035	-0.0038	-0.0031	-0.0046	0.0438	-0.0051	0.0082	-0.0076	-0.0088	-0.0093	-0.0004	-0.0065	-0.0022	-0.0032	-0.0111	-0.0096	-0.0071	-0.0057	0.0007	0.0388	0.0914
512	-0.0036	-0.0013	-0.0028	-0.0046	-0.0015	-0.0077	-0.0018	-0.0073	-0.0133	-0.0086	-0.0014	-0.0055	-0.0025	-0.0032	0.0910	-0.0095	-0.0072	-0.0056	-0.0004	-0.0031	0.0910
448	-0.0036	-0.0013	-0.0028	-0.0046	-0.0015	-0.0077	-0.0018	-0.0073	-0.0133	-0.0086	-0.0014	-0.0055	-0.0025	-0.0032	0.0910	-0.0095	-0.0072	-0.0056	-0.0004	-0.0031	0.0910
323	-0.0036	-0.0013	-0.0028	-0.0046	-0.0015	-0.0077	-0.0018	-0.0073	-0.0133	-0.0086	-0.0014	-0.0055	-0.0025	-0.0032	0.0910	-0.0095	-0.0072	-0.0056	-0.0004	-0.0031	0.0910
118	-0.0036	-0.0013	-0.0028	-0.0046	-0.0015	-0.0077	-0.0018	-0.0073	-0.0133	-0.0086	-0.0014	-0.0055	-0.0025	-0.0032	0.0910	-0.0095	-0.0072	-0.0056	-0.0004	-0.0031	0.0910
178	-0.0027	-0.0002	-0.0018	-0.0089	-0.0005	-0.0043	-0.0008	-0.0067	-0.0248	-0.0079	0.0360	-0.0063	-0.0015	-0.0030	0.0538	-0.0079	-0.0068	-0.0048	0.0012	-0.0022	0.0910
334	-0.0036	-0.0013	-0.0028	-0.0046	-0.0015	-0.0077	-0.0018	-0.0073	-0.0133	-0.0086	-0.0014	-0.0055	-0.0025	-0.0032	0.0910	-0.0095	-0.0072	-0.0056	-0.0004	-0.0031	0.0910
51	-0.0040	-0.0011	0.0190	-0.0063	-0.0013	-0.0087	-0.0021	-0.0075	-0.0087	-0.0089	-0.0006	0.0715	-0.0024	-0.0031	-0.0105	-0.0090	-0.0070	-0.0063	0.0005	-0.0037	0.0910
418	-0.0036	-0.0013	-0.0028	-0.0046	-0.0015	-0.0077	-0.0018	-0.0074	-0.0133	-0.0086	-0.0013	-0.0055	-0.0025	-0.0032	0.0909	-0.0095	-0.0072	-0.0056	-0.0003	-0.0031	0.0909
210	-0.0037	-0.0007	0.0444	0.0455	-0.0010	-0.0080	-0.0013	-0.0073	-0.0141	-0.0087	-0.0003	-0.0056	-0.0020	-0.0033	-0.0104	-0.0087	-0.0068	-0.0060	0.0008	-0.0028	0.0907
129	-0.0036	-0.0013	-0.0028	-0.0046	-0.0015	-0.0077	-0.0018	-0.0077	-0.0134	-0.0086	-0.0010	-0.0055	-0.0025	-0.0032	0.0905	-0.0095	-0.0072	-0.0056	0.0000	-0.0031	0.0906
342	-0.0036	-0.0013	-0.0028	-0.0046	-0.0015	-0.0077	-0.0018	-0.0077	-0.0134	-0.0086	-0.0009	-0.0055	-0.0025	-0.0032	0.0905	-0.0095	-0.0072	-0.0056	0.0000	-0.0031	0.0906
274	-0.0036	-0.0013	-0.0028	-0.0046	-0.0015	-0.0077	-0.0018	-0.0078	-0.0134	-0.0086	-0.0009	-0.0055	-0.0025	-0.0032	0.0905	-0.0095	-0.0072	-0.0056	0.0001	-0.0031	0.0906
561	-0.0036	-0.0013	-0.0028	-0.0046	-0.0015	-0.0077	-0.0018	-0.0078	-0.0134	-0.0086	-0.0009	-0.0055	-0.0025	-0.0032	0.0905	-0.0095	-0.0072	-0.0056	0.0001	-0.0031	0.0905
241	-0.0036	-0.0013	-0.0028	-0.0046	-0.0015	-0.0077	-0.0018	-0.0078	-0.0134	-0.0086	-0.0009	-0.0055	-0.0025	-0.0032	0.0905	-0.0095	-0.0072	-0.0056	0.0001	-0.0031	0.0905
236	-0.0036	-0.0013	-0.0028	-0.0046	-0.0015	-0.0077	-0.0018	-0.0078	-0.0134	-0.0086	-0.0009	-0.0055	-0.0025	-0.0032	0.0905	-0.0095	-0.0072	-0.0056	0.0001	-0.0031	0.0905
232	-0.0036	-0.0013	-0.0028	-0.0046	-0.0015	-0.0077	-0.0018	-0.0077	-0.0133	-0.0086	-0.0009	-0.0055	-0.0025	-0.0033	0.0905	-0.0095	-0.0072	-0.0056	0.0000	-0.0031	0.0905
220	-0.0033	-0.0007	-0.0038	-0.0043	-0.0010	-0.0049	0.0492	-0.0075	-0.0090	-0.0092	-0.0003	0.0404	-0.0024	-0.0039	-0.0129	-0.0098	-0.0069	-0.0054	0.0008	-0.0051	0.0904
466	-0.0024	-0.0006	-0.0025	-0.0034	-0.0002	-0.0072	-0.0006	-0.0072	-0.0080	-0.0077	0.0005	0.0496	-0.0012	-0.0020	-0.0118	-0.0289	0.0385	-0.0045	0.0016	-0.0020	0.0903
341	-0.0041	-0.0018	-0.0028	-0.0046	-0.0042	-0.0051	-0.0018	-0.0073	-0.0084	-0.0087	-0.0008	-0.0055	-0.0047	-0.0032	-0.0102	0.0900	-0.0076	-0.0056	0.0002	-0.0039	0.0901
554	-0.0041	-0.0018	-0.0028	-0.0046	-0.0042	-0.0051	-0.0018	-0.0073	-0.0084	-0.0087	-0.0008	-0.0055	-0.0047	-0.0032	-0.0102	0.0900	-0.0076	-0.0056	0.0002	-0.0039	0.0901
544	-0.0041	-0.0018	-0.0028	-0.0046	-0.0042	-0.0051	-0.0018	-0.0073	-0.0084	-0.0087	-0.0008	-0.0055	-0.0047	-0.0032	-0.0101	0.0899	-0.0076	-0.0056	0.0001	-0.0038	0.0901
338	-0.0041	-0.0018	-0.0028	-0.0046	-0.0042	-0.0051	-0.0018	-0.0073	-0.0084	-0.0087	-0.0008	-0.0055	-0.0047	-0.0032	-0.0101	0.0899	-0.0076	-0.0056	0.0001	-0.0038	0.0901
179	-0.0041	-0.0018	-0.0028	-0.0046	-0.0042	-0.0051	-0.0018	-0.0073	-0.0084	-0.0087	-0.0008	-0.0055	-0.0047	-0.0032	-0.0101	0.0899	-0.0076	-0.0056	0.0001	-0.0038	0.0901
557	-0.0041	-0.0018	-0.0028	-0.0046	-0.0042	-0.0051	-0.0018	-0.0073	-0.0084	-0.0087	-0.0008	-0.0055	-0.0047	-0.0032	-0.0101	0.0899	-0.0076	-0.0056	0.0001	-0.0038	0.0901
45	-0.0041	-0.0018	-0.0028	-0.0046	-0.0042	-0.0051	-0.0018	-0.0073	-0.0084	-0.0087	-0.0008	-0.0055	-0.0047	-0.0032	-0.0101	0.0899	-0.0076	-0.0056	0.0001	-0.0038	0.0901
396	-0.0041	-0.0018	-0.0028	-0.0046	-0.0042	-0.0051	-0.0018	-0.0073	-0.0084	-0.0087	-0.0008	-0.0055	-0.0047	-0.0032	-0.0101	0.0899	-0.0076	-0.0056	0.0001	-0.0038	0.0901
218	-0.0041	-0.0018	-0.0028	-0.0046	-0.0042	-0.0051	-0.0018	-0.0073	-0.0084	-0.0087	-0.0008	-0.0055	-0.0047	-0.0032	-0.0101	0.0899	-0.0076	-0.0056	0.0001	-0.0038	0.0901
215	-0.0041	-0.0018	-0.0028	-0.0046	-0.0042	-0.0051	-0.0018	-0.0073	-0.0084	-0.0087	-0.0008	-0.0055	-0.0047	-0.0032	-0.0101	0.0899	-0.0076	-0.0056	0.0001	-0.0038	0.0901
374	-0.0041	-0.0018	-0.0028	-0.0046	-0.0042	-0.0051	-0.0018	-0.0073	-0.0084	-0.0087	-0.0008	-0.0055	-0.0047	-0.0032	-0.0101	0.0899	-0.0076	-0.0056	0.0001	-0.0038	0.0901
93	-0.0041	-0.0018	-0.0028	-0.0046	-0.0042	-0.0051	-0.0018	-0.0073	-0.0084	-0.0087	-0.0008	-0.0055	-0.0047	-0.0032	-0.0101	0.0899	-0.0076	-0.0056	0.0001	-0.0038	0.0901
505	-0.0041	-0.0015	-0.0028	-0.0046	-0.0030	-0.0051	-0.0018	-0.0073	-0.0084	-0.0099	-0.0008	-0.0055	-0.0047	-0.0032	-0.0102	0.0894	-0.0076	-0.0056	0.0002	-0.0035	0.0896
143	-0.0039	0.0002	-0.0032	-0.0032	-0.0000	-0.0038	-0.0006	-0.0083	-0.0075	-0.0073	0.0007	-0.0336	-0.0013	-0.0018	-0.0089	0.0261	0.0610	-0.0042	0.0017	-0.0020	0.0896
185	-0.0039	-0.0009	-0.0037	0.0155	-0.0011	0.0734	-0.0015	-0.0073	-0.0157	-0.0088	-0.0004	-0.0054	-0.0022	-0.0035	-0.0105	-0.0087	-0.0068	-0.0062	0.0006	-0.0029	0.0895
125	-0.0041	-0.0014	-0.0028	-0.0046	-0.0022	-0.0051	-0.0018	-0.0073	-0.0084	-0.0108	-0.0008	-0.0055	-0.0047	-0.0032	-0.0101	0.0890	-0.0076	-0.0056	0.0002	-0.0033	0.0892
538	-0.0041	-0.0013	-0.0028	-0.0046	-0.0020	-0.0051	-0.0018	-0.0073	-0.0084	-0.0110	-0.0008	-0.0055	-0.0047	-0.0032	-0.0101	0.0890	-0.0076	-0.0056	0.0002	-0.0032	0.0891
455	-0.0041	-0.0013	-0.0028	-0.0046	-0.0020	-0.0051	-0.0018	-0.0073	-0.0084	-0.0110	-0.0008	-0.0055	-0.0047	-0.0032	-0.0101	0.0889	-0.0076	-0.0056	0.0002	-0.0032	0.0891
150	0.0792	-0.0011	-0.0027	-0.0049	-0.0013	-0.0054	-0.0017	-0.0076	-0.0088	-0.0120	-0.0006	-0.0056	-0.0048	-0.0032	-0.0106	0.0094	-0.0091	-0.0065	0.0004	-0.0031	0.0890
283	-0.0041	-0.0012	-0.0028	-0.0046	-0.0015	-0.0051	-0.0018	-0.0073	-0.0084	-0.0115	-0.0008	-0.0055	-0.0047	-0.0032	-0.0101	0.0887	-0.0076	-0.0056	0.0002	-0.0031	0.0889
28	-0.0041	-0.0012	-0.0028	-0.0046	-0.0015	-0.0051	-0.0018	-0.0073	-0.0084	-0.0115	-0.0008	-0.0055	-0.0047	-0.0032	-0.0101	0.0887	-0.0076	-0.0056	0.0002	-0.0031	0.0889
91	-0.0041	-0.0012	-0.0028	-0.0046	-0.0015	-0.0051	-0.0018	-0.0073	-0.0084	-0.0115	-0.0008	-0.0055	-0.0047	-0.0032	-0.0102	0.0887	-0.0076	-0.0056	0.0002	-0.0031	0.0888
533	-0.0041	-0.0012	-0.0028	-0.0046	-0.0015	-0.0051	-0.0018	-0.0073	-0.0084	-0.0115	-0.0008	-0.0055	-0.0047	-0.0032	-0.0102	0.0887	-0.0076	-0.0056	0.0002	-0.0031	0.0888
522	-0.0041	-0.0012	-0.0028	-0.0046	-0.0015	-0.0051	-0.0018	-0.0073	-0.0084	-0.0115	-0.0008	-0.0055	-0.0047	-0.0032	-0.0102	0.0887	-0.0076	-0.0056	0.0002	-0.0031	0.0888
508	-0.0041	-0.0012	-0.0028	-0.0046	-0.0015	-0.0051	-0.0018	-0.0073	-0.0084	-0.0115	-0.0008	-0.0055	-0.0047	-0.0032	-0.0102	0.0887	-0.0076	-0.0056	0.0002	-0.0031	0.0888
278	-0.0041	-0.0012	-0.0028	-0.0046	-0.0015	-0.0051	-0.0018	-0.0073	-0.0084	-0.0115	-0.0008	-0.0055	-0.0047	-0.0032	-0.0102	0.0887	-0.0076	-0.0056	0.0002	-0.0031	0.0888
219	-0.0041	-0.0012	-0.0028	-0.0046	-0.0015	-0.0051	-0.0018	-0.0073	-0.0084	-0.0115	-0.0008	-0.0055	-0.0047	-0.0032	-0.0102	0.0887	-0.0076	-0.0056	0.0002	-0.0031	0.0888
138	-0.0041	-0.0012	-0.0028	-0.0046	-0.0015	-0.0051	-0.0018	-0.0073	-0.0084	-0.0115	-0.0008	-0.0055	-0.0047	-0.0032	-0.0102	0.0887	-0.0076	-0.0056	0.0002	-0.0031	0.0888
126	-0.0041	-0.0012	-0.0028	-0.0046	-0.0015	-0.0051	-0.0018	-0.0073	-0.0084	-0.0115	-0.0008	-0.0055	-0.0047	-0.0032	-0.0102	0.0887	-0.0076	-0.0056	0.0002	-0.0031	0.0888
123	-0.0041	-0.0012	-0.0028	-0.0046	-0.0015	-0.0051	-0.0018	-0.0073	-0.0084	-0.0115	-0.0008	-0.0055	-0.0047	-0.0032	-0.0102	0.0887	-0.0076	-0.0056	0.0002	-0.0031	0.0888
157	-0.0033	0.0467	-0.0024	-0.0043	-0.0010	-0.0080	-0.0013	-0.0078	-0.0084	-0.0086	-0.0003	-0.0105	-0.0020	-0.0028	-0.0125	0.0410	-0.0072	-0.0053	0.0007	-0.0027	0.0884
287	-0.0031	-0.0006	-0.0022	-0.0041	-0.0008	-0.0047	-0.0011	-0.0133	-0.0092	0.0336	0.0531	-0.0051	-0.0019	-0.0027	-0.0108	-0.0085	-0.0090	-0.0081	0.0010	-0.0025	0.0876
70	-0.0037	-0.0012	-0.0044	-0.0063	-0.0014	-0.0052	-0.0020	-0.0081	0.0100	-0.0089	-0.0007	0.0773	-0.0025	-0.0035	-0.0124	-0.0106	-0.0075	-0.0057	0.0003	-0.0034	0.0876
242	-0.0034	-0.0009	-0.0025	-0.0044	-0.0016	-0.0049	-0.0015	0.0707	-0.0086	-0.0092	0.0163	-0.0060	-0.0022	-0.0029	-0.0103	-0.0091	-0.0091	-0.0083	0.0006	-0.0028	0.0875
487	-0.0034	-0.0008	0.0442	-0.0047	-0.0010	-0.0056	-0.0018	-0.0078	-0.0099	-0.0088	-0.0003	0.0423	-0.0021	-0.0029	-0.0104	-0.0115	-0.0072	-0.0056	0.0007	-0.0034	0.0873
488	-0.0034	-0.0008	0.0437	-0.0046	-0.0010	-0.0054	-0.0018	-0.0079	-0.0100	-0.0088	-0.0003	0.0429	-0.0021	-0.0029	-0.0104	-0.0117	-0.0072	-0.0055	0.0007	-0.0034	0.0873
388	-0.0033	-0.0008	0.0424	-0.0044	-0.0010	-0.0050	-0.0018	-0.0079	-0.0102	-0.0088	-0.0003	0.0441	-0.0021	-0.0029	-0.0104	-0.0121	-0.0073	-0.0055	0.0007	-0.0034	0.0871
100	-0.0033	-0.0008	0.0423	-0.0044	-0.0010	-0.0049	-0.0018	-0.0079	-0.0102	-0.0088	-0.0003	0.0441	-0.0021	-0.0029	-0.0104	-0.0122	-0.0073	-0.0054	0.0007	-0.0034	0.0871
421	-0.0032	-0.0007	-0.0055	-0.0042	-0.0009	-0.0048	-0.0017	-0.0078	-0.0100	-0.0086	-0.0002	0.0440	-0.0019	-0.0028	-0.0102	-0.0120	-0.0071	-0.0053	0.0009	0.0420	0.0868
477	-0.0032	-0.0007	-0.0055	-0.0042	-0.0009	-0.0048	-0.0017	-0.0078	-0.0100	-0.0086	-0.0002	0.0440	-0.0019	-0.0028	-0.0102	-0.0120	-0.0071	-0.0053	0.0009	0.0420	0.0868
156	-0.0030	-0.0005	-0.0021	0.0601	-0.0007	-0.0046	-0.0011	-0.0078	-0.0245	-0.0082	-0.0001	-0.0066	-0.0018	-0.0032	0.0257	-0.0082	-0.0071	-0.0050	0.0010	-0.0024	0.0868
136	-0.0039	-0.0009	0.0409	0.0112	-0.0011	0.0340	-0.0015	-0.0074	-0.0160	-0.0089	-0.0004	-0.0056	-0.0022	-0.0035	-0.0106	-0.0089	-0.0069	-0.0062	0.0007	-0.0029	0.0867
49	-0.0034	-0.0010	-0.0025	-0.0044	-0.0039	-0.0049	-0.0023	-0.0078	-0.0082	0.0855	-0.0006	-0.0053	-0.0044	-0.0030	-0.0105	-0.0084	-0.0066	-0.0058	0.0004	-0.0029	0.0859
36	-0.0034	-0.0010	-0.0025	-0.0044	-0.0039	-0.0049	-0.0023	-0.0078	-0.0082	0.0855	-0.0006	-0.0053	-0.0044	-0.0030	-0.0105	-0.0084	-0.0066	-0.0058	0.0004	-0.0029	0.0859
305	-0.0034	-0.0010	-0.0025	-0.0044	-0.0039	-0.0049	-0.0023	-0.0078	-0.0082	0.0855	-0.0006	-0.0053	-0.0044	-0.0030	-0.0105	-0.0084	-0.0066	-0.0058	0.0004	-0.0029	0.0859
541	-0.0034	-0.0010	-0.0025	-0.0044	-0.0039	-0.0049	-0.0023	-0.0079	-0.0082	0.0855	-0.0006	-0.0052	-0.0044	-0.0030	-0.0105	-0.0084	-0.0066	-0.0058	0.0004	-0.0028	0.0859
189	-0.0034	-0.0010	-0.0025	-0.0044	-0.0039	-0.0049	-0.0023	-0.0079	-0.0082	0.0855	-0.0006	-0.0052	-0.0044	-0.0030	-0.0105	-0.0084	-0.0066	-0.0058	0.0004	-0.0028	0.0859
540	-0.0059	0.0425	-0.0027	-0.0052	0.0022	0.0007	-0.0014	-0.0088	-0.0087	-0.0089	-0.0040	-0.0056	-0.0022	-0.0032	-0.0105	-0.0091	-0.0070	0.0388	0.0015	-0.0026	0.0859
101	-0.0041	-0.0014	-0.0026	-0.0045	-0.0030	-0.0051	-0.0020	-0.0074	-0.0086	-0.0104	-0.0006	-0.0055	0.0486	-0.0031	-0.0107	0.0368	-0.0079	-0.0056	0.0005	-0.0034	0.0858
198	-0.0041	-0.0015	-0.0026	-0.0045	-0.0039	-0.0051	-0.0017	-0.0074	-0.0085	-0.0095	-0.0006	-0.0055	0.0465	-0.0031	-0.0105	0.0385	-0.0079	-0.0056	0.0005	-0.0037	0.0854
209	-0.0055	-0.0013	-0.0028	-0.0059	-0.0015	-0.0051	-0.0018	-0.0097	0.0755	-0.0087	-0.0008	-0.0060	-0.0028	-0.0034	-0.0121	-0.0091	0.0097	-0.0056	0.0002	-0.0031	0.0853
152	-0.0040	-0.0016	-0.0026	-0.0045	-0.0045	-0.0050	-0.0016	-0.0074	-0.0085	-0.0089	-0.0006	-0.0054	0.0453	-0.0031	-0.0103	0.0395	-0.0078	-0.0055	0.0005	-0.0038	0.0852
339	-0.0032	-0.0007	-0.0023	-0.0042	0.0442	-0.0048	-0.0013	0.0402	-0.0083	-0.0091	-0.0008	-0.0061	-0.0020	-0.0028	-0.0102	-0.0092	-0.0092	-0.0083	0.0008	-0.0027	0.0852
267	-0.0036	-0.0023	-0.0027	-0.0046	-0.0014	-0.0060	-0.0017	-0.0073	-0.0092	-0.0093	-0.0008	-0.0055	-0.0024	-0.0032	0.0680	-0.0093	-0.0069	-0.0056	0.0168	-0.0030	0.0848
208	-0.0034	-0.0014	-0.0029	-0.0045	-0.0012	-0.0052	0.0475	-0.0073	-0.0084	-0.0093	-0.0005	-0.0059	-0.0027	-0.0055	0.0372	-0.0088	-0.0068	-0.0055	-0.0006	-0.0047	0.0847
447	-0.0036	-0.0007	-0.0033	0.0462	-0.0009	0.0372	-0.0012	-0.0071	-0.0144	-0.0086	-0.0002	-0.0052	-0.0020	-0.0032	-0.0102	-0.0085	-0.0066	-0.0059	0.0008	-0.0026	0.0842
230	-0.0291	-0.0002	-0.0021	-0.0047	-0.0004	-0.0050	-0.0007	-0.0064	-0.0075	-0.0077	0.0003	-0.0045	-0.0022	-0.0022	-0.0092	0.0283	0.0263	0.0279	0.0013	-0.0021	0.0840
201	-0.0036	-0.0007	-0.0030	0.0418	-0.0009	0.0415	-0.0012	-0.0071	-0.0109	-0.0086	-0.0002	-0.0052	-0.0020	-0.0030	-0.0135	-0.0088	-0.0066	-0.0059	0.0005	-0.0026	0.0838
513	0.0372	-0.0007	-0.0036	0.0115	-0.0010	0.0342	-0.0013	-0.0072	-0.0159	-0.0087	-0.0003	-0.0052	-0.0020	-0.0033	-0.0103	-0.0087	-0.0068	-0.0061	0.0008	-0.0027	0.0837
443	-0.0034	-0.0010	-0.0025	-0.0044	-0.0016	-0.0049	-0.0016	-0.0079	-0.0082	0.0832	-0.0006	-0.0053	-0.0044	-0.0036	-0.0105	-0.0084	-0.0066	-0.0058	0.0004	-0.0029	0.0836
249	-0.0034	-0.0010	-0.0025	-0.0044	-0.0014	-0.0049	-0.0016	-0.0073	-0.0082	0.0830	-0.0011	-0.0053	-0.0045	-0.0037	-0.0105	-0.0084	-0.0066	-0.0058	0.0004	-0.0029	0.0834
444	-0.0034	-0.0010	-0.0025	-0.0044	-0.0012	-0.0049	-0.0015	-0.0071	-0.0082	0.0829	-0.0013	-0.0053	-0.0045	-0.0037	-0.0105	-0.0084	-0.0066	-0.0058	0.0004	-0.0029	0.0833
539	-0.0034	-0.0010	-0.0025	-0.0044	-0.0012	-0.0049	-0.0015	-0.0071	-0.0082	0.0829	-0.0013	-0.0053	-0.0045	-0.0037	-0.0105	-0.0084	-0.0066	-0.0058	0.0004	-0.0029	0.0833
460	-0.0034	-0.0010	-0.0025	-0.0044	-0.0012	-0.0049	-0.0015	-0.0071	-0.0082	0.0829	-0.0013	-0.0053	-0.0044	-0.0037	-0.0105	-0.0084	-0.0066	-0.0058	0.0004	-0.0029	0.0833
5	-0.0034	-0.0010	-0.0025	-0.0044	-0.0012	-0.0049	-0.0015	-0.0074	-0.0082	0.0829	-0.0010	-0.0053	-0.0045	-0.0037	-0.0105	-0.0084	-0.0066	-0.0058	0.0004	-0.0029	0.0833
48	-0.0034	-0.0010	-0.0025	-0.0044	-0.0012	-0.0049	-0.0015	-0.0078	-0.0082	0.0829	-0.0006	-0.0053	-0.0044	-0.0037	-0.0105	-0.0084	-0.0066	-0.0058	0.0004	-0.0029	0.0833
191	-0.0034	-0.0010	-0.0025	-0.0044	-0.0012	-0.0049	-0.0015	-0.0078	-0.0082	0.0829	-0.0006	-0.0053	-0.0044	-0.0037	-0.0105	-0.0084	-0.0066	-0.0058	0.0004	-0.0029	0.0833
4	-0.0034	-0.0010	-0.0025	-0.0044	-0.0012	-0.0049	-0.0015	-0.0078	-0.0082	0.0829	-0.0006	-0.0053	-0.0044	-0.0037	-0.0105	-0.0084	-0.0066	-0.0058	0.0004	-0.0029	0.0833
7	-0.0034	-0.0010	-0.0025	-0.0044	-0.0012	-0.0049	-0.0015	-0.0071	-0.0082	0.0829	-0.0013	-0.0053	-0.0045	-0.0037	-0.0105	-0.0084	-0.0066	-0.0058	0.0004	-0.0028	0.0833
545	-0.0034	-0.0010	-0.0025	-0.0044	-0.0012	-0.0049	-0.0015	-0.0071	-0.0082	0.0829	-0.0013	-0.0053	-0.0045	-0.0037	-0.0105	-0.0084	-0.0066	-0.0058	0.0004	-0.0028	0.0833
529	-0.0034	-0.0010	-0.0025	-0.0044	-0.0012	-0.0049	-0.0015	-0.0071	-0.0082	0.0829	-0.0013	-0.0053	-0.0045	-0.0037	-0.0105	-0.0084	-0.0066	-0.0058	0.0004	-0.0028	0.0833
272	-0.0034	-0.0010	-0.0025	-0.0044	-0.0012	-0.0049	-0.0015	-0.0071	-0.0082	0.0829	-0.0013	-0.0053	-0.0045	-0.0037	-0.0105	-0.0084	-0.0066	-0.0058	0.0004	-0.0028	0.0833
176	-0.0034	-0.0010	-0.0025	-0.0044	-0.0012	-0.0049	-0.0015	-0.0071	-0.0082	0.0829	-0.0013	-0.0053	-0.0045	-0.0037	-0.0105	-0.0084	-0.0066	-0.0058	0.0004	-0.0028	0.0833
166	-0.0034	-0.0010	-0.0025	-0.0044	-0.0012	-0.0049	-0.0015	-0.0071	-0.0082	0.0829	-0.0013	-0.0053	-0.0045	-0.0037	-0.0105	-0.0084	-0.0066	-0.0058	0.0004	-0.0028	0.0833
117	-0.0034	-0.0010	-0.0025	-0.0044	-0.0012	-0.0049	-0.0015	-0.0071	-0.0082	0.0829	-0.0013	-0.0053	-0.0045	-0.0037	-0.0105	-0.0084	-0.0066	-0.0058	0.0004	-0.0028	0.0833
66	-0.0034	-0.0010	-0.0025	-0.0044	-0.0012	-0.0049	-0.0015	-0.0079	-0.0082	0.0828	-0.0006	-0.0053	-0.0045	-0.0037	-0.0105	-0.0084	-0.0066	-0.0058	0.0004	-0.0028	0.0832
333	-0.0034	-0.0010	-0.0025	-0.0044	-0.0012	-0.0049	-0.0015	-0.0079	-0.0082	0.0828	-0.0006	-0.0053	-0.0045	-0.0037	-0.0105	-0.0084	-0.0066	-0.0058	0.0004	-0.0028	0.0832
263	-0.0034	-0.0010	-0.0025	-0.0044	-0.0012	-0.0049	-0.0015	-0.0079	-0.0082	0.0828	-0.0006	-0.0053	-0.0045	-0.0037	-0.0105	-0.0084	-0.0066	-0.0058	0.0004	-0.0028	0.0832
86	-0.0034	-0.0010	-0.0025	-0.0044	-0.0014	-0.0049	-0.0016	-0.0071	-0.0082	0.0829	-0.0013	-0.0053	-0.0040	-0.0036	-0.0104	-0.0089	-0.0066	-0.0058	0.0003	-0.0029	0.0832
248	-0.0034	-0.0010	-0.0025	-0.0044	-0.0014	-0.0049	-0.0016	-0.0071	-0.0082	0.0829	-0.0013	-0.0053	-0.0040	-0.0036	-0.0104	-0.0089	-0.0066	-0.0058	0.0003	-0.0029	0.0832
57	-0.0034	-0.0010	-0.0025	-0.0044	-0.0014	-0.0049	-0.0015	-0.0079	-0.0082	0.0828	-0.0006	-0.0053	-0.0040	-0.0036	-0.0104	-0.0089	-0.0066	-0.0058	0.0004	-0.0029	0.0832
60	-0.0034	-0.0010	-0.0025	-0.0044	-0.0015	-0.0049	-0.0015	-0.0079	-0.0082	0.0828	-0.0006	-0.0053	-0.0039	-0.0035	-0.0104	-0.0090	-0.0066	-0.0058	0.0004	-0.0029	0.0832
252	-0.0036	-0.0007	-0.0023	0.0380	-0.0009	0.0448	-0.0012	-0.0071	-0.0083	-0.0085	-0.0002	-0.0051	-0.0019	-0.0027	-0.0170	-0.0085	-0.0066	-0.0058	0.0004	-0.0026	0.0832
344	-0.0034	-0.0010	-0.0025	-0.0044	-0.0018	-0.0049	-0.0016	-0.0071	-0.0082	0.0830	-0.0013	-0.0053	-0.0029	-0.0032	-0.0101	-0.0099	-0.0066	-0.0058	0.0001	-0.0029	0.0831
542	-0.0034	-0.0010	-0.0025	-0.0044	-0.0019	-0.0049	-0.0016	-0.0071	-0.0082	0.0830	-0.0013	-0.0053	-0.0028	-0.0032	-0.0101	-0.0101	-0.0066	-0.0058	0.0000	-0.0029	0.0831
68	-0.0034	-0.0010	-0.0025	-0.0044	-0.0021	-0.0049	-0.0016	-0.0071	-0.0082	0.0831	-0.0013	-0.0053	-0.0022	-0.0030	-0.0099	-0.0107	-0.0066	-0.0058	-0.0001	-0.0029	0.0831
520	-0.0034	-0.0010	-0.0025	-0.0044	-0.0021	-0.0049	-0.0016	-0.0071	-0.0082	0.0831	-0.0013	-0.0053	-0.0023	-0.0030	-0.0100	-0.0106	-0.0066	-0.0058	-0.0001	-0.0029	0.0831
441	-0.0034	-0.0010	-0.0025	-0.0044	-0.0021	-0.0049	-0.0016	-0.0071	-0.0082	0.0831	-0.0013	-0.0053	-0.0022	-0.0030	-0.0099	-0.0107	-0.0066	-0.0058	-0.0001	-0.0029	0.0831
440	-0.0034	-0.0010	-0.0025	-0.0044	-0.0021	-0.0049	-0.0016	-0.0071	-0.0082	0.0831	-0.0013	-0.0053	-0.0023	-0.0030	-0.0100	-0.0105	-0.0066	-0.0058	-0.0000	-0.0029	0.0831
450	-0.0034	-0.0010	-0.0025	-0.0044	-0.0021	-0.0049	-0.0016	-0.0071	-0.0082	0.0831	-0.0013	-0.0053	-0.0022	-0.0030	-0.0100	-0.0107	-0.0066	-0.0058	-0.0001	-0.0029	0.0831
163	-0.0034	-0.0010	-0.0025	-0.0044	-0.0021	-0.0049	-0.0016	-0.0071	-0.0082	0.0831	-0.0013	-0.0053	-0.0022	-0.0030	-0.0100	-0.0107	-0.0066	-0.0058	-0.0001	-0.0029	0.0831
121	-0.0034	-0.0010	-0.0025	-0.0044	-0.0021	-0.0049	-0.0016	-0.0071	-0.0082	0.0831	-0.0013	-0.0053	-0.0022	-0.0030	-0.0100	-0.0107	-0.0066	-0.0058	-0.0001	-0.0029	0.0831
558	-0.0034	-0.0010	-0.0025	-0.0044	-0.0021	-0.0049	-0.0016	-0.0072	-0.0082	0.0831	-0.0013	-0.0053	-0.0022	-0.0030	-0.0099	-0.0107	-0.0066	-0.0058	-0.0000	-0.0029	0.0831
415	-0.0034	-0.0010	-0.0025	-0.0044	-0.0021	-0.0049	-0.0016	-0.0077	-0.0082	0.0827	-0.0007	-0.0053	-0.0023	-0.0030	-0.0100	-0.0106	-0.0066	-0.0058	0.0003	-0.0029	0.0830
468	-0.0034	-0.0010	-0.0025	-0.0044	-0.0021	-0.0049	-0.0016	-0.0077	-0.0082	0.0827	-0.0007	-0.0053	-0.0022	-0.0030	-0.0100	-0.0106	-0.0066	-0.0058	0.0003	-0.0029	0.0830
510	-0.0034	-0.0010	-0.0025	-0.0044	-0.0021	-0.0049	-0.0016	-0.0079	-0.0082	0.0826	-0.0006	-0.0053	-0.0022	-0.0030	-0.0100	-0.0107	-0.0066	-0.0058	0.0004	-0.0029	0.0830
8	-0.0034	-0.0010	-0.0025	-0.0044	-0.0021	-0.0049	-0.0016	-0.0078	-0.0082	0.0827	-0.0007	-0.0053	-0.0022	-0.0030	-0.0100	-0.0107	-0.0066	-0.0058	0.0004	-0.0029	0.0830
78	-0.0034	-0.0010	-0.0025	-0.0044	-0.0021	-0.0049	-0.0016	-0.0078	-0.0082	0.0826	-0.0006	-0.0053	-0.0022	-0.0030	-0.0100	-0.0107	-0.0066	-0.0058	0.0004	-0.0029	0.0830
422	-0.0034	-0.0010	-0.0025	-0.0044	-0.0021	-0.0049	-0.0016	-0.0079	-0.0082	0.0826	-0.0006	-0.0053	-0.0022	-0.0030	-0.0100	-0.0107	-0.0066	-0.0058	0.0004	-0.0029	0.0830
327	-0.0034	-0.0010	-0.0025	-0.0044	-0.0021	-0.0049	-0.0016	-0.0077	-0.0082	0.0827	-0.0008	-0.0053	-0.0022	-0.0030	-0.0100	-0.0107	-0.0066	-0.0058	0.0003	-0.0029	0.0830
285	0.0458	-0.0006	-0.0022	-0.0051	-0.0008	-0.0053	-0.0012	-0.0071	-0.0083	-0.0085	-0.0001	-0.0051	-0.0024	-0.0027	-0.0101	-0.0091	-0.0118	0.0364	0.0009	-0.0026	0.0830
2	0.0441	-0.0006	-0.0022	-0.0051	-0.0008	-0.0053	-0.0012	-0.0077	-0.0082	-0.0087	-0.0002	-0.0051	-0.0023	-0.0027	-0.0101	-0.0090	-0.0111	0.0380	0.0009	-0.0026	0.0830
96	0.0440	-0.0006	-0.0022	-0.0051	-0.0008	-0.0053	-0.0012	-0.0084	-0.0083	-0.0088	-0.0002	-0.0051	-0.0022	-0.0027	-0.0101	-0.0090	-0.0104	0.0380	0.0009	-0.0026	0.0830
181	0.0399	-0.0007	-0.0022	-0.0051	-0.0009	-0.0053	-0.0012	-0.0087	-0.0083	-0.0094	-0.0027	-0.0051	-0.0020	-0.0027	-0.0101	-0.0086	-0.0073	0.0421	0.0009	-0.0026	0.0829
330	0.0389	-0.0006	-0.0031	-0.0042	-0.0014	-0.0053	-0.0012	-0.0123	-0.0082	-0.0089	-0.0002	-0.0051	-0.0019	-0.0027	-0.0101	-0.0085	-0.0066	0.0431	0.0009	-0.0026	0.0828
260	-0.0034	-0.0007	-0.0053	-0.0042	-0.0009	-0.0047	-0.0017	-0.0078	-0.0098	-0.0084	-0.0003	0.0435	-0.0020	-0.0028	-0.0100	-0.0116	0.0378	-0.0052	0.0007	-0.0032	0.0820
112	0.0453	-0.0007	-0.0031	-0.0041	-0.0009	-0.0052	-0.0012	-0.0070	-0.0081	-0.0084	-0.0002	-0.0051	-0.0024	-0.0027	-0.0099	0.0358	-0.0118	-0.0084	0.0008	-0.0026	0.0819
82	-0.0039	-0.0010	-0.0036	0.0459	-0.0012	-0.0081	-0.0015	-0.0073	0.0353	-0.0087	-0.0005	-0.0054	-0.0022	-0.0035	-0.0102	-0.0087	-0.0068	-0.0061	0.0005	-0.0029	0.0817
289	-0.0039	-0.0010	-0.0036	0.0458	-0.0012	-0.0080	-0.0015	-0.0073	0.0354	-0.0087	-0.0005	-0.0054	-0.0022	-0.0035	-0.0103	-0.0087	-0.0068	-0.0061	0.0005	-0.0029	0.0817
506	-0.0039	-0.0010	-0.0036	0.0457	-0.0012	-0.0080	-0.0015	-0.0073	0.0355	-0.0087	-0.0005	-0.0054	-0.0022	-0.0035	-0.0103	-0.0087	-0.0068	-0.0061	0.0005	-0.0029	0.0817
102	-0.0039	-0.0010	-0.0036	0.0457	-0.0012	-0.0080	-0.0015	-0.0073	0.0355	-0.0087	-0.0006	-0.0054	-0.0022	-0.0035	-0.0103	-0.0087	-0.0068	-0.0061	0.0005	-0.0029	0.0817
170	-0.0033	-0.0009	-0.0056	-0.0044	-0.0011	-0.0049	-0.0019	-0.0077	0.0375	-0.0085	-0.0004	0.0435	-0.0021	-0.0029	-0.0101	-0.0119	-0.0071	-0.0053	0.0006	-0.0034	0.0816
11	-0.0032	-0.0011	-0.0023	-0.0043	0.0464	-0.0048	-0.0017	-0.0081	-0.0083	0.0344	-0.0003	-0.0052	-0.0032	-0.0028	-0.0105	-0.0100	-0.0067	-0.0059	0.0008	-0.0032	0.0816
292	0.0434	-0.0008	-0.0025	-0.0048	-0.0010	-0.0052	-0.0013	-0.0071	-0.0086	-0.0086	-0.0013	-0.0052	-0.0025	-0.0028	-0.0103	-0.0092	0.0373	-0.0075	0.0007	-0.0027	0.0814
10	0.0438	-0.0008	-0.0023	-0.0049	-0.0010	-0.0052	-0.0013	-0.0080	-0.0086	-0.0086	-0.0003	-0.0052	-0.0025	-0.0028	-0.0103	-0.0092	0.0369	-0.0077	0.0007	-0.0027	0.0814
205	0.0424	-0.0008	-0.0028	-0.0043	-0.0010	-0.0051	-0.0013	-0.0087	-0.0083	-0.0086	-0.0003	-0.0056	-0.0025	-0.0028	-0.0101	-0.0095	0.0383	-0.0071	0.0007	-0.0027	0.0814
325	0.0401	-0.0007	-0.0023	-0.0045	-0.0010	-0.0049	-0.0013	-0.0097	-0.0090	-0.0085	-0.0003	-0.0052	-0.0025	-0.0028	-0.0106	-0.0092	0.0404	-0.0061	0.0008	-0.0027	0.0813
89	-0.0033	-0.0009	-0.0031	-0.0069	-0.0011	-0.0048	-0.0015	-0.0072	0.0414	-0.0085	-0.0009	0.0393	-0.0021	-0.0033	-0.0131	-0.0092	-0.0071	-0.0053	0.0006	-0.0029	0.0813
73	-0.0046	-0.0010	-0.0030	-0.0044	-0.0018	-0.0053	-0.0016	0.0712	-0.0084	-0.0091	-0.0008	-0.0058	-0.0022	-0.0030	-0.0102	-0.0089	-0.0080	0.0095	0.0004	-0.0029	0.0811
6	-0.0055	-0.0010	-0.0034	-0.0044	-0.0018	-0.0054	-0.0015	0.0683	-0.0083	-0.0091	-0.0006	-0.0055	-0.0022	-0.0030	-0.0101	-0.0087	-0.0072	0.0120	0.0005	-0.0029	0.0807
417	-0.0037	-0.0014	-0.0029	-0.0060	-0.0016	-0.0073	-0.0019	-0.0081	0.0710	-0.0088	-0.0009	-0.0060	-0.0026	-0.0035	0.0096	-0.0095	-0.0075	-0.0057	0.0000	-0.0032	0.0807
137	-0.0035	-0.0015	-0.0027	-0.0045	-0.0014	-0.0081	-0.0017	-0.0077	-0.0104	-0.0085	-0.0008	-0.0085	-0.0023	-0.0031	0.0076	0.0724	-0.0072	-0.0055	0.0002	-0.0030	0.0803
298	-0.0035	-0.0010	-0.0026	-0.0051	-0.0013	-0.0050	-0.0026	-0.0073	-0.0095	-0.0093	-0.0006	-0.0054	-0.0028	0.0454	0.0342	-0.0087	-0.0068	-0.0055	0.0004	-0.0029	0.0800
98	-0.0062	-0.0009	-0.0025	-0.0045	-0.0011	-0.0049	-0.0015	-0.0104	0.0379	-0.0085	-0.0005	-0.0053	-0.0026	-0.0029	-0.0108	-0.0091	0.0414	-0.0053	0.0005	-0.0028	0.0798
527	-0.0035	-0.0010	-0.0026	-0.0050	-0.0013	-0.0051	-0.0026	-0.0073	-0.0094	-0.0093	-0.0006	-0.0054	-0.0028	0.0452	0.0345	-0.0087	-0.0068	-0.0055	0.0002	-0.0029	0.0798
254	-0.0062	-0.0009	-0.0025	-0.0045	-0.0011	-0.0049	-0.0015	-0.0104	0.0379	-0.0085	-0.0005	-0.0053	-0.0026	-0.0030	-0.0108	-0.0091	0.0414	-0.0053	0.0005	-0.0028	0.0798
243	-0.0033	-0.0008	-0.0056	-0.0043	-0.0011	-0.0048	-0.0018	-0.0077	-0.0099	-0.0085	-0.0004	0.0440	-0.0021	-0.0029	-0.0100	0.0340	-0.0071	-0.0053	0.0006	-0.0033	0.0786
175	-0.0033	-0.0009	-0.0056	-0.0043	-0.0011	-0.0048	-0.0018	-0.0077	-0.0099	-0.0085	-0.0004	0.0438	-0.0021	-0.0029	-0.0100	0.0342	-0.0071	-0.0053	0.0006	-0.0033	0.0786
385	-0.0033	-0.0008	-0.0056	-0.0043	-0.0011	-0.0048	-0.0018	-0.0077	-0.0099	-0.0084	-0.0004	0.0439	-0.0021	-0.0028	-0.0100	0.0341	-0.0070	-0.0053	0.0006	-0.0033	0.0786
222	-0.0033	-0.0011	-0.0040	-0.0042	-0.0010	-0.0063	-0.0016	-0.0077	-0.0091	-0.0084	-0.0004	0.0402	-0.0021	-0.0028	-0.0111	0.0377	-0.0070	-0.0053	0.0006	-0.0030	0.0785
72	-0.0033	-0.0013	-0.0032	-0.0042	-0.0010	-0.0071	-0.0015	-0.0077	-0.0086	-0.0084	-0.0004	0.0382	-0.0021	-0.0028	-0.0116	0.0395	-0.0070	-0.0053	0.0006	-0.0029	0.0784
206	-0.0033	-0.0009	-0.0024	-0.0042	-0.0028	-0.0048	-0.0018	0.0088	-0.0081	0.0683	-0.0008	-0.0057	-0.0031	-0.0029	-0.0101	-0.0087	-0.0081	-0.0074	0.0005	-0.0027	0.0777
184	-0.0037	-0.0013	-0.0028	-0.0084	-0.0015	-0.0053	-0.0019	-0.0081	0.0081	-0.0089	-0.0009	-0.0068	-0.0025	0.0386	0.0307	-0.0089	-0.0076	-0.0057	0.0002	-0.0032	0.0776
310	-0.0048	-0.0007	-0.0023	-0.0048	-0.0010	-0.0051	-0.0013	0.0357	-0.0085	-0.0095	-0.0011	-0.0051	-0.0020	-0.0028	-0.0102	-0.0084	-0.0073	0.0411	0.0007	-0.0026	0.0776
148	-0.0056	-0.0009	-0.0024	-0.0042	-0.0011	-0.0048	-0.0014	-0.0070	-0.0089	-0.0092	-0.0028	-0.0051	-0.0031	-0.0028	-0.0104	0.0364	0.0406	-0.0052	0.0005	-0.0027	0.0776
88	-0.0038	-0.0014	-0.0024	-0.0042	-0.0043	-0.0047	-0.0014	-0.0070	-0.0081	-0.0083	-0.0004	-0.0051	-0.0047	-0.0028	-0.0098	0.0398	0.0371	-0.0052	0.0006	-0.0036	0.0775
336	-0.0033	-0.0007	-0.0023	-0.0042	-0.0015	-0.0047	-0.0013	0.0403	-0.0082	-0.0089	-0.0008	-0.0060	-0.0020	-0.0028	-0.0100	-0.0090	-0.0090	0.0363	0.0007	-0.0026	0.0773
77	-0.0034	-0.0007	-0.0024	-0.0042	-0.0015	-0.0048	-0.0013	0.0401	-0.0082	-0.0089	-0.0008	-0.0060	-0.0020	-0.0028	-0.0100	-0.0090	-0.0089	0.0364	0.0007	-0.0026	0.0773
313	-0.0055	-0.0008	-0.0033	-0.0042	-0.0016	-0.0053	-0.0013	0.0333	-0.0082	-0.0089	-0.0003	-0.0052	-0.0020	-0.0028	-0.0100	-0.0084	-0.0066	0.0432	0.0007	-0.0027	0.0772
46	-0.0055	-0.0008	-0.0031	-0.0044	-0.0015	-0.0053	-0.0013	0.0334	-0.0082	-0.0090	-0.0003	-0.0052	-0.0020	-0.0028	-0.0100	-0.0085	-0.0066	0.0430	0.0007	-0.0027	0.0772
214	-0.0055	-0.0008	-0.0033	-0.0042	-0.0016	-0.0053	-0.0013	0.0334	-0.0082	-0.0089	-0.0003	-0.0052	-0.0020	-0.0028	-0.0100	-0.0084	-0.0066	0.0431	0.0007	-0.0027	0.0771
194	-0.0055	-0.0008	-0.0032	-0.0042	-0.0016	-0.0053	-0.0013	0.0334	-0.0082	-0.0089	-0.0003	-0.0052	-0.0020	-0.0028	-0.0100	-0.0084	-0.0066	0.0430	0.0007	-0.0027	0.0771
149	0.0113	-0.0010	-0.0026	-0.0055	-0.0012	-0.0057	-0.0016	-0.0075	-0.0085	-0.0088	-0.0006	-0.0054	-0.0028	-0.0031	-0.0103	-0.0095	0.0320	0.0333	0.0005	-0.0029	0.0770
105	-0.0062	-0.0008	-0.0024	-0.0042	-0.0010	-0.0048	-0.0014	0.0342	-0.0092	-0.0084	-0.0004	-0.0052	-0.0025	-0.0028	-0.0106	-0.0090	0.0421	-0.0053	0.0006	-0.0027	0.0770
217	-0.0053	-0.0007	-0.0022	-0.0050	-0.0009	-0.0052	-0.0012	-0.0069	-0.0080	0.0335	-0.0049	-0.0050	-0.0019	-0.0027	-0.0098	-0.0083	-0.0064	0.0427	0.0008	-0.0026	0.0770
514	-0.0035	-0.0011	-0.0026	-0.0077	-0.0014	-0.0050	-0.0017	-0.0078	0.0424	-0.0085	-0.0008	-0.0064	-0.0023	-0.0035	0.0339	-0.0085	-0.0072	-0.0054	0.0003	-0.0030	0.0765
503	-0.0035	-0.0011	-0.0026	-0.0077	-0.0014	-0.0050	-0.0017	-0.0078	0.0423	-0.0085	-0.0007	-0.0064	-0.0023	-0.0035	0.0339	-0.0085	-0.0072	-0.0054	0.0003	-0.0030	0.0765
465	-0.0035	-0.0011	-0.0026	-0.0077	-0.0014	-0.0050	-0.0017	-0.0078	0.0423	-0.0085	-0.0007	-0.0064	-0.0023	-0.0035	0.0340	-0.0085	-0.0072	-0.0054	0.0003	-0.0030	0.0765
63	-0.0038	-0.0011	-0.0027	-0.0048	-0.0014	-0.0050	-0.0017	0.0068	0.0352	-0.0097	-0.0037	-0.0055	-0.0024	-0.0032	-0.0112	-0.0087	0.0340	-0.0086	0.0003	-0.0030	0.0764
469	-0.0035	-0.0012	-0.0026	-0.0071	-0.0014	-0.0056	-0.0017	-0.0072	0.0407	-0.0085	-0.0013	-0.0062	-0.0023	-0.0035	0.0355	-0.0087	-0.0072	-0.0054	0.0002	-0.0030	0.0764
204	-0.0035	-0.0011	-0.0026	-0.0053	-0.0014	-0.0073	-0.0017	-0.0072	0.0373	-0.0085	-0.0013	-0.0056	-0.0023	-0.0034	0.0390	-0.0093	-0.0072	-0.0054	-0.0003	-0.0030	0.0763
328	-0.0035	-0.0011	-0.0026	-0.0045	-0.0014	-0.0081	-0.0017	-0.0072	0.0351	-0.0085	-0.0013	-0.0053	-0.0023	-0.0031	0.0411	-0.0096	-0.0072	-0.0054	-0.0003	-0.0030	0.0762
12	0.0356	-0.0010	-0.0025	-0.0044	-0.0013	-0.0050	-0.0015	-0.0095	-0.0091	-0.0101	-0.0005	-0.0054	-0.0037	-0.0030	-0.0107	0.0341	0.0059	-0.0055	0.0005	-0.0029	0.0761
224	-0.0035	-0.0012	-0.0026	-0.0046	-0.0014	-0.0080	-0.0017	-0.0078	0.0353	-0.0085	-0.0007	-0.0054	-0.0023	-0.0031	0.0405	-0.0096	-0.0072	-0.0054	0.0003	-0.0030	0.0761
223	-0.0035	-0.0011	-0.0026	-0.0045	-0.0014	-0.0082	-0.0017	-0.0075	0.0346	-0.0085	-0.0010	-0.0053	-0.0023	-0.0031	0.0414	-0.0096	-0.0072	-0.0054	-0.0001	-0.0030	0.0760
282	-0.0068	-0.0010	-0.0028	-0.0045	-0.0013	-0.0050	-0.0016	0.0313	-0.0085	-0.0087	-0.0006	0.0358	-0.0028	-0.0031	-0.0102	-0.0103	0.0082	-0.0056	0.0004	-0.0029	0.0757
475	-0.0030	-0.0007	-0.0022	-0.0040	-0.0009	-0.0046	-0.0012	0.0412	-0.0088	0.0336	-0.0029	-0.0050	-0.0021	-0.0027	-0.0103	-0.0082	-0.0087	-0.0079	0.0008	-0.0025	0.0755
87	-0.0033	-0.0013	-0.0024	-0.0043	0.0101	-0.0048	-0.0016	0.0341	-0.0082	0.0306	-0.0006	-0.0055	-0.0027	-0.0029	-0.0102	-0.0103	-0.0073	-0.0066	0.0006	-0.0033	0.0754
169	0.0370	-0.0011	-0.0026	-0.0005	-0.0013	-0.0052	-0.0016	-0.0076	0.0376	-0.0088	-0.0009	-0.0063	-0.0024	-0.0035	-0.0134	-0.0089	-0.0018	-0.0062	0.0004	-0.0030	0.0750
164	-0.0033	-0.0007	-0.0023	-0.0041	-0.0014	-0.0047	-0.0014	-0.0081	-0.0080	0.0362	-0.0003	-0.0050	-0.0044	-0.0034	-0.0104	-0.0083	-0.0064	0.0380	0.0007	-0.0026	0.0749
90	-0.0039	-0.0013	-0.0033	0.0384	-0.0015	-0.0074	-0.0018	-0.0078	0.0031	-0.0088	-0.0008	-0.0060	-0.0025	-0.0037	0.0326	-0.0091	-0.0073	-0.0060	0.0002	-0.0031	0.0743
144	-0.0054	-0.0010	-0.0025	-0.0051	-0.0012	-0.0054	-0.0015	0.0014	-0.0086	-0.0097	-0.0012	-0.0054	-0.0022	-0.0030	-0.0104	-0.0087	0.0343	0.0378	0.0005	-0.0029	0.0741
52	-0.0036	-0.0020	-0.0029	-0.0046	-0.0015	-0.0087	-0.0019	-0.0081	-0.0086	-0.0088	-0.0008	0.0331	-0.0025	-0.0032	0.0322	0.0080	-0.0075	-0.0056	0.0002	-0.0031	0.0735
231	-0.0038	-0.0013	-0.0031	0.0040	-0.0016	-0.0061	-0.0019	-0.0079	0.0353	-0.0088	-0.0009	-0.0064	-0.0025	-0.0038	0.0339	-0.0088	-0.0073	-0.0058	0.0001	-0.0032	0.0733
172	-0.0037	-0.0010	-0.0025	-0.0043	-0.0017	-0.0049	-0.0015	-0.0071	-0.0082	0.0656	-0.0009	-0.0052	-0.0037	-0.0030	-0.0099	0.0076	-0.0071	-0.0056	-0.0000	-0.0028	0.0732
431	-0.0031	-0.0007	-0.0023	-0.0041	-0.0010	-0.0046	-0.0013	0.0364	-0.0081	0.0359	-0.0011	-0.0050	-0.0045	-0.0036	-0.0104	-0.0082	-0.0065	-0.0058	0.0007	-0.0026	0.0730
3	-0.0036	-0.0013	-0.0028	-0.0083	-0.0015	-0.0053	-0.0018	0.0325	0.0085	-0.0087	-0.0009	-0.0067	-0.0025	-0.0037	0.0309	-0.0087	-0.0075	-0.0056	0.0001	-0.0031	0.0720
145	-0.0045	-0.0013	-0.0028	-0.0061	-0.0015	-0.0064	-0.0018	-0.0088	0.0045	-0.0087	-0.0009	-0.0047	-0.0026	-0.0035	0.0325	-0.0095	0.0347	-0.0056	0.0001	-0.0031	0.0719
85	-0.0037	-0.0009	-0.0024	-0.0042	-0.0013	-0.0047	-0.0014	-0.0072	-0.0081	0.0327	-0.0004	-0.0051	-0.0042	-0.0028	-0.0098	0.0382	-0.0072	-0.0053	0.0005	-0.0027	0.0715
177	-0.0037	-0.0020	-0.0028	-0.0046	-0.0015	-0.0090	-0.0018	0.0324	0.0334	-0.0088	-0.0008	-0.0071	-0.0025	-0.0033	-0.0065	0.0048	-0.0075	-0.0057	0.0001	-0.0031	0.0707
59	-0.0036	-0.0012	-0.0027	-0.0047	-0.0015	-0.0068	-0.0018	-0.0079	0.0336	0.0309	-0.0008	-0.0055	-0.0033	-0.0053	0.0054	-0.0092	-0.0071	-0.0057	0.0002	-0.0031	0.0701