# Differential preferences fit to each site.
# Regularizing prior: ('invquadratic', 150.0, 0.5)
#
site	dpi_A	dpi_C	dpi_D	dpi_E	dpi_F	dpi_G	dpi_H	dpi_I	dpi_K	dpi_L	dpi_M	dpi_N	dpi_P	dpi_Q	dpi_R	dpi_S	dpi_T	dpi_V	dpi_W	dpi_Y	half_sum_abs_dpi
174	-0.0071	-0.0052	-0.0055	-0.0084	-0.0052	-0.0074	-0.0048	-0.0159	-0.0151	-0.0291	-0.0035	-0.0094	0.1997	-0.0099	-0.0154	-0.0141	-0.0236	-0.0069	-0.0081	-0.0052	0.1997
74	0.1621	-0.0105	-0.0001	-0.0020	-0.0018	-0.0066	-0.0077	-0.0163	-0.0053	-0.0155	-0.0106	-0.0102	-0.0137	-0.0056	-0.0031	-0.0123	-0.0228	-0.0166	-0.0010	-0.0003	0.1621
153	-0.0077	-0.0039	-0.0074	-0.0100	-0.0038	-0.0005	0.1564	-0.0113	-0.0043	-0.0051	-0.0042	-0.0154	-0.0005	-0.0150	-0.0309	-0.0122	-0.0130	-0.0081	-0.0029	-0.0002	0.1564
171	-0.0147	-0.0002	-0.0156	-0.0194	-0.0002	0.1523	-0.0024	-0.0152	-0.0002	-0.0016	-0.0052	-0.0107	-0.0128	-0.0082	-0.0000	-0.0177	-0.0159	-0.0122	-0.0002	-0.0001	0.1523
277	-0.0047	-0.0023	-0.0030	-0.0191	-0.0001	0.1476	-0.0021	-0.0077	-0.0141	-0.0072	-0.0026	-0.0075	-0.0028	-0.0048	-0.0287	-0.0086	-0.0208	-0.0088	-0.0002	-0.0025	0.1476
199	-0.0069	-0.0046	-0.0048	-0.0086	-0.0044	-0.0078	-0.0084	-0.0112	-0.0197	-0.0092	-0.0047	0.1470	-0.0036	-0.0076	-0.0106	-0.0116	-0.0120	-0.0074	-0.0038	-0.0000	0.1470
389	-0.0053	-0.0014	-0.0000	-0.0022	-0.0013	0.1465	-0.0035	-0.0060	-0.0131	-0.0091	-0.0050	-0.0002	-0.0000	-0.0283	-0.0240	-0.0351	-0.0053	-0.0056	-0.0011	-0.0000	0.1465
127	-0.0139	-0.0012	-0.0007	-0.0003	0.1463	-0.0065	-0.0063	-0.0207	-0.0015	-0.0220	-0.0099	-0.0001	-0.0002	-0.0021	-0.0001	-0.0132	-0.0205	-0.0174	-0.0092	-0.0005	0.1463
414	-0.0054	-0.0073	-0.0047	-0.0167	-0.0025	-0.0064	-0.0064	-0.0090	0.1451	-0.0079	-0.0028	-0.0102	-0.0041	-0.0075	-0.0225	-0.0090	-0.0105	-0.0059	-0.0019	-0.0044	0.1451
35	-0.0088	-0.0076	-0.0006	-0.0007	-0.0086	-0.0010	-0.0006	-0.0267	-0.0030	-0.0297	-0.0175	-0.0008	-0.0066	-0.0029	-0.0007	-0.0012	-0.0251	0.1438	-0.0014	-0.0004	0.1438
455	-0.0096	-0.0008	-0.0057	-0.0086	-0.0040	-0.0076	-0.0049	-0.0098	-0.0154	-0.0119	-0.0037	-0.0096	-0.0005	-0.0073	-0.0141	0.1435	-0.0129	-0.0070	-0.0036	-0.0064	0.1435
219	-0.0098	-0.0013	-0.0056	-0.0078	-0.0035	-0.0073	-0.0049	-0.0012	-0.0141	-0.0163	-0.0038	-0.0091	-0.0117	-0.0070	-0.0131	0.1408	-0.0159	-0.0065	-0.0020	0.0001	0.1409
496	-0.0061	-0.0030	-0.0035	-0.0083	-0.0027	-0.0072	-0.0083	-0.0098	-0.0224	-0.0093	-0.0021	0.1408	-0.0000	-0.0063	-0.0143	-0.0168	-0.0136	-0.0068	-0.0004	0.0000	0.1408
41	-0.0096	-0.0023	-0.0048	-0.0087	-0.0021	-0.0069	-0.0039	-0.0330	-0.0183	-0.0027	-0.0024	-0.0013	-0.0051	-0.0065	-0.0182	-0.0071	0.1403	-0.0064	-0.0012	0.0003	0.1406
144	-0.0418	-0.0033	-0.0150	-0.0114	-0.0149	-0.0028	-0.0017	0.0216	-0.0002	-0.0013	-0.0063	-0.0097	-0.0001	-0.0039	-0.0002	-0.0056	0.0502	0.0627	-0.0163	-0.0001	0.1345
9	-0.0074	0.1342	-0.0012	-0.0006	-0.0032	-0.0022	-0.0086	-0.0122	-0.0205	-0.0115	-0.0033	-0.0013	-0.0004	-0.0021	-0.0024	-0.0157	-0.0141	-0.0112	-0.0028	-0.0135	0.1342
200	-0.0050	-0.0019	-0.0046	-0.0084	-0.0017	-0.0071	-0.0033	0.0152	-0.0055	-0.0102	0.1180	-0.0097	-0.0062	-0.0067	-0.0072	-0.0107	-0.0340	-0.0065	-0.0007	-0.0037	0.1332
411	-0.0059	-0.0019	-0.0074	0.1325	-0.0017	-0.0016	-0.0034	-0.0084	-0.0340	-0.0079	-0.0021	-0.0089	-0.0000	-0.0065	-0.0128	-0.0092	-0.0097	-0.0061	-0.0010	-0.0039	0.1325
105	-0.0148	-0.0079	-0.0015	-0.0139	-0.0077	-0.0009	-0.0013	0.0561	-0.0006	-0.0148	-0.0043	-0.0075	-0.0113	-0.0124	-0.0001	-0.0180	0.0754	-0.0123	-0.0019	-0.0004	0.1315
208	-0.0061	-0.0021	-0.0060	-0.0078	-0.0027	-0.0077	0.0707	-0.0075	-0.0022	-0.0110	-0.0031	-0.0105	-0.0067	-0.0275	0.0593	-0.0101	-0.0102	-0.0059	-0.0024	-0.0005	0.1300
145	-0.0105	-0.0010	-0.0067	-0.0139	-0.0040	-0.0257	-0.0058	-0.0030	0.0280	-0.0039	-0.0043	-0.0147	-0.0084	-0.0086	0.0436	-0.0030	0.0582	-0.0081	-0.0020	-0.0062	0.1299
70	-0.0043	-0.0007	-0.0017	-0.0241	-0.0047	-0.0053	-0.0028	-0.0151	0.0102	-0.0079	-0.0018	0.1186	-0.0035	-0.0073	-0.0190	-0.0172	-0.0087	-0.0035	-0.0008	-0.0004	0.1288
336	-0.0069	-0.0051	-0.0062	-0.0080	-0.0049	-0.0019	-0.0055	0.0670	-0.0126	-0.0096	-0.0094	-0.0102	-0.0000	-0.0071	-0.0117	-0.0109	-0.0169	0.0607	-0.0003	-0.0005	0.1277
204	-0.0061	-0.0002	-0.0055	-0.0090	-0.0042	-0.0027	-0.0071	-0.0090	0.0576	-0.0089	-0.0177	-0.0092	-0.0001	-0.0079	0.0697	-0.0102	-0.0089	-0.0066	-0.0069	-0.0071	0.1273
341	-0.0015	-0.0083	-0.0003	-0.0003	-0.0454	-0.0001	-0.0101	-0.0019	-0.0037	-0.0042	-0.0012	-0.0069	-0.0006	-0.0015	-0.0052	0.1261	-0.0151	-0.0022	-0.0066	-0.0111	0.1261
498	-0.0050	-0.0039	-0.0063	-0.0094	-0.0037	-0.0086	-0.0025	-0.0143	-0.0164	-0.0101	-0.0042	-0.0018	-0.0001	-0.0081	-0.0078	-0.0136	0.1255	-0.0077	-0.0014	-0.0006	0.1255
513	0.0715	-0.0006	-0.0119	-0.0102	-0.0037	0.0534	-0.0054	-0.0092	-0.0120	-0.0087	-0.0040	-0.0090	-0.0056	-0.0077	-0.0127	-0.0098	-0.0107	-0.0016	-0.0020	-0.0002	0.1250
175	-0.0164	-0.0025	-0.0034	-0.0137	-0.0001	-0.0046	-0.0025	-0.0110	-0.0236	-0.0075	-0.0005	0.0754	-0.0029	-0.0050	-0.0085	0.0458	-0.0110	-0.0047	0.0008	-0.0040	0.1220
517	-0.0049	-0.0000	-0.0031	-0.0119	0.0001	0.1201	-0.0020	-0.0078	-0.0043	-0.0076	-0.0000	-0.0080	-0.0027	-0.0048	-0.0392	-0.0090	-0.0095	-0.0067	0.0011	0.0003	0.1216
267	-0.0062	-0.0039	-0.0012	-0.0091	-0.0020	-0.0104	-0.0043	-0.0109	-0.0044	-0.0108	-0.0027	-0.0105	-0.0001	-0.0074	0.1193	-0.0134	-0.0128	-0.0071	-0.0023	0.0002	0.1195
149	-0.0160	-0.0003	-0.0007	-0.0019	-0.0097	-0.0079	-0.0028	-0.0030	-0.0004	-0.0164	-0.0034	-0.0039	-0.0003	-0.0140	-0.0001	-0.0180	0.0526	0.0668	-0.0091	-0.0115	0.1194
407	0.1123	0.0010	-0.0111	-0.0060	0.0012	-0.0106	-0.0010	-0.0074	-0.0149	-0.0069	0.0007	-0.0005	-0.0022	-0.0042	-0.0131	-0.0096	-0.0204	-0.0080	0.0022	-0.0015	0.1174
210	-0.0068	-0.0003	0.0447	0.0725	-0.0028	-0.0124	-0.0045	-0.0086	-0.0164	-0.0083	-0.0031	-0.0098	-0.0061	-0.0050	-0.0008	-0.0095	-0.0101	-0.0104	-0.0021	-0.0001	0.1173
231	-0.0060	-0.0073	-0.0087	-0.0121	-0.0013	-0.0045	-0.0033	-0.0097	0.0617	-0.0084	-0.0017	-0.0140	-0.0040	-0.0112	0.0543	-0.0093	-0.0042	-0.0061	-0.0005	-0.0038	0.1161
177	-0.0095	-0.0010	-0.0059	-0.0115	-0.0062	-0.0063	-0.0078	0.0520	0.0454	-0.0123	-0.0054	0.0055	-0.0001	-0.0054	0.0130	-0.0129	-0.0148	-0.0099	-0.0054	-0.0014	0.1158
172	-0.0058	-0.0000	-0.0075	-0.0109	-0.0065	-0.0042	-0.0067	-0.0101	-0.0002	0.1004	-0.0045	-0.0120	-0.0012	-0.0064	-0.0009	0.0146	-0.0153	-0.0095	-0.0062	-0.0071	0.1150
157	-0.0080	0.0729	-0.0069	-0.0034	-0.0014	-0.0008	-0.0061	-0.0120	-0.0178	-0.0111	-0.0046	-0.0029	-0.0068	-0.0087	-0.0032	0.0409	-0.0139	-0.0022	-0.0017	-0.0023	0.1138
178	-0.0055	-0.0021	-0.0033	-0.0159	-0.0045	-0.0067	-0.0019	-0.0062	-0.0042	-0.0051	0.0379	-0.0114	-0.0029	-0.0076	0.0747	-0.0191	-0.0092	-0.0062	-0.0007	-0.0001	0.1126
222	-0.0058	-0.0049	-0.0318	-0.0089	-0.0014	-0.0127	-0.0044	-0.0121	-0.0004	-0.0099	-0.0012	0.0423	-0.0000	-0.0061	-0.0006	0.0697	-0.0001	-0.0066	-0.0004	-0.0046	0.1120
88	-0.0083	-0.0000	-0.0045	-0.0078	-0.0059	-0.0066	-0.0037	-0.0091	-0.0105	-0.0085	-0.0022	-0.0089	-0.0127	-0.0037	-0.0054	0.0684	0.0435	-0.0060	-0.0010	-0.0070	0.1120
256	-0.0027	0.0023	-0.0014	-0.0063	0.0027	-0.0045	-0.0001	0.1027	-0.0240	-0.0098	-0.0025	-0.0080	-0.0000	-0.0041	-0.0005	-0.0095	-0.0223	-0.0150	0.0039	-0.0008	0.1116
110	-0.0039	-0.0053	0.0034	-0.0069	-0.0070	-0.0063	0.1070	-0.0080	-0.0115	-0.0076	-0.0003	-0.0141	-0.0028	-0.0055	-0.0057	-0.0118	-0.0096	-0.0048	0.0011	-0.0005	0.1115
525	-0.0025	0.0061	-0.0086	-0.0102	0.0051	-0.0123	-0.0075	-0.0073	-0.0155	-0.0016	0.0059	-0.0172	0.0035	0.0013	-0.0057	-0.0116	-0.0104	0.0773	0.0072	0.0038	0.1103
466	-0.0033	-0.0035	-0.0084	-0.0050	-0.0003	-0.0084	-0.0032	-0.0128	-0.0115	-0.0055	-0.0009	0.0935	-0.0005	-0.0039	-0.0115	-0.0262	0.0152	-0.0037	-0.0001	0.0001	0.1087
298	-0.0121	-0.0005	-0.0032	-0.0126	-0.0003	-0.0024	-0.0048	-0.0082	-0.0047	-0.0098	-0.0007	-0.0080	-0.0147	0.0537	0.0541	-0.0091	-0.0098	-0.0049	0.0005	-0.0028	0.1084
205	0.0668	-0.0026	-0.0059	-0.0077	-0.0024	-0.0077	-0.0040	-0.0176	-0.0010	-0.0084	-0.0028	-0.0090	-0.0000	-0.0064	-0.0001	-0.0114	0.0415	-0.0166	-0.0002	-0.0045	0.1083
276	-0.0025	-0.0014	-0.0017	-0.0044	0.0435	-0.0034	-0.0021	-0.0094	-0.0107	-0.0295	0.0004	-0.0053	0.0619	-0.0032	-0.0101	-0.0118	-0.0071	-0.0047	0.0014	-0.0000	0.1072
511	-0.0037	-0.0014	-0.0099	-0.0053	-0.0013	-0.0045	-0.0059	-0.0067	-0.0129	-0.0058	-0.0016	0.1058	-0.0007	-0.0043	-0.0093	-0.0176	-0.0101	-0.0041	-0.0007	0.0001	0.1059
89	-0.0047	-0.0014	-0.0069	-0.0143	-0.0016	-0.0058	-0.0036	-0.0078	0.0441	-0.0074	-0.0029	0.0617	-0.0039	-0.0072	-0.0061	-0.0118	-0.0097	-0.0053	-0.0010	-0.0044	0.1058
234	-0.0053	-0.0029	-0.0009	-0.0056	-0.0028	-0.0014	-0.0008	-0.0094	0.1057	-0.0078	-0.0032	-0.0075	-0.0045	-0.0109	-0.0157	-0.0084	-0.0106	-0.0059	-0.0022	0.0001	0.1058
137	-0.0053	-0.0003	-0.0046	-0.0073	-0.0024	-0.0104	-0.0039	-0.0095	-0.0024	-0.0080	-0.0030	-0.0112	-0.0045	-0.0061	0.0313	0.0744	-0.0161	-0.0059	-0.0021	-0.0026	0.1057
282	-0.0300	-0.0016	-0.0010	-0.0065	-0.0015	-0.0003	-0.0033	0.0552	-0.0098	-0.0073	-0.0019	0.0496	-0.0001	-0.0053	-0.0117	-0.0111	-0.0070	-0.0052	-0.0008	-0.0006	0.1048
217	-0.0190	-0.0008	-0.0010	-0.0047	-0.0006	-0.0006	-0.0041	-0.0120	-0.0003	0.0484	-0.0152	-0.0007	-0.0000	-0.0094	-0.0007	-0.0169	-0.0179	0.0547	0.0010	-0.0000	0.1041
15	-0.0010	-0.0055	0.0065	-0.0051	-0.0017	-0.0085	-0.0021	-0.0059	-0.0113	-0.0082	0.0027	-0.0075	-0.0002	-0.0056	-0.0098	-0.0200	-0.0089	-0.0022	0.0040	0.0904	0.1036
473	-0.0042	-0.0010	-0.0018	-0.0095	-0.0009	-0.0047	-0.0026	-0.0088	0.1028	-0.0073	-0.0013	-0.0093	-0.0003	-0.0063	-0.0335	-0.0000	-0.0003	-0.0080	-0.0001	-0.0029	0.1028
111	-0.0001	-0.0007	-0.0007	-0.0004	0.1023	-0.0001	-0.0021	-0.0231	-0.0003	-0.0487	-0.0035	-0.0006	-0.0003	-0.0005	-0.0002	-0.0003	-0.0055	-0.0095	-0.0057	-0.0000	0.1023
201	-0.0112	-0.0002	-0.0070	-0.0063	-0.0038	0.1006	-0.0041	-0.0103	-0.0038	-0.0072	-0.0029	-0.0083	-0.0005	-0.0092	-0.0003	-0.0120	-0.0027	-0.0100	-0.0007	-0.0001	0.1006
220	-0.0029	0.0003	-0.0034	-0.0052	0.0005	-0.0041	0.0730	-0.0006	-0.0128	-0.0065	0.0001	0.0244	-0.0005	-0.0123	-0.0185	-0.0123	-0.0081	-0.0037	0.0012	-0.0085	0.0995
237	-0.0011	-0.0005	-0.0313	-0.0165	-0.0011	0.0456	-0.0031	-0.0010	-0.0024	-0.0003	-0.0073	0.0536	-0.0002	-0.0035	-0.0003	-0.0034	-0.0209	-0.0008	-0.0055	-0.0001	0.0992
304	-0.0032	-0.0008	-0.0025	-0.0023	-0.0000	-0.0075	-0.0016	-0.0121	-0.0125	-0.0059	-0.0003	-0.0138	-0.0022	-0.0025	-0.0162	0.0975	-0.0113	-0.0036	0.0007	0.0001	0.0984
505	-0.0050	-0.0023	-0.0005	-0.0065	-0.0067	-0.0053	-0.0023	-0.0078	-0.0056	-0.0082	-0.0008	-0.0076	-0.0012	-0.0050	-0.0109	0.0977	-0.0130	-0.0047	0.0004	-0.0044	0.0981
181	0.0533	0.0017	-0.0015	-0.0057	0.0019	-0.0008	-0.0004	-0.0154	-0.0148	-0.0109	-0.0040	-0.0069	-0.0009	-0.0037	-0.0130	-0.0088	-0.0099	0.0376	0.0030	-0.0009	0.0975
519	-0.0032	-0.0004	-0.0024	-0.0074	-0.0000	-0.0020	-0.0017	-0.0064	0.0965	-0.0054	-0.0004	-0.0120	-0.0023	-0.0064	-0.0252	-0.0071	-0.0112	-0.0037	0.0007	0.0000	0.0972
67	-0.0030	0.0006	-0.0021	-0.0063	0.0008	-0.0043	-0.0074	-0.0069	-0.0038	-0.0075	0.0004	-0.0019	-0.0073	0.0930	-0.0248	-0.0078	-0.0084	-0.0037	0.0017	-0.0016	0.0966
360	-0.0008	-0.0008	-0.0002	-0.0008	-0.0018	-0.0001	-0.0045	-0.0287	-0.0346	-0.0139	0.0401	-0.0000	-0.0000	-0.0021	-0.0021	-0.0012	-0.0033	0.0560	-0.0013	-0.0000	0.0961
228	-0.0145	0.0054	-0.0134	0.0726	0.0056	-0.0096	0.0030	-0.0013	-0.0004	-0.0047	-0.0014	-0.0019	-0.0007	-0.0182	-0.0044	-0.0059	-0.0067	-0.0127	0.0068	0.0023	0.0958
51	-0.0048	-0.0014	-0.0032	-0.0099	-0.0005	-0.0112	-0.0035	-0.0037	-0.0144	-0.0087	-0.0013	0.0955	-0.0002	-0.0014	-0.0030	-0.0089	-0.0094	-0.0061	-0.0001	-0.0041	0.0955
63	-0.0078	-0.0019	-0.0041	-0.0074	-0.0038	-0.0057	-0.0032	-0.0074	0.0242	-0.0093	-0.0092	-0.0070	-0.0001	-0.0052	-0.0101	-0.0035	0.0704	-0.0069	-0.0018	-0.0000	0.0945
98	-0.0085	-0.0006	-0.0044	-0.0070	-0.0009	-0.0063	-0.0040	-0.0033	0.0597	-0.0076	-0.0006	-0.0077	-0.0081	-0.0047	-0.0133	-0.0093	0.0343	-0.0058	-0.0020	-0.0000	0.0940
239	-0.0046	-0.0008	-0.0049	0.0241	-0.0008	-0.0115	-0.0024	-0.0068	-0.0017	-0.0075	-0.0009	-0.0069	0.0249	-0.0053	-0.0102	0.0445	-0.0125	-0.0168	-0.0001	-0.0000	0.0936
152	-0.0088	-0.0010	-0.0031	-0.0050	-0.0092	-0.0040	-0.0016	-0.0060	-0.0110	-0.0059	-0.0003	-0.0059	0.0144	-0.0037	-0.0099	0.0783	-0.0090	-0.0035	0.0007	-0.0055	0.0934
236	-0.0058	-0.0014	-0.0043	-0.0003	-0.0016	-0.0082	-0.0033	-0.0049	-0.0083	-0.0077	-0.0019	-0.0080	-0.0000	-0.0057	0.0932	-0.0198	-0.0026	-0.0047	-0.0008	-0.0037	0.0932
202	-0.0019	-0.0003	0.0067	-0.0833	-0.0002	-0.0008	-0.0019	-0.0005	-0.0008	-0.0004	-0.0003	0.0562	-0.0001	-0.0005	-0.0008	-0.0002	-0.0007	0.0302	-0.0004	-0.0000	0.0930
52	-0.0049	-0.0007	-0.0042	-0.0070	-0.0019	-0.0145	-0.0041	-0.0085	-0.0139	-0.0077	-0.0022	0.0404	-0.0000	-0.0057	0.0410	0.0117	-0.0109	-0.0054	-0.0012	-0.0001	0.0930
421	-0.0044	-0.0016	-0.0096	-0.0052	-0.0040	-0.0053	-0.0081	-0.0074	-0.0085	-0.0041	-0.0020	-0.0029	-0.0019	-0.0039	-0.0012	-0.0104	-0.0086	-0.0026	-0.0010	0.0927	0.0927
285	0.0284	0.0014	-0.0010	-0.0109	0.0016	-0.0029	0.0001	-0.0045	-0.0092	-0.0053	0.0010	-0.0040	-0.0001	-0.0020	-0.0080	-0.0104	-0.0343	0.0577	0.0023	0.0000	0.0925
209	-0.0056	-0.0003	-0.0026	-0.0185	-0.0006	-0.0042	-0.0020	-0.0079	0.0917	-0.0057	-0.0009	-0.0077	-0.0035	-0.0047	-0.0144	-0.0072	-0.0026	-0.0038	0.0000	0.0005	0.0922
226	-0.0127	-0.0006	-0.0006	-0.0053	-0.0004	-0.0019	-0.0019	-0.0080	-0.0114	-0.0060	-0.0007	-0.0095	-0.0000	-0.0041	-0.0102	-0.0109	0.0902	-0.0039	0.0003	-0.0023	0.0905
250	-0.0011	0.0028	-0.0036	0.0756	0.0030	-0.0090	0.0013	-0.0036	-0.0452	-0.0032	0.0026	-0.0034	0.0006	-0.0018	-0.0078	-0.0043	-0.0049	-0.0027	0.0037	0.0009	0.0904
235	-0.0066	0.0001	-0.0023	-0.0123	0.0003	-0.0003	-0.0014	-0.0104	-0.0122	-0.0079	-0.0004	-0.0063	-0.0001	-0.0039	-0.0109	-0.0072	-0.0078	0.0882	0.0011	0.0001	0.0899
514	-0.0037	-0.0004	-0.0031	-0.0173	-0.0011	-0.0046	-0.0024	-0.0088	0.0327	-0.0061	-0.0015	-0.0069	-0.0029	-0.0067	0.0562	-0.0070	-0.0089	-0.0042	-0.0005	-0.0028	0.0889
339	-0.0017	-0.0026	-0.0004	-0.0009	0.0715	-0.0001	-0.0076	0.0171	-0.0136	-0.0121	-0.0066	-0.0009	-0.0016	-0.0088	-0.0123	-0.0003	-0.0030	-0.0156	-0.0003	-0.0001	0.0885
385	-0.0037	-0.0015	-0.0107	-0.0054	-0.0013	-0.0050	-0.0037	-0.0074	-0.0139	-0.0060	-0.0015	0.0469	-0.0000	-0.0044	-0.0096	0.0413	-0.0097	-0.0042	-0.0002	-0.0000	0.0883
489	-0.0032	0.0012	-0.0041	0.0814	0.0014	-0.0182	-0.0005	-0.0060	-0.0044	-0.0055	0.0010	-0.0061	-0.0012	-0.0071	-0.0108	-0.0069	-0.0075	-0.0062	0.0023	0.0001	0.0875
302	-0.0019	0.0011	-0.0086	-0.0041	0.0013	-0.0031	-0.0018	-0.0082	-0.0108	-0.0048	0.0009	0.0804	-0.0010	-0.0028	-0.0094	-0.0173	-0.0070	-0.0025	0.0020	-0.0023	0.0857
36	-0.0025	-0.0053	-0.0068	-0.0023	-0.0084	-0.0004	-0.0002	-0.0068	-0.0022	0.0842	-0.0029	-0.0015	-0.0006	-0.0079	-0.0131	-0.0104	-0.0104	-0.0002	-0.0021	-0.0001	0.0842
523	-0.0011	0.0026	-0.0002	-0.0038	0.0028	-0.0025	0.0008	-0.0287	-0.0059	-0.0064	0.0731	-0.0050	-0.0000	-0.0022	-0.0053	-0.0061	-0.0118	-0.0051	0.0037	0.0011	0.0842
273	0.0017	-0.0020	0.0026	-0.0008	0.0054	-0.0080	0.0035	-0.0042	-0.0082	-0.0016	0.0050	-0.0370	-0.0000	0.0007	-0.0173	0.0545	-0.0045	0.0010	0.0063	0.0030	0.0836
540	-0.0046	0.0566	-0.0017	-0.0010	-0.0046	0.0265	-0.0009	-0.0115	-0.0003	-0.0071	-0.0177	-0.0010	-0.0097	-0.0011	-0.0001	-0.0002	-0.0130	-0.0012	-0.0070	-0.0001	0.0830
103	-0.0047	-0.0005	-0.0026	-0.0079	-0.0002	-0.0011	-0.0030	-0.0116	-0.0068	-0.0089	-0.0007	0.0822	-0.0001	-0.0060	-0.0024	-0.0116	-0.0050	-0.0056	0.0008	-0.0045	0.0830
500	-0.0032	0.0010	0.0774	-0.0132	0.0012	-0.0009	-0.0014	-0.0053	-0.0107	-0.0049	0.0007	-0.0120	-0.0011	-0.0029	-0.0094	-0.0062	-0.0065	-0.0051	0.0019	0.0006	0.0828
275	-0.0034	-0.0014	-0.0163	-0.0044	0.0005	0.0801	-0.0010	-0.0012	-0.0101	-0.0039	0.0001	-0.0052	-0.0001	-0.0031	-0.0111	-0.0119	-0.0064	-0.0025	0.0011	0.0001	0.0819
516	-0.0025	0.0018	0.0734	-0.0113	0.0020	-0.0168	-0.0006	-0.0044	-0.0097	-0.0040	0.0017	-0.0058	-0.0002	-0.0020	-0.0085	-0.0051	-0.0056	-0.0037	0.0027	-0.0012	0.0816
211	-0.0011	-0.0001	-0.0212	-0.0038	0.0025	-0.0023	-0.0006	-0.0085	-0.0256	-0.0043	0.0022	0.0729	-0.0001	-0.0021	-0.0059	-0.0022	-0.0018	-0.0018	0.0035	0.0005	0.0815
212	0.0801	0.0004	-0.0069	-0.0002	0.0005	-0.0055	-0.0010	-0.0040	-0.0103	-0.0010	0.0002	-0.0052	-0.0022	-0.0012	-0.0091	-0.0066	-0.0225	-0.0053	-0.0005	0.0002	0.0814
447	-0.0034	-0.0012	-0.0050	-0.0026	-0.0011	0.0811	-0.0084	-0.0006	-0.0072	-0.0035	-0.0029	-0.0010	-0.0028	-0.0101	-0.0082	-0.0080	-0.0085	-0.0034	-0.0002	-0.0029	0.0811
1	-0.0034	-0.0007	-0.0009	-0.0060	-0.0005	-0.0044	-0.0020	-0.0074	0.0806	-0.0060	-0.0008	-0.0087	-0.0026	-0.0057	-0.0098	-0.0071	-0.0081	-0.0040	0.0002	-0.0024	0.0807
154	0.0405	0.0015	-0.0015	-0.0103	0.0017	-0.0033	-0.0005	-0.0056	-0.0105	-0.0046	-0.0003	0.0335	-0.0000	-0.0030	-0.0162	-0.0105	-0.0089	-0.0038	0.0025	-0.0007	0.0798
155	-0.0051	-0.0012	-0.0039	-0.0206	-0.0016	0.0175	-0.0029	-0.0004	0.0237	-0.0005	0.0335	-0.0082	-0.0003	-0.0055	0.0051	-0.0093	-0.0110	-0.0040	-0.0052	-0.0001	0.0797
243	-0.0035	-0.0011	-0.0047	-0.0061	0.0004	-0.0082	-0.0022	-0.0091	-0.0100	-0.0069	-0.0001	0.0159	-0.0005	-0.0045	-0.0126	0.0614	-0.0024	-0.0042	0.0013	-0.0030	0.0789
196	-0.0040	-0.0003	-0.0036	-0.0066	-0.0001	-0.0012	0.0779	-0.0080	-0.0004	-0.0055	-0.0005	-0.0086	-0.0000	-0.0098	-0.0010	-0.0089	-0.0022	-0.0042	0.0008	-0.0136	0.0787
291	-0.0011	-0.0019	0.0778	-0.0107	-0.0015	-0.0003	-0.0043	-0.0076	-0.0007	-0.0025	-0.0018	-0.0106	-0.0000	-0.0053	-0.0003	-0.0083	-0.0088	-0.0067	-0.0008	-0.0046	0.0778
183	-0.0021	0.0006	0.0500	-0.0042	0.0008	-0.0032	-0.0066	-0.0116	0.0242	-0.0044	0.0005	-0.0097	-0.0000	-0.0028	-0.0108	-0.0085	-0.0068	-0.0025	0.0014	-0.0044	0.0776
313	-0.0026	0.0008	-0.0066	-0.0017	-0.0007	-0.0005	-0.0012	0.0415	-0.0067	-0.0108	0.0006	-0.0076	-0.0000	-0.0045	-0.0137	-0.0089	-0.0097	0.0320	0.0021	-0.0018	0.0769
99	0.0004	-0.0001	0.0022	-0.0019	0.0058	-0.0004	0.0034	-0.0035	-0.0106	-0.0124	0.0053	-0.0033	0.0500	-0.0019	-0.0124	-0.0160	-0.0143	0.0003	0.0068	0.0026	0.0768
147	-0.0138	-0.0001	-0.0012	-0.0044	0.0007	-0.0025	-0.0006	-0.0072	-0.0085	-0.0047	-0.0071	-0.0042	-0.0019	-0.0023	-0.0075	-0.0049	-0.0054	0.0760	-0.0005	0.0001	0.0767
170	-0.0044	-0.0002	-0.0069	-0.0065	-0.0015	-0.0054	-0.0050	-0.0016	0.0714	-0.0071	-0.0018	0.0048	-0.0002	-0.0052	-0.0002	-0.0120	-0.0098	-0.0024	-0.0009	-0.0051	0.0762
198	-0.0045	-0.0016	-0.0032	-0.0074	-0.0008	-0.0059	-0.0032	-0.0091	-0.0059	-0.0008	-0.0002	-0.0072	0.0724	-0.0061	-0.0067	0.0015	-0.0076	-0.0051	0.0014	0.0000	0.0754
136	-0.0049	-0.0000	0.0162	-0.0085	-0.0011	0.0591	-0.0029	-0.0079	-0.0007	-0.0074	-0.0015	-0.0080	-0.0032	-0.0042	-0.0001	-0.0086	-0.0092	-0.0066	-0.0004	0.0000	0.0753
506	-0.0037	-0.0001	-0.0049	0.0362	0.0001	-0.0102	-0.0014	-0.0057	0.0380	-0.0053	-0.0002	-0.0060	-0.0019	-0.0077	-0.0097	-0.0063	-0.0069	-0.0052	0.0008	0.0002	0.0752
10	0.0329	-0.0004	-0.0010	-0.0096	-0.0002	-0.0064	-0.0022	-0.0104	-0.0009	-0.0077	-0.0006	-0.0080	-0.0026	-0.0052	-0.0019	-0.0105	0.0412	-0.0075	0.0008	0.0002	0.0750
156	-0.0037	-0.0004	-0.0031	0.0252	-0.0009	-0.0048	-0.0024	-0.0088	0.0005	-0.0062	-0.0012	-0.0143	-0.0005	-0.0071	0.0490	-0.0072	-0.0082	-0.0042	-0.0012	-0.0002	0.0746
91	-0.0070	-0.0004	-0.0001	-0.0036	0.0028	-0.0024	0.0008	-0.0050	-0.0115	-0.0114	0.0024	-0.0048	-0.0088	-0.0021	-0.0066	0.0646	-0.0092	-0.0017	0.0037	0.0003	0.0746
254	-0.0136	0.0001	-0.0023	-0.0055	0.0003	-0.0042	-0.0015	-0.0139	0.0529	-0.0016	-0.0001	-0.0065	-0.0001	-0.0040	-0.0076	-0.0083	0.0203	-0.0036	0.0010	-0.0019	0.0746
271	0.0742	-0.0003	-0.0003	-0.0062	-0.0009	-0.0057	-0.0012	-0.0059	-0.0108	-0.0055	-0.0004	-0.0000	-0.0000	-0.0037	-0.0045	-0.0072	-0.0139	-0.0074	-0.0003	0.0002	0.0744
6	-0.0141	0.0020	-0.0011	-0.0047	0.0015	-0.0011	-0.0007	0.0627	-0.0133	-0.0061	0.0016	-0.0061	-0.0001	-0.0030	-0.0116	-0.0011	-0.0114	0.0029	0.0032	0.0004	0.0744
488	-0.0013	-0.0022	0.0739	-0.0005	-0.0021	-0.0005	-0.0036	-0.0017	-0.0020	-0.0003	-0.0022	-0.0121	-0.0042	-0.0129	-0.0002	-0.0018	-0.0162	-0.0063	-0.0037	-0.0000	0.0739
3	-0.0032	-0.0003	-0.0023	-0.0164	-0.0000	-0.0052	-0.0016	0.0520	-0.0034	-0.0057	-0.0005	-0.0089	-0.0022	-0.0051	0.0207	-0.0069	-0.0084	-0.0037	0.0006	0.0003	0.0736
509	-0.0008	0.0021	-0.0001	-0.0103	0.0023	-0.0019	0.0007	-0.0041	0.0637	-0.0036	0.0008	-0.0063	-0.0005	-0.0031	-0.0294	-0.0047	-0.0070	-0.0014	0.0030	0.0003	0.0731
287	0.0013	0.0051	-0.0002	-0.0014	0.0054	-0.0001	0.0032	-0.0365	-0.0019	0.0076	0.0387	-0.0029	0.0024	0.0001	-0.0129	-0.0038	-0.0092	-0.0040	0.0063	0.0027	0.0729
289	-0.0046	-0.0001	-0.0038	0.0023	-0.0006	-0.0107	-0.0020	-0.0068	0.0704	-0.0064	-0.0010	-0.0067	-0.0028	-0.0052	-0.0001	-0.0075	-0.0080	-0.0063	0.0001	-0.0003	0.0729
403	-0.0054	0.0006	-0.0007	-0.0044	0.0008	-0.0033	-0.0008	-0.0064	-0.0103	-0.0049	0.0004	-0.0095	-0.0046	-0.0030	-0.0091	-0.0078	0.0693	-0.0027	0.0015	0.0002	0.0728
502	-0.0013	0.0045	0.0014	-0.0024	0.0047	-0.0011	0.0024	-0.0039	-0.0112	-0.0102	0.0042	-0.0038	0.0490	-0.0025	-0.0108	-0.0153	-0.0096	-0.0004	0.0057	0.0006	0.0724
138	-0.0065	-0.0010	-0.0001	-0.0001	-0.0020	-0.0077	-0.0042	-0.0035	-0.0032	-0.0008	-0.0024	-0.0086	-0.0000	-0.0073	-0.0016	0.0718	-0.0147	-0.0069	-0.0010	-0.0000	0.0718
18	-0.0002	-0.0003	-0.0015	-0.0039	0.0006	-0.0001	-0.0008	-0.0215	-0.0122	-0.0045	0.0002	-0.0047	-0.0001	-0.0029	-0.0095	-0.0064	0.0691	-0.0026	0.0012	0.0002	0.0712
82	-0.0035	-0.0001	-0.0040	0.0019	0.0000	-0.0093	-0.0034	-0.0045	0.0682	-0.0059	-0.0003	-0.0062	-0.0000	-0.0050	-0.0002	-0.0134	-0.0076	-0.0055	0.0008	-0.0020	0.0708
527	-0.0037	-0.0004	-0.0029	-0.0075	-0.0002	-0.0049	-0.0042	-0.0029	-0.0069	-0.0029	-0.0006	-0.0070	-0.0049	0.0241	0.0467	-0.0080	-0.0085	-0.0043	-0.0010	0.0000	0.0708
233	-0.0022	0.0021	-0.0001	-0.0032	0.0023	-0.0026	-0.0026	-0.0036	-0.0086	-0.0072	0.0019	-0.0035	0.0603	-0.0015	-0.0086	-0.0185	-0.0071	-0.0013	0.0030	0.0011	0.0707
85	-0.0029	0.0021	-0.0006	-0.0040	0.0015	-0.0028	0.0003	-0.0058	-0.0022	0.0179	0.0018	-0.0051	-0.0180	-0.0025	-0.0077	0.0441	-0.0164	-0.0026	0.0031	-0.0002	0.0707
64	0.0589	0.0022	-0.0047	-0.0028	0.0024	-0.0040	0.0008	-0.0007	-0.0091	-0.0035	0.0021	-0.0038	-0.0011	-0.0015	-0.0079	-0.0076	-0.0209	-0.0027	0.0031	0.0006	0.0702
508	-0.0068	-0.0022	-0.0002	-0.0001	-0.0003	-0.0063	-0.0001	-0.0089	-0.0030	-0.0124	-0.0019	-0.0004	-0.0001	-0.0013	-0.0049	0.0702	-0.0159	-0.0050	-0.0002	-0.0000	0.0702
102	-0.0034	0.0006	-0.0031	0.0061	0.0008	-0.0177	-0.0008	-0.0054	0.0606	-0.0049	0.0004	-0.0053	-0.0014	-0.0037	-0.0084	-0.0060	-0.0066	-0.0035	0.0015	0.0002	0.0702
2	0.0244	0.0022	-0.0003	-0.0106	0.0024	-0.0012	0.0006	-0.0064	-0.0045	-0.0043	0.0018	-0.0045	-0.0026	-0.0020	-0.0092	-0.0073	-0.0171	0.0351	0.0032	0.0001	0.0699
477	-0.0022	0.0004	-0.0074	-0.0013	0.0007	-0.0043	-0.0012	-0.0062	-0.0175	-0.0048	0.0004	-0.0018	-0.0004	-0.0030	-0.0090	-0.0025	-0.0073	-0.0009	0.0014	0.0667	0.0696
388	-0.0026	-0.0016	0.0641	-0.0046	0.0001	-0.0004	-0.0024	-0.0067	-0.0119	-0.0050	-0.0006	0.0035	-0.0000	-0.0033	-0.0089	-0.0103	-0.0069	-0.0032	0.0007	0.0000	0.0684
338	-0.0040	-0.0009	-0.0011	-0.0013	-0.0013	-0.0038	-0.0007	-0.0061	-0.0020	-0.0055	0.0007	-0.0014	-0.0087	-0.0054	-0.0107	0.0676	-0.0123	-0.0031	-0.0002	0.0000	0.0684
176	-0.0077	-0.0010	-0.0001	-0.0001	-0.0048	-0.0001	-0.0019	-0.0109	-0.0001	0.0681	-0.0104	-0.0002	-0.0000	-0.0001	-0.0000	-0.0081	-0.0121	-0.0083	-0.0021	-0.0000	0.0681
481	-0.0008	-0.0003	0.0015	0.0493	0.0046	-0.0176	0.0028	-0.0026	-0.0239	-0.0021	0.0042	-0.0024	-0.0006	-0.0020	-0.0071	-0.0034	-0.0039	-0.0015	0.0055	0.0002	0.0681
59	-0.0035	-0.0006	-0.0045	-0.0027	-0.0012	-0.0002	-0.0024	-0.0002	0.0070	0.0582	-0.0014	-0.0060	-0.0000	-0.0138	-0.0103	-0.0073	-0.0076	-0.0000	-0.0006	-0.0027	0.0652
12	0.0280	0.0001	-0.0022	-0.0054	0.0001	-0.0043	-0.0014	-0.0128	-0.0037	-0.0036	-0.0001	-0.0053	-0.0025	-0.0039	-0.0144	0.0088	0.0258	-0.0042	0.0011	0.0000	0.0637
328	-0.0077	-0.0017	-0.0002	-0.0010	-0.0002	-0.0025	-0.0033	-0.0004	0.0636	-0.0011	-0.0022	-0.0017	-0.0002	-0.0003	-0.0087	-0.0124	-0.0061	-0.0078	-0.0061	-0.0000	0.0636
225	-0.0011	0.0027	0.0008	-0.0033	0.0481	-0.0003	0.0020	-0.0060	-0.0002	-0.0244	0.0039	-0.0005	-0.0000	-0.0015	-0.0002	-0.0170	-0.0067	-0.0014	0.0054	-0.0003	0.0629
522	-0.0042	0.0011	-0.0008	-0.0031	0.0013	-0.0023	-0.0001	-0.0041	-0.0085	-0.0097	0.0010	-0.0041	-0.0046	-0.0021	-0.0075	0.0567	-0.0099	-0.0018	0.0019	0.0009	0.0628
369	-0.0008	0.0022	-0.0001	-0.0039	0.0024	-0.0000	-0.0034	-0.0041	-0.0117	-0.0056	0.0020	-0.0040	-0.0002	0.0527	-0.0174	-0.0048	-0.0053	-0.0014	0.0031	0.0003	0.0627
380	-0.0022	0.0009	-0.0001	-0.0072	0.0011	-0.0002	-0.0016	-0.0057	-0.0137	-0.0065	0.0008	-0.0001	-0.0000	0.0573	-0.0158	-0.0005	-0.0048	-0.0028	0.0019	-0.0010	0.0621
409	-0.0040	-0.0012	-0.0092	-0.0025	0.0007	0.0597	-0.0006	-0.0014	-0.0027	-0.0038	0.0004	-0.0040	-0.0010	-0.0023	-0.0074	-0.0114	-0.0050	-0.0047	0.0012	-0.0009	0.0620
161	-0.0014	-0.0019	-0.0009	-0.0019	-0.0003	-0.0040	-0.0049	-0.0003	0.0615	-0.0001	-0.0013	-0.0084	-0.0001	-0.0021	-0.0194	-0.0097	-0.0036	-0.0002	-0.0009	-0.0000	0.0615
125	-0.0046	-0.0010	-0.0011	-0.0036	-0.0006	-0.0027	-0.0004	-0.0047	-0.0093	-0.0068	0.0008	-0.0045	-0.0012	-0.0025	-0.0082	0.0572	-0.0071	-0.0022	0.0017	0.0009	0.0606
253	-0.0040	-0.0006	0.0598	-0.0077	-0.0004	-0.0116	-0.0036	-0.0002	-0.0137	-0.0000	-0.0008	-0.0055	-0.0000	-0.0032	-0.0001	-0.0084	-0.0004	-0.0002	0.0005	0.0001	0.0604
467	-0.0010	0.0042	-0.0011	-0.0043	-0.0007	-0.0011	-0.0026	-0.0048	-0.0059	-0.0034	0.0051	-0.0052	-0.0001	0.0508	-0.0157	-0.0052	-0.0068	-0.0018	-0.0005	0.0000	0.0601
184	-0.0026	-0.0001	-0.0015	-0.0144	0.0001	-0.0038	-0.0018	-0.0061	-0.0110	-0.0050	-0.0003	-0.0079	-0.0003	0.0187	0.0395	-0.0005	-0.0008	-0.0030	0.0007	0.0001	0.0591
260	-0.0048	-0.0004	-0.0024	-0.0061	-0.0017	-0.0029	-0.0010	-0.0037	-0.0025	-0.0067	-0.0020	0.0584	-0.0001	-0.0050	-0.0012	-0.0100	-0.0021	-0.0048	-0.0011	0.0000	0.0584
293	-0.0014	-0.0004	-0.0008	-0.0086	0.0010	-0.0022	-0.0002	-0.0039	0.0552	-0.0035	-0.0029	-0.0058	-0.0007	-0.0031	-0.0099	-0.0044	-0.0084	-0.0018	0.0016	0.0003	0.0582
475	-0.0010	0.0019	-0.0003	-0.0037	0.0021	-0.0020	0.0005	0.0311	-0.0119	0.0194	-0.0014	-0.0042	-0.0009	-0.0021	-0.0116	-0.0050	-0.0100	-0.0043	0.0028	0.0004	0.0582
87	-0.0036	-0.0004	-0.0029	-0.0043	0.0498	-0.0041	-0.0031	0.0040	-0.0099	0.0023	0.0001	-0.0028	-0.0006	-0.0038	-0.0002	-0.0083	-0.0061	-0.0072	0.0010	0.0001	0.0573
325	0.0238	0.0028	0.0004	-0.0038	0.0030	-0.0019	0.0012	-0.0080	-0.0146	-0.0034	0.0027	-0.0042	-0.0013	-0.0013	-0.0092	-0.0064	0.0192	-0.0032	0.0038	0.0003	0.0573
288	-0.0013	0.0029	0.0072	-0.0062	0.0034	0.0356	0.0009	-0.0043	-0.0045	-0.0038	0.0030	-0.0161	-0.0000	-0.0014	-0.0049	-0.0060	-0.0058	-0.0026	0.0043	-0.0004	0.0572
431	-0.0009	-0.0005	-0.0012	-0.0054	-0.0003	-0.0022	-0.0019	0.0566	-0.0053	-0.0018	-0.0036	-0.0063	-0.0018	-0.0050	-0.0063	-0.0015	-0.0082	-0.0050	0.0004	0.0001	0.0571
11	-0.0024	0.0008	-0.0015	-0.0007	0.0231	-0.0040	-0.0045	-0.0087	-0.0010	0.0291	0.0013	-0.0020	-0.0018	-0.0021	-0.0093	-0.0094	-0.0056	-0.0041	0.0026	0.0001	0.0571
492	-0.0015	0.0023	-0.0015	0.0452	0.0025	-0.0043	0.0007	-0.0029	-0.0103	-0.0020	0.0022	-0.0048	-0.0004	-0.0040	-0.0098	-0.0058	-0.0063	-0.0033	0.0034	0.0005	0.0568
112	0.0145	0.0034	-0.0020	-0.0026	0.0036	-0.0025	0.0017	-0.0038	-0.0100	-0.0033	0.0032	-0.0037	-0.0000	-0.0010	-0.0063	0.0242	-0.0142	-0.0074	0.0045	0.0017	0.0568
368	-0.0001	-0.0013	-0.0002	-0.0001	-0.0009	-0.0001	0.0558	-0.0119	-0.0009	-0.0003	-0.0016	-0.0051	-0.0001	-0.0099	-0.0003	-0.0026	-0.0141	-0.0072	0.0006	0.0001	0.0565
77	-0.0006	-0.0002	-0.0005	-0.0005	-0.0017	-0.0005	-0.0003	0.0554	-0.0005	-0.0436	-0.0015	-0.0009	-0.0007	-0.0004	-0.0008	-0.0030	-0.0003	0.0007	-0.0002	-0.0000	0.0562
242	-0.0001	-0.0008	-0.0007	-0.0024	-0.0040	-0.0002	-0.0010	0.0552	-0.0023	-0.0023	-0.0314	-0.0011	-0.0002	-0.0036	-0.0007	-0.0014	-0.0017	-0.0006	-0.0004	-0.0000	0.0552
90	-0.0024	0.0013	-0.0044	0.0182	0.0015	-0.0133	0.0000	-0.0056	0.0183	-0.0040	0.0012	-0.0047	-0.0009	-0.0037	0.0116	-0.0059	-0.0067	-0.0024	0.0022	-0.0004	0.0543
100	0.0004	0.0040	0.0058	-0.0021	0.0042	-0.0009	-0.0010	-0.0063	-0.0058	-0.0029	0.0038	0.0304	-0.0004	-0.0006	-0.0083	-0.0212	-0.0041	-0.0003	0.0051	0.0001	0.0539
122	0.0002	0.0022	-0.0020	-0.0020	0.0034	-0.0028	0.0017	-0.0046	-0.0077	-0.0027	0.0031	-0.0142	-0.0003	-0.0007	-0.0113	0.0382	-0.0050	-0.0004	0.0042	0.0007	0.0537
169	0.0103	0.0007	-0.0016	0.0049	0.0009	-0.0030	-0.0007	-0.0060	0.0201	-0.0049	0.0001	-0.0075	-0.0003	-0.0048	-0.0132	-0.0062	0.0152	-0.0044	0.0016	-0.0011	0.0537
126	-0.0025	0.0016	-0.0004	-0.0030	0.0018	-0.0021	0.0003	-0.0010	-0.0088	-0.0122	0.0015	-0.0039	-0.0007	-0.0018	-0.0077	0.0452	-0.0077	-0.0016	0.0025	0.0005	0.0534
229	0.0004	0.0036	-0.0007	-0.0013	0.0038	-0.0005	0.0021	0.0355	-0.0049	-0.0044	-0.0098	-0.0030	0.0014	-0.0005	-0.0030	-0.0039	-0.0196	-0.0015	0.0047	0.0016	0.0531
185	0.0008	-0.0003	0.0009	0.0079	0.0047	0.0229	0.0032	-0.0004	-0.0349	-0.0008	0.0044	-0.0018	0.0027	-0.0020	-0.0052	-0.0019	-0.0023	-0.0032	0.0054	0.0000	0.0529
551	-0.0021	0.0072	0.0006	-0.0026	0.0096	-0.0073	-0.0022	-0.0143	-0.0024	-0.0033	0.0083	-0.0027	-0.0004	-0.0052	-0.0019	-0.0013	-0.0023	-0.0042	0.0245	0.0021	0.0523
552	0.0031	-0.0005	-0.0010	-0.0012	0.0087	0.0013	0.0060	-0.0172	-0.0028	-0.0051	0.0212	-0.0016	-0.0004	0.0021	-0.0094	-0.0032	-0.0093	-0.0005	0.0099	0.0000	0.0522
238	-0.0005	0.0045	0.0008	-0.0035	0.0049	-0.0002	0.0012	-0.0059	-0.0071	-0.0076	0.0042	-0.0057	-0.0004	0.0303	-0.0044	-0.0071	-0.0080	-0.0014	0.0061	0.0000	0.0519
397	-0.0014	-0.0016	-0.0036	-0.0004	-0.0016	-0.0007	-0.0006	0.0513	-0.0004	-0.0096	-0.0028	-0.0083	-0.0001	-0.0022	-0.0001	-0.0011	-0.0003	-0.0123	-0.0006	-0.0037	0.0513
158	-0.0017	-0.0005	-0.0014	-0.0025	-0.0003	-0.0029	-0.0009	-0.0004	-0.0189	-0.0024	-0.0004	-0.0093	-0.0004	-0.0022	-0.0009	0.0510	-0.0058	-0.0003	0.0002	0.0000	0.0512
134	-0.0029	-0.0003	0.0006	-0.0031	0.0038	-0.0018	-0.0023	-0.0005	-0.0114	-0.0002	-0.0005	-0.0044	0.0418	-0.0014	-0.0041	-0.0129	-0.0035	-0.0017	0.0047	0.0000	0.0509
46	-0.0069	0.0021	-0.0015	-0.0016	0.0019	-0.0013	0.0004	0.0374	-0.0115	-0.0058	0.0019	-0.0004	-0.0001	-0.0024	-0.0109	-0.0016	-0.0068	0.0040	0.0032	-0.0001	0.0509
482	-0.0002	0.0074	0.0014	-0.0019	0.0171	-0.0009	0.0037	-0.0014	-0.0146	-0.0176	0.0078	-0.0014	0.0019	-0.0035	-0.0006	-0.0031	-0.0015	-0.0043	0.0112	0.0003	0.0508
406	-0.0114	0.0034	-0.0006	-0.0009	0.0035	-0.0000	0.0022	-0.0127	-0.0129	-0.0014	0.0033	-0.0017	-0.0000	0.0002	-0.0057	-0.0032	0.0315	0.0004	0.0042	0.0018	0.0504
13	0.0187	0.0054	-0.0000	-0.0009	0.0056	-0.0009	0.0036	-0.0022	-0.0087	-0.0017	0.0052	-0.0021	0.0015	0.0007	-0.0072	-0.0041	-0.0159	-0.0062	0.0065	0.0031	0.0501
221	0.0005	-0.0070	-0.0009	-0.0015	0.0066	-0.0001	-0.0005	-0.0061	-0.0037	-0.0052	0.0062	-0.0006	-0.0000	-0.0012	-0.0038	-0.0097	-0.0086	-0.0007	0.0084	0.0282	0.0498
61	-0.0008	-0.0002	0.0000	-0.0143	0.0025	-0.0019	0.0008	-0.0001	0.0403	-0.0011	0.0021	-0.0049	-0.0000	-0.0027	-0.0181	-0.0046	-0.0005	-0.0001	0.0033	0.0004	0.0494
521	0.0012	0.0049	-0.0004	0.0205	0.0051	-0.0068	0.0034	-0.0006	-0.0274	-0.0011	0.0047	-0.0014	-0.0002	-0.0004	-0.0057	-0.0023	-0.0028	0.0005	0.0059	0.0030	0.0492
230	0.0115	-0.0020	-0.0055	-0.0000	-0.0018	-0.0010	-0.0038	-0.0037	-0.0010	-0.0091	-0.0022	-0.0026	-0.0000	-0.0066	-0.0036	0.0360	0.0016	-0.0009	-0.0009	-0.0043	0.0492
215	-0.0024	-0.0026	-0.0005	-0.0001	-0.0031	-0.0012	0.0003	-0.0048	-0.0029	-0.0043	0.0017	-0.0015	-0.0005	-0.0022	-0.0091	0.0441	-0.0102	-0.0019	0.0028	-0.0016	0.0489
286	-0.0018	-0.0002	0.0005	-0.0022	0.0028	-0.0013	0.0013	-0.0033	-0.0084	-0.0111	0.0025	-0.0032	0.0376	-0.0022	-0.0079	0.0013	-0.0065	-0.0008	0.0026	0.0001	0.0488
554	-0.0010	-0.0007	0.0007	-0.0024	-0.0078	-0.0013	0.0016	-0.0037	-0.0060	-0.0032	0.0030	-0.0035	-0.0002	-0.0010	-0.0069	0.0385	-0.0096	-0.0007	0.0042	0.0000	0.0481
524	-0.0006	0.0042	0.0016	-0.0199	0.0044	0.0239	0.0025	-0.0030	-0.0034	-0.0025	0.0040	-0.0005	0.0018	-0.0002	-0.0073	-0.0039	-0.0044	-0.0022	0.0049	0.0006	0.0478
135	-0.0005	0.0027	0.0003	-0.0107	0.0029	-0.0017	0.0011	-0.0038	0.0345	-0.0036	0.0014	-0.0013	0.0005	-0.0030	-0.0103	-0.0049	-0.0067	-0.0012	0.0037	0.0007	0.0478
491	-0.0004	0.0080	-0.0008	-0.0017	0.0085	-0.0005	0.0045	-0.0137	-0.0042	-0.0066	0.0165	-0.0018	-0.0008	-0.0012	-0.0002	-0.0009	-0.0098	-0.0053	0.0102	0.0000	0.0478
419	0.0009	0.0068	0.0023	-0.0026	0.0072	-0.0009	0.0039	-0.0146	-0.0055	-0.0054	0.0179	-0.0040	-0.0011	-0.0008	-0.0007	-0.0029	-0.0055	-0.0039	0.0087	0.0001	0.0478
179	-0.0016	-0.0012	0.0004	-0.0025	-0.0018	-0.0015	0.0012	-0.0036	-0.0091	-0.0032	0.0025	-0.0035	-0.0008	-0.0012	-0.0078	0.0399	-0.0070	-0.0009	0.0036	-0.0019	0.0476
520	-0.0034	-0.0003	-0.0004	-0.0011	-0.0063	-0.0040	-0.0000	-0.0048	-0.0007	0.0474	-0.0007	-0.0010	-0.0008	-0.0023	-0.0027	-0.0107	-0.0060	-0.0022	-0.0000	0.0000	0.0474
555	0.0011	0.0042	-0.0101	-0.0012	0.0044	0.0000	0.0016	-0.0028	-0.0126	-0.0017	0.0040	0.0221	0.0021	0.0003	-0.0063	-0.0084	-0.0042	0.0006	0.0051	0.0019	0.0474
507	-0.0021	0.0015	-0.0032	0.0400	0.0017	-0.0021	-0.0002	-0.0056	-0.0042	-0.0051	0.0013	-0.0021	-0.0009	-0.0039	-0.0005	-0.0065	-0.0071	-0.0039	0.0026	0.0001	0.0473
317	-0.0012	0.0030	-0.0006	0.0332	0.0031	-0.0010	0.0014	-0.0030	-0.0165	-0.0026	0.0028	-0.0029	-0.0001	-0.0014	-0.0069	-0.0038	-0.0043	-0.0030	0.0038	0.0000	0.0473
550	-0.0001	0.0020	0.0009	-0.0032	0.0316	-0.0017	0.0020	-0.0062	-0.0008	-0.0115	0.0039	-0.0045	0.0011	-0.0013	-0.0001	-0.0097	-0.0065	-0.0014	0.0054	0.0003	0.0472
408	-0.0003	0.0043	0.0018	-0.0008	0.0045	-0.0023	0.0027	-0.0044	-0.0085	-0.0037	-0.0090	-0.0025	-0.0003	0.0000	-0.0073	-0.0035	-0.0041	0.0279	0.0054	0.0002	0.0468
452	-0.0003	0.0068	0.0004	-0.0026	0.0165	-0.0057	0.0030	-0.0070	-0.0009	-0.0164	0.0072	-0.0010	0.0010	-0.0036	-0.0003	-0.0051	-0.0016	-0.0014	0.0108	0.0002	0.0459
528	0.0011	0.0048	0.0020	-0.0022	0.0046	-0.0003	0.0030	0.0157	-0.0097	-0.0033	0.0039	-0.0064	0.0022	-0.0000	-0.0017	-0.0057	-0.0094	-0.0069	0.0060	0.0025	0.0457
420	0.0007	0.0049	-0.0001	0.0203	0.0050	-0.0066	0.0033	-0.0015	-0.0247	-0.0012	0.0047	-0.0015	-0.0004	0.0007	-0.0050	-0.0024	-0.0009	-0.0014	0.0058	0.0001	0.0456
140	0.0004	0.0056	0.0026	-0.0011	0.0059	0.0002	-0.0007	-0.0027	-0.0031	-0.0116	0.0055	-0.0025	0.0169	0.0006	-0.0100	-0.0078	-0.0059	0.0009	0.0069	0.0001	0.0454
284	0.0003	-0.0008	-0.0052	-0.0017	0.0034	-0.0007	0.0007	-0.0043	-0.0071	-0.0024	0.0030	0.0320	0.0012	-0.0005	-0.0067	-0.0111	-0.0045	-0.0002	0.0041	0.0007	0.0453
405	-0.0003	0.0038	0.0011	-0.0005	0.0231	-0.0025	0.0026	-0.0081	-0.0004	-0.0102	0.0051	-0.0064	0.0014	-0.0020	-0.0067	-0.0033	-0.0014	-0.0034	0.0072	0.0008	0.0452
278	-0.0011	0.0024	0.0002	-0.0025	0.0026	-0.0014	0.0010	-0.0012	-0.0026	-0.0133	0.0022	-0.0031	-0.0015	-0.0013	-0.0075	0.0334	-0.0087	-0.0010	0.0033	0.0000	0.0452
563	-0.0002	0.0157	0.0016	-0.0027	0.0068	-0.0033	0.0035	-0.0081	-0.0017	-0.0069	0.0067	-0.0078	0.0020	-0.0020	-0.0010	-0.0045	-0.0053	-0.0016	0.0085	0.0001	0.0449
142	-0.0012	0.0035	-0.0007	-0.0007	0.0038	-0.0000	0.0287	-0.0017	-0.0001	-0.0031	0.0033	-0.0084	-0.0001	-0.0090	-0.0008	-0.0075	-0.0083	-0.0021	0.0050	-0.0006	0.0442
96	0.0441	-0.0014	-0.0017	-0.0026	-0.0003	-0.0003	-0.0019	-0.0071	-0.0004	-0.0019	-0.0014	-0.0005	-0.0002	-0.0006	-0.0001	-0.0002	-0.0011	-0.0214	-0.0011	-0.0000	0.0441
206	-0.0007	-0.0038	-0.0003	-0.0013	-0.0010	-0.0001	-0.0054	0.0439	-0.0074	-0.0048	-0.0045	-0.0006	-0.0001	-0.0017	-0.0024	-0.0003	-0.0010	-0.0054	-0.0031	-0.0000	0.0439
223	-0.0015	0.0012	-0.0008	-0.0035	0.0013	-0.0060	-0.0001	-0.0035	0.0254	-0.0040	-0.0002	-0.0043	-0.0001	-0.0023	0.0147	-0.0075	-0.0080	-0.0020	0.0011	0.0001	0.0438
143	-0.0013	-0.0004	-0.0048	-0.0010	-0.0005	-0.0077	-0.0005	-0.0020	-0.0033	-0.0003	-0.0006	0.0145	-0.0006	-0.0008	-0.0002	0.0294	-0.0193	-0.0001	-0.0005	-0.0000	0.0438
4	-0.0003	0.0040	0.0008	-0.0033	0.0042	-0.0018	0.0019	-0.0071	-0.0125	0.0228	0.0037	-0.0021	-0.0013	-0.0043	-0.0017	-0.0013	-0.0043	-0.0034	0.0053	0.0007	0.0434
485	0.0001	0.0025	0.0007	-0.0149	0.0026	-0.0007	0.0013	-0.0024	0.0304	-0.0021	0.0005	-0.0019	0.0008	-0.0012	-0.0115	-0.0030	-0.0052	-0.0003	0.0032	0.0011	0.0432
247	-0.0047	0.0031	0.0006	-0.0025	0.0033	-0.0002	0.0015	-0.0077	-0.0054	-0.0033	0.0029	-0.0040	-0.0001	-0.0011	-0.0068	-0.0064	0.0266	-0.0008	0.0041	0.0010	0.0430
459	-0.0001	0.0016	-0.0084	-0.0023	-0.0004	-0.0015	-0.0013	-0.0008	-0.0075	-0.0005	0.0015	0.0374	-0.0003	-0.0007	-0.0063	-0.0070	-0.0047	-0.0011	0.0023	0.0000	0.0429
213	0.0010	-0.0031	-0.0004	-0.0017	0.0040	-0.0004	-0.0011	-0.0031	-0.0099	-0.0026	0.0046	-0.0049	0.0021	-0.0001	-0.0077	-0.0054	-0.0019	0.0003	0.0060	0.0245	0.0425
512	0.0003	0.0033	0.0011	-0.0018	0.0035	-0.0026	0.0018	-0.0029	-0.0171	-0.0025	0.0017	-0.0028	0.0012	-0.0005	0.0248	-0.0063	-0.0055	-0.0003	0.0039	0.0006	0.0423
252	-0.0001	0.0041	0.0016	0.0088	0.0043	0.0121	0.0025	-0.0001	-0.0086	-0.0023	0.0039	-0.0026	-0.0001	-0.0001	-0.0175	-0.0035	-0.0041	-0.0032	0.0043	0.0007	0.0423
501	0.0006	-0.0024	-0.0002	-0.0026	0.0043	-0.0011	0.0012	-0.0027	-0.0016	-0.0037	0.0049	-0.0072	0.0020	-0.0007	-0.0066	-0.0068	-0.0062	-0.0003	0.0066	0.0221	0.0419
187	-0.0015	-0.0007	0.0001	0.0252	0.0040	-0.0025	0.0020	-0.0037	-0.0056	-0.0032	0.0036	-0.0026	0.0013	-0.0015	-0.0086	-0.0046	-0.0052	-0.0016	0.0049	0.0002	0.0414
510	0.0005	0.0037	0.0013	-0.0018	0.0012	-0.0007	0.0021	-0.0076	-0.0087	0.0225	0.0035	-0.0028	0.0015	-0.0004	-0.0073	-0.0066	-0.0043	-0.0009	0.0047	0.0002	0.0411
337	-0.0008	0.0047	0.0010	-0.0037	0.0050	-0.0020	0.0023	-0.0005	-0.0127	-0.0020	0.0044	-0.0053	0.0157	-0.0036	-0.0078	-0.0010	-0.0003	-0.0011	0.0062	0.0016	0.0408
497	0.0011	0.0049	0.0024	-0.0084	0.0051	0.0102	0.0032	-0.0020	-0.0060	-0.0016	0.0047	-0.0019	0.0026	0.0006	-0.0142	-0.0029	-0.0034	-0.0005	0.0059	0.0003	0.0408
69	0.0010	-0.0012	-0.0014	-0.0030	0.0054	0.0209	0.0037	-0.0005	-0.0064	-0.0007	0.0050	-0.0010	0.0031	0.0013	-0.0090	-0.0136	-0.0023	-0.0008	-0.0008	0.0002	0.0405
454	0.0003	0.0048	0.0152	-0.0024	0.0050	-0.0040	0.0020	-0.0027	-0.0034	-0.0024	0.0046	-0.0131	0.0022	0.0001	-0.0033	-0.0038	-0.0044	-0.0008	0.0059	0.0002	0.0403
451	0.0008	0.0053	0.0116	-0.0049	0.0055	-0.0033	0.0024	-0.0028	-0.0036	-0.0003	0.0050	-0.0154	0.0026	0.0003	-0.0011	-0.0038	-0.0044	-0.0004	0.0065	0.0001	0.0400
476	0.0004	0.0048	0.0023	-0.0061	0.0050	0.0083	0.0032	-0.0002	-0.0081	-0.0017	0.0046	-0.0020	0.0025	0.0005	-0.0148	-0.0030	-0.0036	-0.0005	0.0057	0.0027	0.0400
484	0.0005	0.0059	0.0007	-0.0034	0.0063	-0.0006	0.0114	-0.0007	-0.0067	-0.0031	0.0056	-0.0028	0.0013	-0.0050	-0.0103	-0.0008	-0.0058	-0.0006	0.0077	0.0004	0.0399
526	0.0005	-0.0054	-0.0010	-0.0023	0.0041	-0.0010	-0.0000	-0.0038	-0.0010	-0.0032	0.0042	-0.0022	0.0017	-0.0006	-0.0077	-0.0058	-0.0054	-0.0003	0.0056	0.0238	0.0398
530	0.0095	0.0055	0.0026	-0.0031	0.0057	-0.0006	0.0036	-0.0024	-0.0026	-0.0018	0.0053	-0.0019	-0.0005	0.0006	-0.0002	-0.0037	-0.0173	-0.0055	0.0067	0.0000	0.0396
480	-0.0003	0.0046	0.0009	-0.0010	0.0169	-0.0016	0.0026	-0.0021	-0.0011	-0.0097	0.0053	-0.0014	0.0013	-0.0009	-0.0134	-0.0045	-0.0013	-0.0022	0.0076	0.0003	0.0395
493	0.0007	0.0012	0.0014	-0.0011	0.0035	-0.0036	0.0021	-0.0028	-0.0065	-0.0022	0.0032	-0.0095	-0.0005	0.0001	-0.0094	0.0232	-0.0035	-0.0003	0.0041	0.0000	0.0395
549	-0.0002	0.0023	-0.0010	-0.0016	0.0030	-0.0042	-0.0010	-0.0055	-0.0011	-0.0030	0.0027	-0.0119	-0.0011	-0.0011	-0.0010	0.0275	-0.0056	-0.0009	0.0038	0.0000	0.0394
311	-0.0035	-0.0007	-0.0038	-0.0005	-0.0006	-0.0045	0.0392	-0.0002	-0.0001	-0.0000	-0.0004	-0.0092	-0.0003	-0.0003	-0.0003	-0.0073	-0.0076	-0.0003	0.0001	0.0000	0.0394
24	0.0010	0.0052	0.0005	-0.0009	0.0054	-0.0009	0.0146	-0.0035	-0.0109	-0.0033	0.0050	-0.0050	0.0010	-0.0019	-0.0007	-0.0045	-0.0052	0.0002	0.0065	-0.0024	0.0393
462	-0.0010	-0.0006	0.0007	0.0221	0.0040	-0.0081	0.0022	-0.0034	-0.0068	-0.0012	0.0036	-0.0030	-0.0002	-0.0011	-0.0013	-0.0039	-0.0045	-0.0041	0.0048	0.0018	0.0391
101	-0.0045	-0.0013	-0.0007	-0.0019	-0.0037	-0.0038	-0.0004	-0.0005	-0.0001	-0.0000	0.0000	-0.0057	0.0266	-0.0037	-0.0004	0.0114	-0.0090	-0.0033	0.0011	0.0001	0.0391
542	-0.0010	0.0020	-0.0005	-0.0002	-0.0010	-0.0020	0.0006	-0.0041	-0.0094	0.0351	-0.0023	-0.0025	-0.0001	-0.0003	-0.0001	-0.0068	-0.0054	-0.0031	0.0009	0.0002	0.0388
559	0.0014	0.0048	0.0023	-0.0022	0.0050	0.0002	0.0012	-0.0012	-0.0112	-0.0033	0.0047	-0.0021	0.0016	0.0108	-0.0119	-0.0031	-0.0036	0.0008	0.0059	0.0000	0.0386
486	-0.0010	0.0142	-0.0001	-0.0055	0.0067	-0.0013	0.0023	-0.0005	-0.0007	-0.0010	0.0064	-0.0013	-0.0003	-0.0012	-0.0068	-0.0064	-0.0122	-0.0002	0.0090	0.0000	0.0385
312	0.0002	-0.0002	-0.0004	-0.0021	0.0044	-0.0008	0.0023	-0.0006	-0.0100	-0.0005	0.0040	-0.0002	0.0220	-0.0054	-0.0093	-0.0046	-0.0033	-0.0010	0.0053	0.0002	0.0384
268	-0.0003	-0.0093	-0.0003	-0.0002	0.0354	-0.0003	0.0022	-0.0016	-0.0041	-0.0003	-0.0015	-0.0054	-0.0000	-0.0095	-0.0004	-0.0003	-0.0012	-0.0009	0.0006	-0.0024	0.0381
532	0.0010	0.0017	0.0011	-0.0024	0.0052	-0.0007	0.0009	-0.0041	-0.0052	-0.0035	0.0055	-0.0054	0.0024	-0.0003	-0.0039	-0.0063	-0.0061	0.0001	0.0072	0.0129	0.0380
146	0.0009	0.0047	0.0023	-0.0123	0.0049	0.0087	0.0031	-0.0021	-0.0078	-0.0016	0.0046	-0.0019	0.0025	0.0005	-0.0059	-0.0029	-0.0034	-0.0001	0.0057	0.0000	0.0380
305	0.0008	0.0030	-0.0003	-0.0008	-0.0092	-0.0000	-0.0010	-0.0078	-0.0057	0.0270	0.0029	-0.0004	-0.0004	0.0001	-0.0051	-0.0022	-0.0029	-0.0022	0.0037	0.0003	0.0380
251	0.0001	0.0051	0.0017	-0.0026	0.0054	-0.0010	0.0018	-0.0042	-0.0069	-0.0007	0.0049	-0.0021	0.0119	-0.0007	-0.0064	-0.0111	-0.0015	-0.0002	0.0065	0.0000	0.0374
381	-0.0004	0.0018	0.0001	-0.0073	0.0019	-0.0013	0.0007	-0.0056	0.0284	-0.0025	0.0017	-0.0009	0.0002	-0.0014	-0.0083	-0.0034	-0.0052	-0.0009	0.0025	0.0001	0.0373
150	0.0230	0.0028	0.0008	-0.0019	0.0030	-0.0016	0.0015	-0.0006	-0.0067	-0.0042	0.0027	-0.0027	-0.0004	-0.0007	-0.0030	-0.0038	-0.0090	-0.0026	0.0036	0.0000	0.0373
84	-0.0023	-0.0019	-0.0055	0.0365	-0.0005	-0.0023	-0.0012	-0.0003	-0.0002	-0.0019	-0.0015	-0.0037	-0.0003	-0.0049	-0.0001	-0.0009	-0.0076	-0.0008	-0.0007	0.0000	0.0365
227	-0.0007	0.0031	-0.0005	-0.0018	-0.0004	-0.0013	-0.0008	-0.0036	-0.0016	-0.0047	0.0029	-0.0035	0.0262	-0.0002	-0.0010	-0.0086	-0.0071	-0.0007	0.0041	0.0001	0.0364
42	-0.0015	0.0047	0.0020	-0.0032	0.0049	-0.0014	0.0029	-0.0028	-0.0093	-0.0010	-0.0028	-0.0027	0.0022	0.0001	-0.0033	-0.0037	-0.0043	0.0111	0.0058	0.0024	0.0362
534	-0.0051	0.0033	0.0014	-0.0012	0.0035	-0.0004	0.0020	-0.0103	-0.0070	-0.0018	0.0032	-0.0055	0.0005	-0.0000	-0.0005	-0.0044	0.0179	0.0002	0.0042	0.0000	0.0361
487	-0.0006	0.0028	0.0060	-0.0027	0.0030	-0.0041	-0.0007	-0.0006	-0.0012	-0.0012	0.0026	0.0169	0.0006	-0.0018	-0.0082	-0.0071	-0.0076	-0.0003	0.0038	0.0004	0.0361
346	0.0009	0.0043	-0.0007	-0.0034	0.0045	0.0135	0.0028	-0.0004	-0.0072	-0.0015	0.0041	-0.0018	-0.0002	0.0005	-0.0147	-0.0027	-0.0032	-0.0003	0.0052	0.0002	0.0360
483	0.0005	-0.0074	-0.0009	-0.0017	0.0040	-0.0007	-0.0001	-0.0017	-0.0011	-0.0033	0.0042	-0.0068	0.0017	-0.0006	-0.0093	-0.0003	-0.0019	-0.0004	0.0057	0.0199	0.0360
367	-0.0002	0.0046	-0.0010	-0.0008	0.0049	-0.0002	0.0158	-0.0001	-0.0016	-0.0055	0.0044	-0.0040	-0.0001	-0.0041	-0.0163	-0.0006	-0.0004	-0.0004	0.0061	-0.0005	0.0359
504	0.0009	0.0011	0.0011	-0.0027	0.0057	-0.0006	0.0001	-0.0045	-0.0053	-0.0007	0.0057	-0.0065	0.0025	-0.0005	-0.0070	-0.0014	-0.0066	-0.0000	0.0076	0.0113	0.0359
479	-0.0004	0.0140	-0.0005	-0.0005	0.0057	-0.0014	0.0024	-0.0005	-0.0039	-0.0013	0.0056	-0.0010	0.0009	-0.0007	-0.0215	-0.0005	-0.0007	-0.0028	0.0072	0.0001	0.0358
55	0.0003	0.0048	0.0020	-0.0091	0.0051	0.0101	0.0030	-0.0029	-0.0044	-0.0001	0.0045	-0.0027	-0.0005	0.0001	-0.0068	-0.0038	-0.0044	-0.0012	0.0057	0.0001	0.0357
130	-0.0010	0.0051	-0.0013	-0.0016	0.0142	-0.0020	0.0012	-0.0134	-0.0016	-0.0030	0.0056	-0.0011	-0.0009	-0.0014	-0.0003	-0.0019	-0.0011	-0.0051	0.0092	0.0005	0.0357
399	0.0002	0.0038	-0.0006	0.0172	0.0039	-0.0070	0.0022	-0.0027	-0.0031	-0.0023	0.0036	-0.0026	-0.0001	-0.0006	-0.0069	-0.0035	-0.0040	-0.0021	0.0047	0.0000	0.0356
53	0.0005	0.0050	0.0001	-0.0015	0.0053	-0.0009	0.0124	-0.0037	-0.0014	-0.0001	0.0048	-0.0030	0.0011	-0.0042	-0.0081	-0.0055	-0.0063	-0.0004	0.0064	-0.0005	0.0356
518	-0.0014	0.0046	0.0022	-0.0049	0.0048	-0.0008	0.0030	-0.0022	-0.0016	-0.0022	-0.0104	-0.0019	0.0024	0.0005	-0.0064	-0.0004	-0.0033	0.0122	0.0056	0.0001	0.0355
438	0.0145	0.0040	0.0016	-0.0031	0.0042	-0.0008	0.0024	-0.0025	-0.0011	-0.0020	0.0038	-0.0023	-0.0011	-0.0008	-0.0002	-0.0041	-0.0122	-0.0053	0.0049	0.0000	0.0354
5	-0.0011	0.0032	-0.0001	-0.0016	0.0035	-0.0007	0.0011	-0.0064	-0.0014	0.0203	0.0018	-0.0009	-0.0025	-0.0044	-0.0030	-0.0069	-0.0030	-0.0033	0.0045	0.0010	0.0354
432	0.0002	0.0049	0.0117	-0.0033	0.0052	-0.0062	0.0022	-0.0016	-0.0009	-0.0008	0.0047	-0.0096	-0.0003	-0.0003	-0.0006	-0.0045	-0.0052	-0.0018	0.0062	0.0001	0.0352
478	-0.0005	0.0044	0.0021	-0.0073	0.0046	0.0093	0.0029	-0.0020	-0.0075	-0.0016	0.0043	-0.0019	-0.0003	0.0004	-0.0124	-0.0004	-0.0008	-0.0004	0.0046	0.0025	0.0351
123	-0.0006	0.0029	0.0008	-0.0020	0.0031	-0.0010	0.0015	-0.0031	-0.0009	-0.0076	0.0028	-0.0035	-0.0007	-0.0008	-0.0071	0.0188	-0.0072	-0.0005	0.0038	0.0013	0.0350
197	-0.0006	0.0050	0.0013	-0.0033	0.0053	-0.0016	0.0026	-0.0033	-0.0014	-0.0043	0.0047	-0.0028	0.0095	-0.0035	-0.0013	-0.0096	-0.0023	-0.0008	0.0064	0.0000	0.0349
428	-0.0002	0.0050	0.0095	-0.0052	0.0053	-0.0043	0.0020	-0.0018	-0.0015	-0.0005	0.0047	-0.0119	0.0019	-0.0007	-0.0011	-0.0036	-0.0023	-0.0016	0.0064	0.0001	0.0348
314	-0.0066	0.0020	-0.0001	-0.0001	0.0022	-0.0024	0.0004	-0.0076	-0.0004	-0.0011	0.0018	-0.0041	-0.0001	-0.0021	-0.0016	-0.0066	0.0251	-0.0018	0.0030	-0.0000	0.0347
553	-0.0002	0.0201	0.0009	-0.0010	0.0034	-0.0012	0.0021	-0.0050	-0.0010	-0.0043	0.0039	-0.0011	-0.0005	-0.0014	-0.0025	-0.0088	-0.0067	-0.0010	0.0041	0.0001	0.0346
470	0.0007	0.0036	-0.0052	-0.0014	0.0038	-0.0004	0.0002	-0.0009	-0.0054	-0.0020	0.0034	0.0172	-0.0003	-0.0001	-0.0060	-0.0086	-0.0041	0.0001	0.0045	0.0006	0.0342
426	-0.0027	0.0043	-0.0008	-0.0010	0.0036	-0.0013	0.0026	-0.0071	-0.0072	-0.0035	0.0041	-0.0007	0.0019	-0.0002	-0.0009	-0.0040	-0.0046	0.0101	0.0054	0.0021	0.0341
375	0.0011	0.0039	-0.0049	-0.0016	0.0050	0.0097	0.0031	-0.0023	-0.0024	-0.0018	0.0046	-0.0021	-0.0002	0.0004	-0.0045	-0.0104	-0.0037	0.0000	0.0058	0.0003	0.0338
531	0.0013	0.0041	0.0020	-0.0007	0.0037	0.0003	0.0027	0.0089	-0.0066	-0.0021	0.0031	-0.0039	0.0021	0.0005	-0.0054	-0.0041	-0.0062	-0.0047	0.0049	0.0001	0.0336
186	0.0003	0.0025	-0.0007	-0.0095	0.0026	-0.0005	0.0014	-0.0029	0.0213	-0.0017	0.0024	-0.0030	-0.0001	-0.0009	-0.0083	-0.0025	-0.0035	-0.0001	0.0031	0.0000	0.0336
124	-0.0043	0.0011	-0.0003	-0.0005	0.0013	-0.0003	-0.0003	-0.0081	-0.0004	-0.0075	0.0009	-0.0004	-0.0001	-0.0003	-0.0001	-0.0054	-0.0056	0.0283	0.0019	0.0000	0.0335
224	-0.0021	-0.0002	-0.0016	-0.0012	-0.0001	-0.0051	-0.0011	-0.0053	0.0330	-0.0039	-0.0003	-0.0026	-0.0001	-0.0027	-0.0020	-0.0019	-0.0006	-0.0025	0.0004	0.0000	0.0334
118	0.0013	0.0037	0.0019	-0.0007	0.0039	-0.0007	0.0025	-0.0013	-0.0245	-0.0009	0.0023	-0.0012	0.0020	0.0006	0.0083	-0.0006	-0.0034	0.0009	0.0036	0.0022	0.0333
560	-0.0005	0.0187	-0.0007	-0.0008	0.0047	-0.0025	-0.0015	-0.0064	-0.0013	-0.0056	0.0045	-0.0018	-0.0003	-0.0020	-0.0012	-0.0002	-0.0012	-0.0016	0.0054	-0.0056	0.0333
402	0.0011	0.0037	-0.0054	-0.0008	0.0038	0.0001	0.0016	-0.0029	-0.0104	-0.0004	0.0035	0.0134	-0.0003	0.0004	-0.0052	-0.0045	-0.0034	0.0006	0.0045	0.0007	0.0333
427	-0.0007	0.0047	0.0097	-0.0046	0.0049	-0.0011	0.0017	-0.0009	-0.0025	-0.0004	0.0044	-0.0113	0.0017	-0.0008	-0.0006	-0.0031	-0.0059	-0.0014	0.0060	0.0001	0.0332
444	0.0010	0.0043	-0.0015	-0.0013	0.0045	-0.0011	0.0027	-0.0025	-0.0083	0.0100	0.0031	-0.0024	-0.0046	-0.0023	-0.0016	-0.0017	-0.0039	-0.0018	0.0053	0.0022	0.0331
92	-0.0004	0.0039	-0.0053	-0.0020	0.0058	-0.0010	-0.0008	-0.0015	-0.0054	-0.0100	0.0042	-0.0015	-0.0005	-0.0017	-0.0015	-0.0004	-0.0004	-0.0006	0.0191	0.0000	0.0331
469	-0.0006	0.0017	-0.0000	-0.0070	0.0018	-0.0027	0.0006	-0.0032	0.0076	-0.0027	0.0000	-0.0037	-0.0007	-0.0019	0.0189	-0.0044	-0.0051	-0.0010	0.0022	0.0002	0.0330
464	-0.0015	0.0041	0.0017	-0.0031	0.0043	-0.0005	0.0025	-0.0105	-0.0032	-0.0039	0.0037	-0.0019	0.0019	-0.0001	-0.0006	-0.0035	-0.0041	0.0094	0.0052	0.0000	0.0329
50	-0.0011	0.0025	-0.0029	0.0208	0.0027	-0.0017	0.0008	-0.0045	-0.0052	-0.0040	0.0023	-0.0003	-0.0000	-0.0036	-0.0011	-0.0004	-0.0059	-0.0019	0.0035	0.0001	0.0326
114	0.0007	-0.0038	-0.0011	-0.0007	0.0034	-0.0005	-0.0033	-0.0030	-0.0007	-0.0025	0.0040	-0.0068	0.0018	-0.0002	-0.0013	-0.0042	-0.0044	0.0001	0.0052	0.0174	0.0325
113	-0.0004	0.0040	0.0136	-0.0046	0.0042	-0.0020	0.0014	-0.0001	-0.0004	-0.0038	0.0038	-0.0136	-0.0005	-0.0011	-0.0002	-0.0054	-0.0003	-0.0001	0.0052	0.0001	0.0324
120	0.0008	0.0042	0.0016	-0.0021	0.0044	-0.0006	0.0017	-0.0017	-0.0043	-0.0019	0.0040	-0.0026	-0.0001	0.0081	-0.0108	-0.0037	-0.0043	0.0001	0.0052	0.0020	0.0323
345	-0.0006	-0.0004	-0.0002	-0.0002	0.0150	-0.0003	0.0021	-0.0096	-0.0001	-0.0141	0.0059	-0.0005	-0.0002	-0.0003	-0.0003	-0.0004	-0.0001	-0.0051	0.0091	0.0001	0.0322
16	0.0081	0.0045	0.0015	-0.0048	0.0047	-0.0015	0.0025	-0.0037	-0.0037	-0.0005	0.0043	-0.0034	0.0007	-0.0006	-0.0005	-0.0054	-0.0018	-0.0061	0.0057	0.0000	0.0321
494	-0.0040	0.0047	0.0021	-0.0020	0.0049	-0.0007	0.0030	-0.0048	-0.0010	-0.0032	-0.0026	-0.0012	0.0023	0.0003	-0.0071	-0.0033	-0.0017	0.0086	0.0057	0.0000	0.0316
561	0.0012	0.0033	0.0017	-0.0003	0.0034	-0.0055	0.0023	-0.0021	-0.0159	-0.0008	0.0032	-0.0010	-0.0004	0.0006	0.0107	-0.0031	-0.0023	0.0008	0.0040	0.0000	0.0314
17	0.0004	0.0057	0.0103	-0.0047	-0.0006	-0.0033	-0.0012	-0.0005	-0.0034	-0.0002	0.0055	-0.0112	-0.0011	-0.0001	-0.0022	-0.0004	-0.0020	-0.0004	0.0071	0.0023	0.0313
259	0.0087	0.0043	0.0015	-0.0034	0.0046	-0.0015	0.0025	-0.0013	-0.0032	-0.0030	0.0041	-0.0029	-0.0001	-0.0005	-0.0001	-0.0048	-0.0079	-0.0026	0.0055	0.0000	0.0312
539	-0.0010	0.0023	-0.0001	-0.0004	0.0024	-0.0022	-0.0007	-0.0046	-0.0001	0.0225	0.0004	-0.0009	-0.0008	-0.0021	-0.0047	-0.0054	-0.0059	-0.0022	0.0033	0.0003	0.0311
340	0.0009	0.0043	0.0017	-0.0020	0.0045	-0.0003	0.0016	-0.0026	-0.0033	-0.0005	0.0041	-0.0025	-0.0003	0.0087	-0.0113	-0.0035	-0.0041	-0.0006	0.0053	0.0000	0.0310
442	-0.0013	0.0040	-0.0010	-0.0015	0.0032	-0.0014	0.0024	-0.0059	-0.0083	-0.0032	0.0038	-0.0026	0.0018	-0.0001	-0.0003	-0.0012	-0.0040	0.0108	0.0050	0.0000	0.0310
8	-0.0009	0.0035	-0.0010	-0.0013	0.0021	-0.0016	-0.0014	-0.0061	-0.0009	0.0156	0.0032	-0.0054	0.0009	-0.0017	-0.0044	-0.0016	-0.0033	-0.0015	0.0045	0.0011	0.0309
40	-0.0043	0.0050	0.0020	-0.0042	0.0052	-0.0017	0.0030	-0.0035	-0.0016	-0.0049	-0.0051	-0.0031	0.0022	-0.0001	-0.0006	-0.0003	-0.0015	0.0071	0.0062	0.0000	0.0309
401	-0.0008	0.0034	0.0002	-0.0002	0.0037	-0.0001	-0.0004	-0.0092	-0.0018	-0.0057	0.0186	-0.0039	-0.0001	-0.0004	-0.0004	-0.0001	-0.0025	-0.0051	0.0048	0.0001	0.0308
141	-0.0001	-0.0006	-0.0011	-0.0011	-0.0001	-0.0005	-0.0035	-0.0007	0.0307	-0.0010	-0.0003	-0.0145	-0.0007	-0.0030	-0.0003	-0.0015	-0.0002	-0.0002	-0.0012	-0.0000	0.0307
503	-0.0003	0.0018	0.0002	-0.0050	0.0020	-0.0011	0.0008	-0.0048	0.0184	-0.0024	0.0016	-0.0040	-0.0002	-0.0028	0.0020	-0.0032	-0.0060	-0.0007	0.0025	0.0011	0.0305
404	0.0003	0.0034	0.0011	-0.0032	0.0036	-0.0008	0.0007	-0.0004	-0.0123	-0.0001	0.0032	-0.0018	-0.0006	0.0183	-0.0100	-0.0002	-0.0007	-0.0003	-0.0002	0.0000	0.0305
396	0.0001	0.0026	-0.0007	-0.0013	-0.0060	-0.0004	0.0020	-0.0023	-0.0065	-0.0019	0.0032	-0.0022	-0.0007	-0.0002	-0.0040	0.0180	-0.0044	0.0001	0.0042	0.0002	0.0304
131	0.0005	0.0041	0.0002	0.0076	0.0043	-0.0013	0.0026	-0.0021	-0.0158	-0.0017	0.0039	-0.0020	0.0020	-0.0004	-0.0008	-0.0028	-0.0033	-0.0002	0.0050	0.0000	0.0304
33	-0.0008	0.0045	0.0081	-0.0069	0.0048	-0.0053	0.0014	-0.0005	-0.0004	-0.0007	0.0043	-0.0091	0.0013	-0.0009	-0.0007	-0.0004	-0.0026	-0.0020	0.0059	0.0001	0.0303
457	-0.0032	0.0041	0.0017	-0.0035	0.0043	-0.0001	0.0025	-0.0025	-0.0046	-0.0028	-0.0088	-0.0013	0.0019	0.0000	-0.0006	-0.0016	-0.0013	0.0108	0.0050	0.0000	0.0303
541	0.0002	0.0036	0.0010	-0.0023	-0.0024	-0.0011	-0.0022	-0.0053	-0.0016	0.0163	0.0034	-0.0003	-0.0029	-0.0008	-0.0002	-0.0044	-0.0050	-0.0017	0.0046	0.0011	0.0301
490	-0.0007	0.0125	-0.0015	-0.0021	0.0039	-0.0014	0.0013	-0.0031	-0.0019	-0.0025	0.0032	-0.0021	-0.0013	-0.0021	-0.0006	-0.0015	-0.0031	-0.0006	0.0091	-0.0053	0.0300
415	-0.0005	0.0038	-0.0005	-0.0015	0.0033	-0.0003	-0.0016	-0.0046	-0.0075	0.0137	0.0033	-0.0043	-0.0004	-0.0001	-0.0063	-0.0007	-0.0005	-0.0011	0.0044	0.0014	0.0299
391	-0.0014	-0.0004	0.0020	-0.0004	-0.0004	0.0005	0.0026	-0.0075	-0.0082	-0.0010	0.0037	-0.0012	-0.0002	0.0007	-0.0053	-0.0025	0.0136	-0.0013	0.0046	0.0023	0.0297
167	-0.0043	0.0038	0.0019	-0.0005	0.0039	0.0004	0.0025	-0.0014	-0.0103	-0.0011	-0.0013	-0.0013	-0.0001	0.0006	-0.0066	-0.0028	0.0089	0.0008	0.0045	0.0022	0.0295
39	0.0013	0.0038	-0.0047	-0.0004	0.0039	0.0004	0.0018	-0.0006	-0.0079	-0.0003	0.0036	0.0062	0.0021	0.0006	-0.0040	-0.0095	-0.0018	0.0008	0.0045	0.0000	0.0291
32	-0.0026	0.0044	0.0006	-0.0010	0.0035	-0.0011	0.0027	-0.0082	-0.0091	-0.0031	0.0042	-0.0003	-0.0001	-0.0001	-0.0003	-0.0029	-0.0004	0.0081	0.0055	0.0000	0.0291
44	-0.0007	0.0043	-0.0003	-0.0030	0.0046	-0.0026	0.0102	-0.0005	-0.0005	-0.0021	0.0040	-0.0046	-0.0005	-0.0046	-0.0011	-0.0075	-0.0006	-0.0003	0.0058	0.0001	0.0290
119	0.0006	0.0043	0.0005	0.0065	0.0045	-0.0012	0.0029	-0.0005	-0.0200	-0.0004	0.0042	-0.0024	-0.0001	-0.0003	-0.0011	-0.0021	-0.0004	-0.0004	0.0052	0.0000	0.0289
128	-0.0001	0.0038	0.0007	0.0078	0.0040	-0.0009	0.0023	-0.0024	-0.0119	-0.0020	0.0036	-0.0023	0.0017	-0.0014	-0.0004	-0.0032	-0.0037	-0.0005	0.0047	0.0001	0.0287
56	-0.0003	0.0026	0.0004	-0.0003	0.0028	-0.0015	0.0012	-0.0006	0.0152	-0.0032	0.0025	-0.0040	-0.0004	-0.0019	-0.0150	-0.0002	-0.0006	-0.0009	0.0036	0.0005	0.0287
465	-0.0007	0.0010	-0.0003	-0.0065	0.0011	-0.0014	0.0001	-0.0016	-0.0013	-0.0019	0.0009	-0.0042	-0.0002	-0.0021	0.0241	-0.0030	-0.0043	-0.0011	0.0015	0.0000	0.0286
436	0.0001	0.0009	0.0003	-0.0013	0.0047	-0.0018	-0.0020	-0.0021	-0.0007	-0.0022	0.0049	-0.0077	0.0016	-0.0012	-0.0005	-0.0074	-0.0009	-0.0009	0.0067	0.0094	0.0285
30	-0.0011	0.0040	0.0099	-0.0048	0.0042	-0.0013	0.0012	-0.0017	-0.0042	-0.0006	0.0038	-0.0051	-0.0002	-0.0013	-0.0003	-0.0002	-0.0062	-0.0016	0.0052	0.0001	0.0284
164	-0.0014	0.0021	-0.0006	-0.0029	0.0019	-0.0021	0.0004	-0.0068	-0.0017	0.0008	0.0019	-0.0038	-0.0003	-0.0030	-0.0011	-0.0041	-0.0005	0.0180	0.0030	0.0002	0.0284
303	0.0012	0.0024	0.0017	-0.0005	0.0037	-0.0020	0.0024	-0.0024	-0.0026	-0.0011	0.0034	-0.0146	0.0019	0.0005	-0.0019	0.0069	-0.0028	-0.0003	0.0042	0.0000	0.0283
537	0.0010	0.0027	0.0016	-0.0003	0.0038	-0.0077	-0.0002	-0.0019	-0.0025	-0.0014	0.0035	-0.0103	0.0018	0.0003	-0.0006	0.0086	-0.0034	0.0005	0.0044	0.0000	0.0282
535	-0.0024	0.0039	-0.0015	-0.0001	0.0036	-0.0014	0.0021	-0.0093	-0.0001	-0.0039	0.0037	-0.0036	-0.0000	-0.0001	-0.0001	-0.0002	-0.0053	0.0098	0.0051	0.0000	0.0282
258	0.0002	0.0040	0.0006	0.0076	0.0042	-0.0052	0.0026	-0.0019	-0.0070	-0.0001	0.0039	-0.0018	-0.0001	-0.0004	-0.0058	-0.0026	-0.0031	-0.0001	0.0049	0.0000	0.0281
371	-0.0005	0.0031	0.0001	0.0142	0.0033	-0.0073	-0.0007	-0.0004	-0.0044	-0.0030	0.0030	-0.0011	-0.0001	-0.0014	-0.0003	-0.0042	-0.0047	-0.0001	0.0041	0.0000	0.0280
536	0.0086	0.0050	-0.0005	-0.0004	-0.0001	-0.0007	0.0031	-0.0034	-0.0004	-0.0028	0.0048	-0.0004	-0.0001	-0.0005	-0.0001	-0.0033	-0.0114	-0.0038	0.0063	0.0000	0.0279
413	0.0004	0.0031	-0.0029	-0.0002	-0.0002	-0.0008	0.0003	-0.0004	-0.0117	-0.0000	0.0029	0.0173	-0.0006	-0.0004	-0.0003	-0.0057	-0.0042	-0.0004	0.0039	0.0000	0.0278
23	0.0002	-0.0009	-0.0004	-0.0018	0.0046	-0.0000	-0.0038	-0.0024	-0.0051	-0.0003	0.0045	-0.0005	0.0016	-0.0011	-0.0004	-0.0037	-0.0067	-0.0007	0.0062	0.0108	0.0277
556	0.0006	-0.0002	0.0020	-0.0057	0.0047	0.0079	0.0029	-0.0003	-0.0065	-0.0009	0.0043	-0.0022	-0.0002	0.0003	-0.0085	-0.0020	-0.0006	-0.0003	0.0046	0.0000	0.0274
265	0.0075	0.0039	0.0008	-0.0025	0.0042	-0.0007	0.0019	-0.0028	-0.0011	-0.0010	0.0037	-0.0006	-0.0001	-0.0014	-0.0002	-0.0066	-0.0068	-0.0034	0.0052	0.0000	0.0271
14	-0.0061	0.0025	0.0006	-0.0019	0.0027	-0.0010	0.0013	-0.0044	-0.0043	-0.0002	0.0024	-0.0025	-0.0001	-0.0008	-0.0006	-0.0044	0.0140	-0.0006	0.0033	0.0000	0.0269
31	-0.0037	0.0033	0.0015	-0.0009	0.0035	0.0000	0.0021	-0.0055	-0.0011	-0.0014	0.0032	-0.0045	0.0001	0.0002	-0.0050	-0.0046	0.0084	0.0004	0.0041	0.0000	0.0268
297	-0.0014	0.0042	0.0006	-0.0024	0.0045	-0.0016	0.0000	-0.0003	-0.0010	-0.0004	0.0039	-0.0004	0.0080	-0.0020	-0.0002	-0.0090	-0.0065	-0.0015	0.0057	0.0000	0.0268
543	-0.0036	0.0037	-0.0014	-0.0007	0.0030	-0.0029	0.0019	-0.0032	-0.0007	-0.0002	0.0035	-0.0036	0.0012	-0.0004	-0.0001	-0.0046	-0.0052	0.0071	0.0048	0.0014	0.0265
257	-0.0001	-0.0003	-0.0001	-0.0003	0.0153	-0.0001	-0.0012	-0.0088	-0.0003	-0.0093	0.0044	-0.0003	-0.0002	-0.0005	-0.0000	-0.0012	-0.0002	-0.0035	0.0066	0.0002	0.0265
54	0.0012	0.0039	-0.0035	-0.0008	0.0040	0.0002	0.0014	-0.0021	-0.0093	-0.0003	0.0037	0.0063	-0.0003	0.0004	-0.0003	-0.0063	-0.0036	0.0006	0.0047	0.0000	0.0263
533	-0.0001	0.0033	0.0015	-0.0009	0.0035	-0.0001	0.0021	-0.0018	-0.0062	-0.0046	0.0032	-0.0017	-0.0038	0.0002	-0.0023	0.0081	-0.0048	0.0004	0.0041	0.0001	0.0262
453	-0.0005	0.0038	-0.0011	-0.0019	0.0041	-0.0010	0.0094	-0.0019	-0.0030	-0.0013	0.0035	-0.0011	-0.0006	-0.0032	-0.0009	-0.0008	-0.0080	-0.0006	0.0052	0.0000	0.0260
471	0.0010	0.0035	-0.0029	-0.0005	0.0037	0.0001	0.0016	-0.0010	-0.0087	-0.0001	0.0034	0.0057	0.0018	0.0003	-0.0001	-0.0093	-0.0035	0.0005	0.0043	0.0000	0.0260
151	-0.0022	0.0114	-0.0017	-0.0020	0.0041	-0.0039	-0.0002	-0.0002	-0.0023	-0.0009	0.0038	-0.0004	-0.0021	-0.0013	-0.0009	-0.0043	-0.0019	-0.0014	0.0064	0.0001	0.0258
62	-0.0005	0.0036	0.0011	-0.0051	0.0038	0.0071	0.0020	-0.0006	-0.0035	-0.0002	0.0034	-0.0032	-0.0004	-0.0007	-0.0039	-0.0041	-0.0018	-0.0015	0.0046	0.0000	0.0256
7	0.0004	0.0036	-0.0004	-0.0009	0.0038	-0.0008	0.0020	-0.0031	-0.0015	0.0090	0.0018	-0.0016	-0.0016	-0.0030	-0.0030	-0.0039	-0.0045	-0.0011	0.0046	0.0001	0.0254
430	-0.0006	0.0020	-0.0009	-0.0014	0.0140	-0.0022	0.0006	-0.0032	-0.0005	-0.0098	0.0032	-0.0031	-0.0004	-0.0005	-0.0004	-0.0004	-0.0002	-0.0016	0.0052	0.0000	0.0251
474	-0.0004	0.0033	-0.0001	0.0077	0.0035	-0.0011	0.0019	-0.0027	-0.0062	-0.0023	0.0032	-0.0026	0.0013	-0.0012	-0.0005	-0.0034	-0.0039	-0.0006	0.0042	0.0000	0.0251
329	-0.0002	0.0038	-0.0014	-0.0003	0.0043	-0.0010	-0.0001	-0.0021	-0.0007	-0.0122	0.0108	-0.0018	-0.0001	-0.0004	-0.0006	-0.0002	-0.0010	-0.0029	0.0062	0.0000	0.0251
374	0.0001	0.0026	0.0013	-0.0014	-0.0020	-0.0004	0.0021	-0.0024	-0.0035	-0.0010	0.0033	-0.0023	-0.0003	-0.0002	-0.0063	0.0107	-0.0053	0.0001	0.0044	0.0005	0.0251
400	0.0006	0.0027	-0.0003	-0.0030	0.0029	-0.0004	0.0017	-0.0021	0.0108	-0.0013	0.0026	-0.0038	-0.0004	-0.0007	-0.0078	-0.0020	-0.0031	0.0002	0.0034	0.0000	0.0249
499	-0.0005	0.0004	-0.0006	-0.0027	0.0041	-0.0003	-0.0020	-0.0008	-0.0014	-0.0053	0.0043	-0.0022	0.0011	-0.0019	-0.0003	-0.0051	-0.0013	-0.0004	0.0061	0.0088	0.0248
292	0.0242	-0.0001	-0.0013	-0.0003	-0.0002	-0.0007	-0.0006	-0.0003	-0.0008	-0.0001	-0.0016	-0.0008	-0.0002	-0.0001	-0.0004	-0.0062	-0.0041	-0.0070	0.0005	0.0000	0.0248
25	0.0086	0.0032	-0.0003	-0.0033	0.0034	-0.0008	0.0013	-0.0008	-0.0004	-0.0002	0.0030	-0.0046	-0.0002	-0.0011	-0.0001	-0.0063	-0.0027	-0.0036	0.0043	0.0008	0.0245
362	-0.0002	-0.0001	-0.0005	-0.0014	0.0045	0.0067	0.0024	-0.0008	-0.0009	-0.0005	0.0040	-0.0001	0.0016	-0.0006	-0.0165	-0.0008	-0.0003	-0.0017	0.0053	0.0000	0.0244
410	0.0003	0.0025	0.0009	-0.0056	0.0026	-0.0005	0.0014	-0.0035	0.0098	-0.0017	0.0024	-0.0051	0.0010	-0.0008	-0.0009	-0.0025	-0.0037	-0.0001	0.0032	0.0002	0.0243
245	-0.0021	-0.0049	-0.0003	-0.0006	0.0024	-0.0040	-0.0004	-0.0010	-0.0001	-0.0070	0.0028	-0.0021	-0.0001	-0.0013	-0.0000	-0.0001	-0.0001	-0.0001	0.0047	0.0144	0.0243
461	-0.0006	-0.0015	-0.0009	-0.0010	0.0044	-0.0005	-0.0040	-0.0068	-0.0022	-0.0007	0.0041	-0.0012	0.0006	-0.0018	-0.0022	-0.0003	-0.0003	-0.0004	0.0060	0.0092	0.0243
37	0.0003	0.0033	-0.0004	0.0079	0.0035	-0.0041	0.0020	-0.0012	-0.0033	-0.0002	0.0032	-0.0022	-0.0001	-0.0004	-0.0061	-0.0030	-0.0019	-0.0013	0.0041	0.0000	0.0242
395	0.0007	0.0030	-0.0042	-0.0010	0.0032	-0.0004	0.0009	-0.0007	-0.0033	-0.0016	0.0029	0.0094	-0.0001	-0.0000	-0.0051	-0.0039	-0.0037	0.0002	0.0038	0.0000	0.0241
214	-0.0091	0.0002	-0.0009	-0.0008	-0.0007	-0.0001	-0.0004	0.0225	-0.0006	-0.0077	0.0000	-0.0004	-0.0001	-0.0010	-0.0001	-0.0001	-0.0015	-0.0006	0.0013	0.0000	0.0240
557	-0.0015	-0.0006	-0.0004	-0.0021	-0.0007	-0.0004	0.0013	-0.0031	-0.0011	-0.0028	0.0025	-0.0030	-0.0005	-0.0010	-0.0005	0.0166	-0.0055	-0.0007	0.0035	0.0001	0.0240
72	-0.0001	0.0007	-0.0007	-0.0018	-0.0003	-0.0044	0.0007	-0.0002	-0.0069	-0.0002	0.0022	0.0045	-0.0002	-0.0008	-0.0039	0.0124	-0.0042	-0.0001	0.0031	0.0000	0.0236
456	0.0008	0.0036	-0.0031	-0.0008	0.0037	-0.0004	0.0010	-0.0008	-0.0098	-0.0015	0.0034	0.0064	-0.0002	-0.0000	-0.0002	-0.0024	-0.0043	0.0003	0.0044	0.0000	0.0236
104	-0.0006	0.0033	0.0008	-0.0034	0.0035	0.0061	0.0016	-0.0001	-0.0069	-0.0001	0.0031	-0.0026	0.0010	-0.0004	-0.0027	-0.0045	-0.0003	-0.0021	0.0042	0.0000	0.0235
437	0.0005	0.0033	-0.0034	-0.0015	0.0035	-0.0004	0.0013	-0.0010	-0.0020	-0.0021	0.0031	0.0076	-0.0003	-0.0003	-0.0002	-0.0076	-0.0049	-0.0000	0.0041	0.0001	0.0235
330	0.0235	-0.0034	-0.0010	-0.0012	-0.0006	-0.0019	-0.0006	-0.0017	-0.0007	-0.0002	-0.0009	-0.0008	-0.0002	-0.0024	-0.0001	-0.0020	-0.0003	-0.0045	-0.0011	-0.0000	0.0235
279	-0.0005	0.0031	0.0007	-0.0007	0.0033	0.0070	0.0015	-0.0022	-0.0010	-0.0010	0.0029	-0.0035	0.0009	-0.0011	-0.0023	-0.0044	-0.0050	-0.0018	0.0041	0.0000	0.0235
218	0.0001	0.0024	0.0012	-0.0010	-0.0044	-0.0005	0.0019	-0.0020	-0.0071	-0.0016	0.0031	-0.0012	-0.0005	-0.0002	-0.0003	0.0105	-0.0047	0.0000	0.0041	0.0001	0.0234
19	0.0009	0.0032	0.0015	-0.0008	0.0034	-0.0003	0.0021	0.0065	-0.0067	-0.0025	-0.0011	-0.0015	0.0016	0.0002	-0.0006	-0.0012	-0.0050	-0.0036	0.0040	0.0000	0.0233
463	0.0006	0.0024	0.0010	-0.0039	0.0026	-0.0001	0.0015	-0.0027	0.0085	-0.0012	0.0023	-0.0023	0.0011	-0.0006	-0.0075	-0.0019	-0.0032	0.0002	0.0030	0.0000	0.0233
416	-0.0006	0.0033	-0.0004	0.0055	0.0035	-0.0018	0.0020	-0.0014	-0.0080	-0.0004	0.0032	-0.0007	0.0014	-0.0012	-0.0060	-0.0006	-0.0009	-0.0011	0.0042	0.0000	0.0231
270	-0.0003	-0.0004	-0.0005	-0.0027	0.0147	-0.0001	0.0004	-0.0006	-0.0043	-0.0061	-0.0040	-0.0004	-0.0000	-0.0003	-0.0001	-0.0007	-0.0004	-0.0003	0.0079	-0.0019	0.0230
392	0.0007	0.0029	-0.0064	-0.0008	0.0030	-0.0001	0.0013	-0.0026	-0.0018	-0.0013	0.0028	0.0083	-0.0002	0.0002	-0.0045	-0.0026	-0.0026	0.0003	0.0035	0.0000	0.0230
58	-0.0004	0.0107	-0.0017	-0.0036	0.0034	-0.0016	-0.0005	-0.0012	-0.0004	-0.0009	0.0032	-0.0018	-0.0003	-0.0081	-0.0006	-0.0006	-0.0002	-0.0010	0.0055	0.0001	0.0229
546	-0.0006	0.0035	0.0009	-0.0088	0.0037	0.0064	0.0018	-0.0006	-0.0008	-0.0004	0.0033	-0.0008	-0.0002	-0.0009	-0.0021	-0.0005	-0.0052	-0.0019	0.0034	0.0000	0.0228
357	-0.0007	0.0025	0.0005	-0.0020	0.0026	-0.0000	0.0012	-0.0051	-0.0001	-0.0026	-0.0001	-0.0044	0.0001	-0.0009	-0.0002	-0.0058	0.0155	-0.0006	-0.0000	0.0003	0.0227
429	-0.0013	0.0032	0.0007	-0.0081	0.0034	0.0057	0.0016	-0.0030	-0.0015	-0.0024	0.0030	-0.0017	0.0009	-0.0010	-0.0010	-0.0011	-0.0006	-0.0007	0.0040	0.0000	0.0225
272	-0.0030	0.0001	-0.0002	-0.0004	0.0003	-0.0001	-0.0001	-0.0059	-0.0001	0.0207	-0.0039	-0.0001	-0.0003	-0.0010	-0.0001	-0.0001	-0.0044	-0.0025	0.0010	0.0000	0.0222
446	0.0006	0.0032	-0.0022	-0.0013	0.0033	-0.0003	0.0012	-0.0032	-0.0116	-0.0001	0.0030	0.0053	0.0014	-0.0001	-0.0001	-0.0014	-0.0017	0.0001	0.0040	0.0000	0.0221
26	0.0009	0.0034	-0.0043	-0.0004	0.0036	-0.0001	0.0014	-0.0020	-0.0057	-0.0002	0.0033	0.0053	-0.0001	-0.0004	-0.0036	-0.0047	-0.0006	-0.0001	0.0042	0.0000	0.0220
80	0.0006	0.0032	-0.0052	-0.0008	0.0034	-0.0003	0.0016	-0.0023	-0.0027	-0.0004	0.0031	0.0060	-0.0000	-0.0002	-0.0007	-0.0065	-0.0030	0.0000	0.0040	0.0000	0.0219
382	0.0001	0.0016	-0.0001	-0.0016	-0.0002	-0.0010	-0.0002	-0.0035	-0.0067	-0.0002	0.0023	-0.0035	-0.0001	-0.0006	-0.0004	0.0146	-0.0035	-0.0001	0.0032	0.0000	0.0219
296	-0.0067	0.0028	-0.0004	-0.0004	0.0029	-0.0004	0.0017	-0.0039	-0.0027	-0.0015	0.0026	-0.0017	-0.0003	-0.0001	-0.0005	-0.0027	0.0083	-0.0005	0.0034	0.0000	0.0217
377	0.0101	0.0025	-0.0000	-0.0026	0.0028	-0.0002	-0.0006	-0.0053	-0.0002	-0.0005	0.0023	-0.0002	-0.0002	-0.0001	-0.0001	-0.0067	-0.0014	-0.0036	0.0037	0.0002	0.0216
423	0.0003	0.0030	-0.0044	-0.0017	0.0032	-0.0007	0.0011	-0.0032	-0.0071	-0.0008	0.0028	0.0061	0.0011	-0.0005	-0.0004	-0.0008	-0.0017	-0.0003	0.0038	0.0001	0.0215
132	0.0003	0.0030	0.0009	-0.0016	0.0031	-0.0008	0.0016	0.0069	-0.0033	-0.0030	0.0006	-0.0025	0.0011	-0.0005	-0.0007	-0.0004	-0.0018	-0.0068	0.0038	0.0000	0.0214
412	-0.0003	-0.0011	-0.0007	-0.0004	0.0120	-0.0025	-0.0008	-0.0030	-0.0006	-0.0006	0.0028	-0.0011	-0.0013	-0.0011	-0.0002	-0.0023	-0.0003	-0.0006	0.0066	-0.0046	0.0213
394	-0.0003	0.0018	-0.0001	-0.0005	0.0019	-0.0001	0.0004	-0.0041	-0.0001	-0.0057	-0.0079	-0.0001	-0.0003	-0.0018	-0.0001	-0.0001	-0.0001	0.0145	0.0026	0.0000	0.0212
564	-0.0001	0.0025	0.0006	-0.0008	0.0015	-0.0001	0.0012	0.0107	-0.0004	-0.0027	0.0013	-0.0021	-0.0002	-0.0012	-0.0001	-0.0004	-0.0072	-0.0058	0.0033	0.0001	0.0211
240	-0.0004	0.0031	0.0006	-0.0066	0.0033	0.0056	0.0014	-0.0007	-0.0011	-0.0011	0.0029	-0.0037	0.0008	-0.0012	-0.0011	-0.0023	-0.0009	-0.0020	0.0036	0.0000	0.0211
38	0.0005	0.0020	0.0008	-0.0065	0.0021	-0.0001	0.0013	-0.0007	0.0099	-0.0003	0.0008	-0.0045	0.0009	-0.0008	-0.0047	-0.0005	-0.0029	0.0001	0.0025	0.0000	0.0211
361	-0.0009	0.0032	0.0066	-0.0030	0.0035	-0.0008	-0.0003	-0.0005	-0.0013	-0.0005	0.0030	-0.0087	-0.0001	-0.0014	-0.0002	-0.0016	-0.0012	-0.0006	0.0046	0.0000	0.0210
434	-0.0005	0.0010	-0.0015	-0.0016	0.0035	-0.0006	-0.0048	-0.0025	-0.0008	-0.0004	0.0018	-0.0007	-0.0025	-0.0005	-0.0031	-0.0001	-0.0008	-0.0005	0.0147	0.0000	0.0210
472	0.0084	-0.0012	-0.0021	-0.0015	0.0038	-0.0028	-0.0009	-0.0006	-0.0010	-0.0004	0.0033	-0.0005	-0.0003	-0.0007	-0.0008	-0.0016	-0.0023	-0.0042	0.0048	0.0007	0.0209
440	-0.0004	0.0031	0.0010	-0.0017	0.0023	-0.0002	0.0017	-0.0028	-0.0010	0.0064	0.0020	-0.0019	0.0009	-0.0006	-0.0054	-0.0019	-0.0039	-0.0012	0.0032	0.0001	0.0208
441	-0.0002	0.0028	-0.0007	-0.0023	0.0020	-0.0010	0.0013	-0.0035	-0.0010	0.0111	0.0011	-0.0009	0.0008	-0.0010	-0.0012	-0.0028	-0.0046	-0.0014	0.0016	0.0000	0.0207
495	0.0001	0.0017	0.0005	-0.0061	0.0018	-0.0006	0.0009	-0.0029	0.0110	-0.0003	0.0016	-0.0012	0.0006	-0.0017	-0.0049	-0.0014	-0.0013	-0.0002	0.0022	0.0000	0.0206
418	0.0009	0.0026	0.0014	-0.0003	0.0027	-0.0041	0.0018	-0.0011	-0.0072	-0.0007	0.0017	-0.0008	0.0015	0.0005	0.0042	-0.0041	-0.0022	0.0006	0.0027	0.0000	0.0206
326	0.0009	0.0028	0.0013	-0.0021	-0.0001	0.0001	0.0018	-0.0017	0.0076	-0.0001	0.0027	-0.0026	-0.0001	-0.0003	-0.0084	-0.0017	-0.0028	-0.0007	0.0034	0.0000	0.0205
548	0.0001	0.0029	0.0008	-0.0005	0.0020	-0.0009	0.0015	0.0078	-0.0004	-0.0028	0.0017	-0.0028	-0.0002	-0.0006	-0.0002	-0.0043	-0.0038	-0.0039	0.0037	0.0000	0.0205
47	-0.0002	0.0030	-0.0028	-0.0012	0.0032	-0.0004	-0.0004	-0.0005	-0.0039	-0.0003	0.0029	0.0063	0.0013	-0.0002	-0.0017	-0.0053	-0.0037	0.0001	0.0038	0.0000	0.0205
372	-0.0008	0.0028	0.0001	-0.0038	0.0030	-0.0010	-0.0016	-0.0003	-0.0010	-0.0049	0.0026	-0.0016	-0.0003	0.0078	-0.0019	-0.0023	-0.0006	-0.0004	0.0039	0.0004	0.0205
45	0.0000	0.0024	0.0015	-0.0008	0.0002	0.0000	0.0022	-0.0017	-0.0060	-0.0014	0.0033	-0.0016	-0.0024	0.0002	-0.0008	0.0059	-0.0057	0.0005	0.0042	0.0000	0.0204
194	-0.0083	0.0003	-0.0025	-0.0003	-0.0005	-0.0005	-0.0002	0.0185	-0.0002	-0.0064	0.0001	-0.0002	-0.0002	-0.0003	-0.0000	-0.0001	-0.0005	0.0003	0.0012	0.0000	0.0203
274	0.0007	0.0024	0.0011	-0.0005	0.0025	-0.0019	0.0016	-0.0013	-0.0088	-0.0003	0.0023	-0.0011	0.0012	0.0002	0.0047	-0.0035	-0.0028	0.0004	0.0029	0.0001	0.0202
188	-0.0021	0.0029	-0.0005	-0.0005	0.0018	-0.0014	0.0013	-0.0077	-0.0003	-0.0042	0.0028	-0.0002	-0.0001	-0.0003	-0.0002	-0.0002	-0.0023	0.0073	0.0040	0.0000	0.0200
301	0.0003	0.0029	0.0010	-0.0002	0.0031	-0.0002	0.0017	0.0073	-0.0086	-0.0028	-0.0024	-0.0002	-0.0001	-0.0001	-0.0002	-0.0003	-0.0025	-0.0024	0.0037	0.0000	0.0200
425	0.0009	0.0024	0.0013	-0.0066	0.0025	0.0003	0.0016	-0.0010	0.0039	-0.0007	0.0023	-0.0029	0.0013	-0.0004	-0.0059	-0.0012	-0.0014	0.0006	0.0028	0.0000	0.0200
133	-0.0012	0.0017	-0.0030	-0.0008	0.0105	-0.0001	-0.0007	-0.0024	-0.0018	-0.0013	0.0021	-0.0006	-0.0001	-0.0005	-0.0002	-0.0009	-0.0004	-0.0007	0.0056	-0.0051	0.0199
384	-0.0004	0.0030	0.0004	-0.0034	0.0032	-0.0001	-0.0008	-0.0002	-0.0006	-0.0011	0.0028	-0.0039	-0.0004	0.0064	-0.0008	-0.0041	-0.0028	-0.0011	0.0040	0.0000	0.0198
115	-0.0011	0.0025	-0.0022	0.0072	0.0027	-0.0071	0.0010	-0.0002	-0.0024	-0.0004	0.0024	-0.0002	0.0003	-0.0018	-0.0001	-0.0017	-0.0002	-0.0022	0.0035	0.0000	0.0196
116	-0.0008	0.0028	-0.0011	0.0050	0.0030	-0.0012	0.0015	-0.0026	-0.0067	-0.0001	0.0027	-0.0013	0.0010	-0.0010	-0.0002	-0.0005	-0.0039	-0.0003	0.0037	0.0000	0.0196
22	-0.0009	0.0018	-0.0024	-0.0008	0.0030	0.0062	0.0013	-0.0004	-0.0008	-0.0006	0.0027	-0.0008	0.0006	-0.0008	-0.0009	-0.0089	-0.0002	-0.0021	0.0038	0.0000	0.0195
21	0.0006	0.0031	0.0012	-0.0012	0.0032	-0.0002	0.0018	0.0055	-0.0033	-0.0029	-0.0026	-0.0020	-0.0001	-0.0001	-0.0003	-0.0013	-0.0020	-0.0031	0.0038	0.0001	0.0193
448	0.0008	0.0026	0.0012	-0.0005	0.0027	-0.0027	0.0017	-0.0012	-0.0077	-0.0002	0.0016	-0.0011	0.0014	0.0003	0.0043	-0.0030	-0.0027	-0.0003	0.0027	0.0000	0.0193
129	0.0007	0.0025	0.0011	-0.0006	0.0026	-0.0024	0.0016	-0.0022	-0.0114	-0.0003	0.0022	-0.0009	0.0012	0.0002	0.0038	-0.0004	-0.0011	0.0004	0.0029	0.0000	0.0192
190	-0.0027	0.0017	-0.0002	-0.0015	0.0019	-0.0002	-0.0006	-0.0068	-0.0001	-0.0047	-0.0012	-0.0002	-0.0001	-0.0004	-0.0002	-0.0001	-0.0003	0.0131	0.0026	0.0000	0.0192
66	-0.0003	0.0028	0.0008	-0.0007	0.0029	-0.0002	0.0015	-0.0039	-0.0018	0.0050	0.0026	-0.0023	-0.0018	-0.0015	-0.0026	-0.0007	-0.0024	-0.0010	0.0036	0.0000	0.0192
43	-0.0021	0.0027	0.0012	-0.0009	0.0029	-0.0001	0.0017	-0.0030	-0.0070	-0.0013	0.0026	-0.0015	-0.0001	0.0000	-0.0005	-0.0026	0.0044	0.0002	0.0034	0.0000	0.0192
57	-0.0003	0.0028	0.0009	-0.0016	0.0026	-0.0003	0.0016	-0.0037	-0.0013	0.0050	0.0027	-0.0024	-0.0025	-0.0020	-0.0025	-0.0009	-0.0006	-0.0012	0.0036	0.0000	0.0191
458	0.0007	0.0023	0.0011	-0.0063	0.0024	0.0001	0.0015	-0.0003	0.0049	-0.0008	0.0015	-0.0024	0.0012	-0.0005	-0.0055	-0.0004	-0.0028	0.0004	0.0028	0.0000	0.0190
192	-0.0003	-0.0012	-0.0004	-0.0005	0.0037	-0.0008	-0.0006	-0.0001	-0.0018	-0.0011	-0.0015	-0.0002	-0.0003	-0.0006	-0.0007	-0.0004	-0.0002	-0.0015	0.0152	-0.0067	0.0190
435	-0.0018	0.0027	0.0011	-0.0010	0.0029	-0.0002	0.0017	-0.0027	-0.0019	-0.0004	0.0025	-0.0013	-0.0003	-0.0001	-0.0059	-0.0033	0.0045	0.0001	0.0034	0.0000	0.0190
295	-0.0005	0.0029	0.0004	-0.0038	0.0032	-0.0005	-0.0004	-0.0042	-0.0027	-0.0002	0.0028	-0.0022	-0.0006	0.0056	-0.0011	-0.0009	-0.0006	-0.0012	0.0040	0.0000	0.0189
148	-0.0003	-0.0008	-0.0002	-0.0006	-0.0001	-0.0002	-0.0017	-0.0015	-0.0005	-0.0001	-0.0012	-0.0009	-0.0004	-0.0003	-0.0001	-0.0088	0.0189	-0.0004	-0.0008	-0.0000	0.0189
358	-0.0010	0.0027	0.0002	-0.0075	0.0029	0.0056	0.0011	-0.0005	-0.0013	-0.0003	0.0025	-0.0002	-0.0001	-0.0015	-0.0018	-0.0029	-0.0012	-0.0005	0.0036	0.0000	0.0187
460	0.0001	0.0027	0.0007	-0.0018	0.0028	-0.0004	0.0014	-0.0027	-0.0010	0.0074	0.0000	-0.0018	-0.0039	-0.0030	-0.0007	-0.0008	-0.0007	-0.0019	0.0034	0.0000	0.0186
307	-0.0014	-0.0003	-0.0001	-0.0009	0.0104	-0.0002	-0.0003	-0.0009	-0.0008	-0.0041	0.0022	-0.0001	-0.0002	-0.0007	-0.0003	-0.0009	-0.0010	-0.0012	0.0058	-0.0049	0.0184
300	0.0087	-0.0002	-0.0008	-0.0018	-0.0002	-0.0018	-0.0001	-0.0006	-0.0001	-0.0001	0.0041	-0.0022	-0.0002	-0.0003	-0.0007	-0.0044	-0.0027	-0.0020	0.0054	0.0000	0.0182
281	0.0000	0.0027	0.0007	-0.0019	0.0024	-0.0001	-0.0003	0.0068	-0.0016	-0.0029	0.0020	-0.0014	-0.0004	-0.0007	-0.0002	-0.0007	-0.0034	-0.0045	0.0036	0.0000	0.0182
191	-0.0003	0.0024	-0.0004	-0.0005	0.0025	-0.0003	0.0010	-0.0040	-0.0004	0.0067	0.0022	-0.0003	-0.0022	-0.0038	-0.0005	-0.0002	-0.0038	-0.0013	0.0032	0.0000	0.0180
349	0.0066	0.0024	-0.0020	-0.0005	0.0026	-0.0032	0.0006	-0.0007	-0.0012	-0.0002	0.0022	-0.0002	-0.0001	-0.0003	-0.0002	-0.0064	-0.0020	-0.0009	0.0035	0.0000	0.0180
445	-0.0007	0.0026	-0.0008	0.0049	0.0028	-0.0019	0.0012	-0.0006	-0.0042	-0.0002	0.0024	-0.0032	0.0006	-0.0017	-0.0009	-0.0008	-0.0018	-0.0012	0.0034	0.0000	0.0180
166	-0.0004	0.0003	-0.0001	-0.0003	-0.0001	-0.0001	-0.0001	-0.0059	-0.0002	0.0165	-0.0022	-0.0004	-0.0017	-0.0006	-0.0001	-0.0000	-0.0017	-0.0040	0.0011	0.0000	0.0179
48	-0.0001	0.0026	0.0007	-0.0019	0.0028	-0.0002	0.0013	-0.0044	-0.0008	0.0046	0.0024	-0.0005	-0.0040	-0.0034	-0.0008	-0.0004	-0.0006	-0.0007	0.0034	0.0000	0.0178
97	-0.0003	0.0025	-0.0012	0.0051	0.0027	-0.0031	0.0011	-0.0033	-0.0016	-0.0024	0.0024	-0.0004	0.0006	-0.0016	-0.0002	-0.0010	-0.0011	-0.0015	0.0034	0.0000	0.0178
422	0.0001	0.0027	0.0007	-0.0018	0.0014	-0.0009	0.0014	-0.0030	-0.0048	0.0048	0.0025	-0.0011	0.0009	-0.0007	-0.0002	-0.0030	-0.0011	-0.0012	0.0034	0.0000	0.0178
28	-0.0003	0.0026	-0.0001	-0.0014	0.0027	-0.0006	0.0014	-0.0003	-0.0063	-0.0003	0.0025	-0.0022	-0.0007	-0.0004	-0.0005	0.0052	-0.0045	-0.0002	0.0032	0.0000	0.0177
450	-0.0001	0.0030	0.0011	-0.0014	0.0014	-0.0005	0.0017	-0.0011	-0.0006	0.0053	0.0011	-0.0022	0.0012	-0.0003	-0.0057	-0.0037	-0.0005	-0.0017	0.0029	0.0000	0.0177
544	-0.0006	0.0013	0.0009	-0.0005	-0.0003	-0.0001	0.0015	-0.0002	-0.0007	-0.0022	0.0027	-0.0008	-0.0030	-0.0005	-0.0032	0.0077	-0.0047	-0.0006	0.0036	0.0000	0.0176
538	-0.0002	0.0025	0.0009	-0.0003	0.0016	-0.0005	0.0015	-0.0006	-0.0016	-0.0049	0.0025	-0.0021	-0.0022	-0.0003	-0.0003	0.0051	-0.0043	-0.0001	0.0033	0.0000	0.0175
515	-0.0002	-0.0001	0.0011	-0.0010	-0.0002	-0.0007	0.0017	0.0094	-0.0058	-0.0023	0.0016	-0.0031	-0.0002	-0.0001	-0.0011	-0.0002	-0.0009	-0.0013	0.0035	0.0000	0.0173
364	-0.0015	-0.0019	-0.0014	-0.0003	0.0027	-0.0013	-0.0028	-0.0003	-0.0004	-0.0003	0.0029	-0.0014	-0.0001	-0.0009	-0.0001	-0.0014	-0.0005	-0.0027	0.0047	0.0069	0.0173
244	-0.0017	-0.0006	-0.0013	-0.0002	0.0027	-0.0002	-0.0024	-0.0005	-0.0007	-0.0002	0.0028	-0.0013	-0.0003	-0.0003	-0.0012	-0.0015	-0.0039	-0.0009	0.0047	0.0071	0.0173
306	-0.0010	0.0026	-0.0002	-0.0004	0.0028	-0.0008	-0.0004	-0.0009	-0.0020	-0.0058	0.0025	-0.0004	0.0059	-0.0004	-0.0004	-0.0034	-0.0002	-0.0008	0.0035	0.0000	0.0173
264	-0.0010	0.0016	-0.0003	-0.0002	-0.0001	-0.0001	-0.0007	0.0133	-0.0003	-0.0039	-0.0043	-0.0001	-0.0001	-0.0003	-0.0000	-0.0000	-0.0010	-0.0049	0.0024	0.0000	0.0173
68	-0.0001	0.0032	0.0013	-0.0012	0.0017	-0.0003	0.0019	-0.0022	-0.0002	0.0051	0.0011	-0.0013	-0.0002	-0.0002	-0.0057	-0.0042	-0.0005	-0.0011	0.0029	0.0000	0.0172
417	0.0003	0.0019	0.0007	-0.0043	0.0020	-0.0005	0.0011	-0.0021	0.0061	-0.0013	0.0018	-0.0024	0.0008	-0.0009	-0.0004	-0.0012	-0.0039	-0.0001	0.0024	0.0000	0.0171
562	-0.0001	0.0025	0.0006	-0.0020	0.0027	-0.0002	0.0013	0.0059	-0.0014	-0.0038	-0.0025	-0.0007	0.0007	-0.0008	-0.0001	-0.0004	-0.0013	-0.0039	0.0034	0.0000	0.0171
363	-0.0002	0.0001	-0.0004	-0.0005	0.0026	-0.0011	-0.0002	-0.0019	-0.0006	-0.0017	0.0008	-0.0009	-0.0001	-0.0002	-0.0004	-0.0001	-0.0004	-0.0004	0.0136	-0.0081	0.0171
76	-0.0002	-0.0000	-0.0006	-0.0010	0.0027	-0.0028	-0.0006	-0.0012	-0.0014	-0.0029	0.0008	-0.0014	-0.0001	-0.0011	-0.0004	-0.0003	-0.0003	-0.0028	0.0136	0.0000	0.0171
379	-0.0009	0.0024	0.0060	-0.0020	0.0027	-0.0018	-0.0008	-0.0070	-0.0010	-0.0001	0.0022	-0.0023	-0.0001	-0.0004	-0.0001	-0.0001	-0.0001	-0.0002	0.0038	0.0000	0.0170
20	-0.0005	0.0094	-0.0046	-0.0003	0.0018	-0.0002	-0.0003	-0.0002	-0.0024	-0.0008	0.0017	-0.0006	-0.0014	-0.0007	-0.0011	-0.0009	-0.0003	-0.0026	0.0042	0.0000	0.0170
78	0.0004	0.0029	-0.0002	-0.0005	0.0009	-0.0001	-0.0002	-0.0032	-0.0002	0.0054	0.0027	-0.0023	0.0011	-0.0004	-0.0049	-0.0005	-0.0032	-0.0013	0.0036	0.0000	0.0170
468	0.0001	0.0026	0.0007	-0.0008	0.0009	-0.0007	0.0014	-0.0034	-0.0005	0.0053	0.0020	-0.0015	0.0008	-0.0007	-0.0003	-0.0040	-0.0038	-0.0012	0.0032	0.0000	0.0170
109	-0.0003	0.0027	0.0005	-0.0098	0.0029	0.0052	-0.0002	-0.0003	-0.0006	-0.0000	0.0026	-0.0003	-0.0003	-0.0004	-0.0020	-0.0005	-0.0004	-0.0018	0.0031	0.0000	0.0170
315	-0.0003	0.0026	0.0006	-0.0002	0.0027	-0.0005	-0.0003	0.0068	-0.0041	-0.0035	-0.0029	-0.0003	0.0008	-0.0007	-0.0008	-0.0003	-0.0009	-0.0020	0.0034	0.0000	0.0169
393	-0.0002	0.0022	0.0010	-0.0051	0.0023	-0.0000	0.0014	-0.0006	0.0055	-0.0003	0.0016	-0.0016	-0.0002	-0.0009	-0.0051	-0.0016	-0.0010	-0.0001	0.0027	0.0000	0.0168
529	0.0001	0.0027	0.0007	-0.0018	0.0028	-0.0001	0.0014	-0.0028	-0.0029	0.0048	0.0007	-0.0005	-0.0004	-0.0012	-0.0021	-0.0003	-0.0038	-0.0009	0.0035	0.0000	0.0167
309	0.0000	0.0025	-0.0015	-0.0005	0.0027	-0.0003	0.0005	-0.0004	-0.0051	-0.0009	0.0024	0.0046	0.0008	-0.0007	-0.0005	-0.0060	-0.0004	-0.0005	0.0033	0.0000	0.0167
195	-0.0003	0.0022	-0.0010	-0.0006	0.0025	-0.0002	0.0062	-0.0002	-0.0003	-0.0002	0.0019	-0.0021	-0.0002	-0.0026	-0.0084	-0.0001	-0.0002	-0.0001	0.0039	0.0000	0.0167
162	-0.0002	0.0027	-0.0032	-0.0004	0.0028	-0.0001	0.0006	-0.0013	-0.0043	-0.0000	0.0025	0.0045	-0.0001	-0.0005	-0.0000	-0.0020	-0.0043	-0.0001	0.0034	0.0000	0.0165
547	0.0053	0.0024	-0.0005	-0.0023	0.0026	-0.0010	0.0005	-0.0001	-0.0002	-0.0001	0.0022	-0.0002	-0.0001	-0.0017	-0.0001	-0.0018	-0.0076	-0.0007	0.0036	0.0000	0.0164
216	-0.0009	0.0025	-0.0001	-0.0016	0.0028	-0.0005	0.0008	-0.0087	-0.0005	-0.0013	0.0015	-0.0005	-0.0002	-0.0008	-0.0003	-0.0001	-0.0008	0.0051	0.0036	0.0000	0.0164
439	-0.0014	0.0024	-0.0017	0.0045	0.0026	-0.0006	0.0010	-0.0014	-0.0017	-0.0001	0.0022	-0.0019	0.0004	-0.0021	-0.0004	-0.0042	-0.0005	-0.0002	0.0033	0.0000	0.0163
232	0.0004	0.0021	0.0008	-0.0007	0.0022	-0.0006	0.0013	-0.0021	-0.0080	-0.0009	0.0019	-0.0013	-0.0001	-0.0003	0.0047	-0.0015	-0.0006	0.0001	0.0025	0.0000	0.0161
34	-0.0018	0.0023	0.0007	-0.0006	0.0025	-0.0003	0.0013	-0.0023	-0.0038	-0.0004	0.0022	-0.0020	-0.0004	-0.0004	-0.0005	-0.0033	0.0040	-0.0002	0.0030	0.0000	0.0161
139	-0.0003	-0.0030	-0.0002	-0.0003	0.0020	-0.0008	-0.0017	-0.0001	-0.0002	-0.0006	0.0004	-0.0001	-0.0000	-0.0002	-0.0002	-0.0000	-0.0002	-0.0004	0.0136	-0.0077	0.0160
310	-0.0001	0.0015	-0.0004	-0.0005	0.0017	-0.0001	0.0001	-0.0005	-0.0006	-0.0061	-0.0008	-0.0043	-0.0002	-0.0004	-0.0007	-0.0002	-0.0011	0.0104	0.0023	0.0000	0.0160
269	0.0083	0.0022	-0.0020	-0.0003	-0.0001	-0.0032	-0.0002	-0.0001	-0.0001	-0.0000	0.0020	-0.0004	-0.0001	-0.0003	-0.0000	-0.0072	-0.0009	-0.0011	0.0034	0.0000	0.0159
323	0.0002	0.0019	0.0006	-0.0008	0.0020	-0.0008	0.0011	-0.0001	-0.0076	-0.0014	0.0004	-0.0009	0.0007	-0.0003	0.0081	-0.0011	-0.0028	-0.0002	0.0008	0.0000	0.0159
86	-0.0001	0.0025	0.0006	-0.0006	0.0022	-0.0003	0.0013	-0.0029	-0.0004	0.0053	0.0007	-0.0003	-0.0015	-0.0027	-0.0023	-0.0006	-0.0024	-0.0018	0.0031	0.0000	0.0158
366	-0.0002	-0.0031	-0.0015	-0.0005	0.0024	-0.0002	-0.0019	-0.0006	-0.0011	-0.0003	0.0022	-0.0041	-0.0003	-0.0002	-0.0001	-0.0006	-0.0005	-0.0004	0.0041	0.0070	0.0157
332	-0.0003	0.0023	-0.0001	-0.0024	0.0025	0.0046	0.0007	-0.0003	-0.0017	-0.0001	0.0021	-0.0003	-0.0002	-0.0009	-0.0073	-0.0001	-0.0010	-0.0009	0.0033	0.0000	0.0155
182	-0.0001	0.0024	-0.0019	-0.0015	0.0025	-0.0001	0.0003	-0.0007	-0.0057	-0.0001	0.0022	0.0042	0.0007	-0.0004	-0.0001	-0.0034	-0.0013	-0.0002	0.0031	0.0000	0.0155
160	-0.0001	-0.0012	-0.0024	-0.0019	0.0024	-0.0001	-0.0057	-0.0003	-0.0001	-0.0002	0.0022	-0.0005	-0.0003	-0.0010	-0.0001	-0.0002	-0.0010	-0.0002	0.0041	0.0067	0.0155
29	-0.0008	0.0022	0.0004	-0.0016	0.0023	-0.0010	0.0010	-0.0011	-0.0010	-0.0003	0.0020	-0.0035	-0.0003	-0.0008	-0.0003	-0.0045	0.0047	-0.0003	0.0029	0.0000	0.0155
241	0.0004	0.0022	0.0009	-0.0007	0.0023	-0.0006	0.0013	-0.0023	-0.0051	-0.0012	0.0021	-0.0007	-0.0001	-0.0001	0.0036	-0.0025	-0.0022	0.0001	0.0027	0.0000	0.0154
331	-0.0009	0.0023	0.0007	-0.0004	0.0024	-0.0001	0.0012	-0.0066	-0.0031	-0.0019	0.0022	-0.0002	-0.0002	-0.0005	-0.0006	-0.0006	0.0038	-0.0003	0.0029	0.0000	0.0154
365	-0.0001	0.0014	-0.0036	-0.0008	0.0026	0.0049	0.0008	-0.0007	-0.0042	-0.0001	0.0022	-0.0024	-0.0004	-0.0015	-0.0003	-0.0010	-0.0002	-0.0002	0.0034	0.0001	0.0153
121	0.0002	0.0029	0.0008	-0.0006	0.0010	-0.0000	0.0016	-0.0029	-0.0008	0.0056	0.0006	-0.0003	-0.0002	-0.0006	-0.0001	-0.0077	-0.0004	-0.0014	0.0025	0.0000	0.0151
319	-0.0034	0.0019	-0.0003	-0.0003	0.0022	-0.0046	-0.0002	-0.0001	-0.0003	-0.0007	0.0017	-0.0002	0.0057	-0.0017	-0.0004	-0.0007	-0.0004	-0.0017	0.0034	0.0000	0.0150
449	-0.0024	0.0022	0.0006	-0.0012	0.0023	-0.0002	0.0011	-0.0024	-0.0004	-0.0003	0.0020	-0.0007	-0.0004	-0.0004	-0.0051	-0.0008	0.0038	-0.0004	0.0028	0.0000	0.0148
299	-0.0002	-0.0001	0.0005	-0.0077	0.0025	0.0048	0.0011	-0.0013	-0.0003	-0.0003	0.0022	-0.0003	0.0006	-0.0009	-0.0005	-0.0002	-0.0014	-0.0015	0.0031	0.0000	0.0147
387	-0.0008	0.0020	-0.0001	-0.0003	0.0015	-0.0002	-0.0003	0.0066	-0.0001	-0.0040	0.0014	-0.0021	-0.0002	-0.0010	-0.0001	-0.0001	-0.0021	-0.0034	0.0029	0.0001	0.0146
324	-0.0001	0.0014	0.0004	-0.0001	0.0023	-0.0010	0.0010	-0.0027	-0.0020	-0.0023	0.0020	-0.0010	0.0006	-0.0008	-0.0001	0.0041	-0.0042	-0.0003	0.0028	0.0000	0.0146
266	-0.0008	0.0020	-0.0005	-0.0003	0.0022	-0.0001	-0.0003	-0.0005	-0.0008	-0.0038	0.0019	-0.0042	0.0054	-0.0006	-0.0012	-0.0009	-0.0003	-0.0004	0.0031	0.0000	0.0146
433	-0.0005	0.0012	-0.0007	-0.0009	0.0006	-0.0002	-0.0003	0.0105	-0.0006	-0.0041	-0.0004	-0.0005	-0.0002	-0.0008	-0.0002	-0.0002	-0.0003	-0.0044	0.0020	0.0000	0.0145
203	-0.0015	0.0020	-0.0005	-0.0050	0.0022	-0.0001	-0.0013	-0.0001	-0.0021	-0.0002	0.0018	-0.0007	-0.0001	0.0051	-0.0003	-0.0018	-0.0003	-0.0003	0.0031	0.0000	0.0143
390	-0.0004	0.0022	0.0002	-0.0017	0.0009	-0.0003	0.0009	0.0062	-0.0021	-0.0035	0.0010	-0.0012	-0.0002	-0.0003	-0.0001	-0.0010	-0.0009	-0.0024	0.0029	0.0000	0.0142
334	0.0005	0.0021	0.0009	-0.0007	0.0022	-0.0010	0.0013	-0.0013	-0.0085	-0.0005	0.0010	-0.0006	0.0010	0.0000	0.0034	-0.0008	-0.0007	0.0002	0.0017	0.0000	0.0141
353	-0.0006	0.0021	-0.0005	0.0042	0.0023	-0.0004	0.0007	-0.0018	-0.0015	-0.0024	0.0019	-0.0005	-0.0002	-0.0017	-0.0010	-0.0006	-0.0008	-0.0021	0.0029	0.0000	0.0141
75	-0.0020	0.0020	-0.0006	-0.0033	0.0023	0.0046	0.0003	-0.0002	-0.0017	-0.0003	0.0018	-0.0005	-0.0001	-0.0006	-0.0010	-0.0005	-0.0002	-0.0031	0.0031	0.0000	0.0140
65	-0.0035	0.0017	-0.0011	-0.0009	0.0020	-0.0023	-0.0006	-0.0009	-0.0011	-0.0006	0.0015	-0.0006	0.0056	-0.0004	-0.0002	-0.0008	-0.0005	-0.0004	0.0032	0.0000	0.0140
108	-0.0006	0.0018	-0.0004	-0.0009	0.0021	-0.0002	-0.0006	-0.0002	-0.0003	-0.0037	0.0015	-0.0004	0.0053	-0.0009	-0.0003	-0.0006	-0.0009	-0.0039	0.0032	0.0000	0.0139
386	0.0047	0.0019	-0.0014	-0.0008	0.0022	-0.0003	-0.0000	-0.0003	-0.0006	-0.0002	0.0017	-0.0009	-0.0007	-0.0008	-0.0002	-0.0020	-0.0020	-0.0034	0.0031	0.0000	0.0136
165	-0.0003	-0.0016	-0.0004	-0.0007	0.0014	-0.0004	-0.0009	-0.0001	-0.0002	-0.0004	-0.0005	-0.0002	-0.0004	-0.0003	-0.0059	-0.0007	-0.0003	-0.0002	0.0121	0.0000	0.0135
344	-0.0010	0.0020	-0.0002	-0.0005	-0.0001	-0.0001	0.0005	-0.0043	-0.0001	0.0084	0.0010	-0.0001	-0.0021	-0.0020	-0.0001	-0.0007	-0.0003	-0.0020	0.0015	0.0000	0.0135
255	-0.0003	0.0018	-0.0003	-0.0001	0.0019	-0.0004	-0.0001	0.0072	-0.0010	-0.0039	-0.0017	-0.0003	-0.0001	-0.0004	-0.0005	-0.0001	-0.0009	-0.0035	0.0026	0.0000	0.0135
173	-0.0002	-0.0017	-0.0033	-0.0009	0.0017	-0.0003	-0.0018	-0.0004	-0.0003	-0.0001	0.0016	-0.0027	-0.0001	-0.0004	-0.0002	-0.0006	-0.0003	-0.0001	0.0036	0.0065	0.0134
347	0.0047	0.0018	-0.0019	-0.0003	0.0020	-0.0014	0.0004	-0.0002	-0.0013	-0.0006	0.0017	-0.0015	-0.0002	-0.0006	-0.0001	-0.0014	-0.0017	-0.0022	0.0027	0.0000	0.0134
27	-0.0006	0.0021	-0.0037	-0.0017	0.0022	-0.0009	-0.0003	-0.0003	-0.0019	-0.0002	0.0019	0.0042	-0.0001	-0.0007	-0.0002	-0.0017	-0.0005	-0.0004	0.0029	0.0000	0.0133
335	-0.0002	0.0021	-0.0025	-0.0012	0.0022	-0.0001	-0.0002	-0.0031	-0.0023	-0.0001	0.0019	0.0038	0.0004	-0.0011	-0.0003	-0.0007	-0.0012	-0.0001	0.0028	0.0000	0.0132
321	-0.0006	-0.0013	-0.0006	-0.0003	0.0011	-0.0001	-0.0074	-0.0009	-0.0003	-0.0002	0.0005	-0.0002	-0.0002	-0.0006	-0.0000	-0.0002	-0.0003	-0.0001	0.0028	0.0089	0.0132
107	-0.0008	-0.0011	-0.0006	-0.0003	0.0018	-0.0004	-0.0017	-0.0013	-0.0003	-0.0007	0.0018	-0.0013	-0.0003	-0.0008	-0.0002	-0.0005	-0.0013	-0.0016	0.0036	0.0059	0.0131
263	-0.0003	0.0017	-0.0002	-0.0004	0.0019	-0.0001	-0.0004	-0.0066	-0.0002	0.0051	0.0015	-0.0003	-0.0010	-0.0003	-0.0001	-0.0001	-0.0000	-0.0026	0.0027	-0.0003	0.0129
60	-0.0001	0.0013	-0.0003	-0.0018	0.0008	-0.0005	-0.0002	-0.0046	-0.0003	0.0073	0.0012	-0.0009	-0.0005	-0.0002	-0.0002	-0.0005	-0.0006	-0.0022	0.0021	0.0001	0.0129
343	-0.0018	0.0010	-0.0020	-0.0036	0.0022	0.0045	0.0004	-0.0001	-0.0004	-0.0002	0.0018	-0.0011	-0.0002	-0.0004	-0.0006	-0.0009	-0.0002	-0.0013	0.0030	0.0000	0.0128
95	-0.0001	0.0021	0.0002	-0.0003	0.0012	-0.0002	0.0009	0.0049	-0.0002	-0.0033	0.0007	-0.0020	-0.0001	-0.0010	-0.0002	-0.0013	-0.0013	-0.0027	0.0029	0.0000	0.0128
189	-0.0003	0.0024	0.0003	-0.0010	-0.0028	-0.0001	-0.0010	-0.0022	-0.0001	0.0044	0.0023	-0.0005	-0.0011	-0.0011	-0.0001	-0.0001	-0.0002	-0.0020	0.0033	0.0000	0.0127
280	-0.0004	0.0020	0.0000	-0.0002	0.0018	-0.0003	-0.0003	0.0053	-0.0004	-0.0037	0.0006	-0.0009	-0.0001	-0.0002	-0.0002	-0.0003	-0.0020	-0.0037	0.0029	0.0000	0.0127
159	-0.0009	-0.0005	-0.0011	-0.0004	0.0084	-0.0007	-0.0033	-0.0003	-0.0004	-0.0004	0.0002	-0.0004	-0.0003	-0.0002	-0.0002	-0.0007	-0.0004	-0.0025	0.0039	0.0000	0.0126
348	-0.0011	0.0018	-0.0005	-0.0002	-0.0003	-0.0001	-0.0003	0.0072	-0.0002	-0.0048	0.0007	-0.0003	-0.0000	-0.0001	-0.0000	-0.0001	-0.0013	-0.0030	0.0026	0.0000	0.0124
370	-0.0001	0.0019	-0.0036	-0.0018	0.0020	-0.0001	-0.0001	-0.0005	-0.0017	-0.0007	0.0018	0.0037	0.0003	-0.0005	-0.0001	-0.0017	-0.0006	-0.0008	0.0026	0.0000	0.0123
333	-0.0001	0.0016	-0.0005	-0.0002	0.0018	-0.0001	-0.0001	-0.0006	-0.0012	0.0049	0.0014	-0.0011	-0.0027	-0.0023	-0.0001	-0.0001	-0.0011	-0.0022	0.0025	0.0000	0.0122
378	0.0038	0.0025	-0.0001	-0.0011	-0.0001	-0.0006	-0.0001	-0.0002	-0.0003	-0.0003	0.0023	-0.0001	-0.0001	-0.0001	-0.0004	-0.0069	-0.0010	-0.0007	0.0036	0.0000	0.0122
49	-0.0003	0.0022	0.0003	-0.0004	-0.0019	-0.0005	-0.0005	-0.0011	-0.0010	0.0042	0.0021	-0.0002	-0.0010	-0.0008	-0.0002	-0.0020	-0.0002	-0.0017	0.0030	0.0000	0.0119
398	-0.0007	0.0019	-0.0000	-0.0004	0.0006	-0.0001	-0.0002	0.0055	-0.0002	-0.0036	0.0009	-0.0004	0.0001	-0.0009	-0.0010	-0.0002	-0.0008	-0.0030	0.0027	0.0000	0.0117
352	-0.0003	0.0016	-0.0005	-0.0001	0.0003	-0.0003	0.0003	0.0065	-0.0001	-0.0042	0.0003	-0.0006	-0.0001	-0.0002	-0.0001	-0.0002	-0.0015	-0.0033	0.0025	0.0000	0.0114
558	-0.0005	0.0023	-0.0002	-0.0003	0.0004	-0.0001	0.0009	-0.0036	-0.0015	0.0051	0.0005	-0.0003	-0.0002	-0.0012	-0.0001	-0.0005	-0.0014	-0.0015	0.0021	0.0000	0.0113
81	-0.0005	0.0012	-0.0013	-0.0018	0.0015	-0.0003	-0.0012	-0.0002	-0.0005	-0.0017	0.0009	-0.0003	0.0051	-0.0004	-0.0003	-0.0010	-0.0012	-0.0006	0.0026	0.0000	0.0113
545	-0.0008	0.0018	-0.0000	-0.0002	0.0020	-0.0004	0.0006	-0.0004	-0.0001	0.0038	-0.0013	-0.0001	-0.0023	-0.0008	-0.0007	-0.0003	-0.0010	-0.0026	0.0026	0.0001	0.0110
79	-0.0026	0.0015	-0.0001	-0.0009	0.0017	0.0038	-0.0002	-0.0001	-0.0006	-0.0000	0.0013	-0.0003	-0.0003	-0.0007	-0.0009	-0.0001	-0.0001	-0.0036	0.0025	0.0000	0.0107
93	-0.0010	0.0006	0.0002	-0.0010	-0.0025	-0.0013	0.0008	-0.0002	-0.0002	-0.0001	0.0018	-0.0002	-0.0020	-0.0011	-0.0001	0.0046	-0.0006	-0.0002	0.0027	0.0000	0.0106
83	-0.0003	0.0075	-0.0006	-0.0006	0.0003	-0.0014	-0.0003	-0.0004	-0.0006	-0.0000	0.0001	-0.0012	-0.0003	-0.0005	-0.0022	-0.0006	-0.0004	-0.0012	0.0027	0.0000	0.0105
318	-0.0015	0.0075	-0.0014	-0.0003	0.0003	-0.0001	-0.0007	-0.0007	-0.0006	-0.0006	0.0001	-0.0011	-0.0005	-0.0008	-0.0006	-0.0003	-0.0002	-0.0010	0.0026	0.0000	0.0105
180	-0.0001	-0.0027	-0.0016	-0.0003	0.0006	-0.0001	-0.0015	-0.0002	-0.0006	-0.0001	0.0003	-0.0008	-0.0014	-0.0004	-0.0001	-0.0002	-0.0001	-0.0001	0.0026	0.0068	0.0103
163	-0.0001	0.0018	-0.0005	-0.0004	0.0001	-0.0002	0.0005	-0.0039	-0.0006	0.0062	0.0004	-0.0005	-0.0002	-0.0005	-0.0001	-0.0012	-0.0001	-0.0021	0.0013	0.0000	0.0103
383	-0.0003	0.0015	-0.0001	-0.0004	0.0016	-0.0002	0.0004	-0.0004	-0.0004	-0.0001	0.0014	-0.0028	-0.0001	-0.0001	-0.0007	-0.0040	0.0033	-0.0007	0.0021	0.0000	0.0102
117	-0.0002	0.0018	-0.0001	-0.0002	0.0019	-0.0001	-0.0001	-0.0035	-0.0002	0.0037	-0.0001	-0.0003	-0.0009	-0.0029	-0.0001	-0.0000	-0.0002	-0.0010	0.0026	0.0000	0.0099
356	-0.0000	-0.0012	-0.0020	-0.0003	-0.0004	-0.0004	-0.0001	-0.0006	-0.0001	-0.0004	-0.0027	-0.0001	-0.0001	-0.0001	-0.0012	-0.0000	-0.0001	-0.0001	0.0099	0.0000	0.0099
94	-0.0001	-0.0021	-0.0010	-0.0001	0.0008	-0.0003	-0.0015	-0.0001	-0.0005	-0.0002	0.0011	-0.0008	-0.0002	-0.0009	-0.0003	-0.0012	-0.0004	-0.0002	0.0029	0.0050	0.0098
294	-0.0001	0.0070	-0.0003	-0.0003	-0.0007	-0.0003	-0.0002	-0.0002	-0.0002	-0.0001	-0.0004	-0.0020	-0.0007	-0.0021	-0.0003	-0.0003	-0.0002	-0.0005	0.0020	0.0000	0.0091
207	-0.0001	-0.0009	-0.0008	-0.0003	0.0005	-0.0002	-0.0034	-0.0002	-0.0004	-0.0001	0.0009	-0.0013	-0.0001	-0.0003	-0.0001	-0.0005	-0.0001	-0.0001	0.0027	0.0048	0.0090
71	-0.0005	0.0071	-0.0003	-0.0005	-0.0003	-0.0002	-0.0004	-0.0006	-0.0009	-0.0004	-0.0004	-0.0004	-0.0001	-0.0006	-0.0015	-0.0003	-0.0001	-0.0015	0.0019	0.0000	0.0090
262	-0.0008	0.0012	-0.0019	-0.0021	0.0013	-0.0006	-0.0005	-0.0003	-0.0004	-0.0000	0.0011	0.0029	-0.0002	-0.0001	-0.0000	-0.0010	-0.0003	-0.0001	0.0018	0.0000	0.0084
193	-0.0019	0.0001	-0.0024	-0.0006	0.0013	0.0039	-0.0002	-0.0001	-0.0003	-0.0001	0.0010	-0.0003	-0.0002	-0.0007	-0.0001	-0.0008	-0.0001	-0.0005	0.0020	0.0000	0.0083
327	-0.0001	0.0016	-0.0004	-0.0005	-0.0006	-0.0004	0.0003	-0.0044	-0.0002	0.0038	0.0008	-0.0002	-0.0001	-0.0003	-0.0000	-0.0005	-0.0002	-0.0005	0.0019	0.0000	0.0083
350	-0.0002	0.0001	-0.0006	-0.0010	0.0014	0.0035	-0.0004	-0.0002	-0.0006	-0.0002	0.0010	-0.0011	-0.0003	-0.0004	-0.0003	-0.0005	-0.0019	-0.0006	0.0022	0.0000	0.0083
351	-0.0011	-0.0003	-0.0002	-0.0001	0.0062	-0.0006	-0.0001	-0.0010	-0.0001	-0.0016	-0.0003	-0.0001	-0.0017	-0.0001	-0.0000	-0.0001	-0.0001	-0.0006	0.0019	0.0000	0.0081
373	-0.0001	0.0010	-0.0007	-0.0009	0.0011	0.0033	-0.0001	-0.0004	-0.0002	-0.0007	0.0009	-0.0015	-0.0006	-0.0004	-0.0004	-0.0010	-0.0008	-0.0003	0.0017	0.0000	0.0080
316	-0.0001	0.0011	-0.0004	-0.0017	0.0012	0.0031	-0.0001	-0.0004	-0.0019	-0.0004	0.0010	-0.0009	-0.0002	-0.0006	-0.0003	-0.0002	-0.0005	-0.0001	0.0016	0.0000	0.0079
308	-0.0002	0.0009	-0.0003	-0.0012	0.0010	-0.0001	-0.0017	-0.0003	-0.0002	-0.0001	0.0007	-0.0008	-0.0008	0.0032	-0.0009	-0.0004	-0.0003	-0.0000	0.0016	0.0000	0.0074
106	-0.0005	0.0060	-0.0003	-0.0003	-0.0006	-0.0001	-0.0003	-0.0004	-0.0007	-0.0001	-0.0013	-0.0004	-0.0001	-0.0002	-0.0004	-0.0010	-0.0004	-0.0001	0.0012	0.0000	0.0073
354	-0.0003	0.0009	-0.0003	-0.0012	0.0011	0.0032	-0.0003	-0.0002	-0.0006	-0.0000	0.0008	-0.0014	-0.0001	-0.0004	-0.0013	-0.0002	-0.0002	-0.0003	0.0008	0.0000	0.0068
355	-0.0004	0.0011	-0.0002	-0.0014	-0.0001	0.0034	-0.0001	-0.0001	-0.0002	-0.0001	0.0010	-0.0020	-0.0001	-0.0001	-0.0006	-0.0008	-0.0001	-0.0006	0.0013	0.0000	0.0068
376	-0.0004	-0.0012	-0.0005	-0.0001	0.0002	-0.0004	-0.0011	-0.0010	-0.0005	-0.0002	-0.0001	-0.0002	-0.0001	-0.0004	-0.0000	-0.0001	-0.0001	-0.0001	0.0018	0.0046	0.0065
290	-0.0003	0.0057	-0.0005	-0.0006	-0.0002	-0.0002	-0.0005	-0.0008	-0.0003	-0.0001	-0.0015	-0.0004	-0.0001	-0.0004	-0.0001	-0.0001	-0.0002	-0.0003	0.0007	0.0000	0.0065
246	-0.0000	-0.0012	-0.0003	-0.0001	-0.0013	-0.0002	-0.0001	-0.0000	-0.0001	-0.0001	-0.0003	-0.0001	-0.0000	-0.0001	-0.0001	-0.0000	-0.0000	-0.0000	0.0041	0.0000	0.0041
359	-0.0000	-0.0000	-0.0000	-0.0000	-0.0000	-0.0000	-0.0000	-0.0005	-0.0002	0.0009	0.0006	-0.0001	-0.0000	-0.0000	-0.0000	-0.0000	-0.0002	-0.0002	-0.0000	0.0000	0.0015
261	-0.0000	-0.0000	-0.0000	-0.0000	-0.0000	0.0002	-0.0000	-0.0000	-0.0000	-0.0000	-0.0000	-0.0000	-0.0000	-0.0000	-0.0000	-0.0000	-0.0000	-0.0000	-0.0000	0.0000	0.0002
443	-0.0000	-0.0000	-0.0000	-0.0000	-0.0000	-0.0000	-0.0000	-0.0000	-0.0000	0.0000	-0.0000	-0.0000	-0.0000	-0.0000	-0.0000	-0.0000	-0.0000	-0.0000	-0.0000	0.0000	0.0000
424	-0.0000	-0.0000	-0.0000	-0.0000	-0.0000	-0.0000	-0.0000	-0.0000	0.0000	-0.0000	-0.0000	-0.0000	-0.0000	-0.0000	0.0000	-0.0000	-0.0000	-0.0000	-0.0000	0.0000	0.0000
283	-0.0000	-0.0000	-0.0000	-0.0000	-0.0000	-0.0000	-0.0000	-0.0000	-0.0000	-0.0000	-0.0000	-0.0000	-0.0000	-0.0000	-0.0000	0.0000	0.0000	-0.0000	-0.0000	0.0000	0.0000
322	-0.0000	-0.0000	-0.0000	-0.0000	-0.0000	-0.0000	-0.0000	0.0000	-0.0000	0.0000	-0.0000	-0.0000	-0.0000	-0.0000	-0.0000	-0.0000	-0.0000	0.0000	-0.0000	0.0000	0.0000
249	-0.0000	-0.0000	-0.0000	-0.0000	-0.0000	-0.0000	-0.0000	0.0000	-0.0000	0.0000	-0.0000	-0.0000	-0.0000	-0.0000	-0.0000	-0.0000	-0.0000	0.0000	-0.0000	0.0000	0.0000
248	-0.0000	-0.0000	-0.0000	-0.0000	-0.0000	-0.0000	-0.0000	0.0000	-0.0000	0.0000	0.0000	-0.0000	-0.0000	-0.0000	-0.0000	-0.0000	-0.0000	0.0000	-0.0000	0.0000	0.0000
73	-0.0000	-0.0000	-0.0000	-0.0000	0.0000	-0.0000	-0.0000	0.0000	-0.0000	0.0000	0.0000	-0.0000	-0.0000	-0.0000	-0.0000	-0.0000	-0.0000	0.0000	-0.0000	0.0000	0.0000
168	0.0000	-0.0000	-0.0000	-0.0000	-0.0000	0.0000	-0.0000	-0.0000	0.0000	-0.0000	0.0000	-0.0000	-0.0000	0.0000	-0.0000	0.0000	0.0000	0.0000	-0.0000	0.0000	0.0000
320	-0.0000	-0.0000	-0.0000	-0.0000	-0.0000	-0.0000	-0.0000	-0.0000	0.0000	-0.0000	-0.0000	-0.0000	-0.0000	-0.0000	0.0000	-0.0000	-0.0000	-0.0000	-0.0000	0.0000	0.0000
342	-0.0000	-0.0000	-0.0000	-0.0000	-0.0000	-0.0000	-0.0000	-0.0000	0.0000	-0.0000	-0.0000	-0.0000	-0.0000	-0.0000	0.0000	-0.0000	-0.0000	-0.0000	-0.0000	0.0000	0.0000