# Differential preferences fit to each site.
# Regularizing prior: ('invquadratic', 150.0, 0.5)
#
site	dpi_A	dpi_C	dpi_D	dpi_E	dpi_F	dpi_G	dpi_H	dpi_I	dpi_K	dpi_L	dpi_M	dpi_N	dpi_P	dpi_Q	dpi_R	dpi_S	dpi_T	dpi_V	dpi_W	dpi_Y	half_sum_abs_dpi
35	-0.0137	-0.0086	-0.0002	-0.0011	-0.0087	-0.0047	-0.0003	-0.0186	-0.0042	-0.0052	-0.0087	-0.0031	-0.0102	-0.0088	-0.0020	-0.0032	-0.0647	0.1855	-0.0015	-0.0180	0.1855
74	0.1828	-0.0102	-0.0002	-0.0020	-0.0022	-0.0066	-0.0045	-0.0165	-0.0139	-0.0166	-0.0103	-0.0147	-0.0162	-0.0050	-0.0091	-0.0146	-0.0234	-0.0164	-0.0002	-0.0004	0.1828
397	-0.0025	-0.0276	-0.0079	-0.0021	-0.0189	-0.0019	-0.0017	0.1803	-0.0007	-0.0201	-0.0064	-0.0265	-0.0002	-0.0014	-0.0002	-0.0039	-0.0007	-0.0347	-0.0016	-0.0213	0.1803
171	-0.0139	-0.0012	-0.0150	-0.0126	-0.0006	0.1736	-0.0065	-0.0133	-0.0004	-0.0035	-0.0084	-0.0134	-0.0103	-0.0118	-0.0004	-0.0320	-0.0144	-0.0149	-0.0008	-0.0000	0.1736
174	-0.0085	-0.0015	-0.0062	-0.0090	-0.0039	-0.0083	-0.0054	-0.0106	-0.0154	-0.0209	-0.0041	-0.0101	0.1586	-0.0009	-0.0164	-0.0151	-0.0052	-0.0079	-0.0030	-0.0060	0.1586
304	-0.0075	-0.0016	-0.0079	-0.0004	-0.0040	-0.0119	-0.0089	-0.0172	-0.0166	-0.0110	-0.0006	-0.0211	-0.0009	-0.0012	-0.0303	0.1512	-0.0079	-0.0016	-0.0004	-0.0000	0.1512
455	-0.0115	-0.0024	-0.0059	-0.0076	-0.0068	-0.0110	-0.0075	-0.0125	-0.0027	-0.0156	-0.0062	-0.0120	-0.0006	-0.0025	-0.0165	0.1489	-0.0148	-0.0107	-0.0017	-0.0004	0.1489
407	0.1466	-0.0022	-0.0004	-0.0102	-0.0021	-0.0076	-0.0002	-0.0127	-0.0205	-0.0050	-0.0023	-0.0006	-0.0028	-0.0080	-0.0061	-0.0209	-0.0263	-0.0126	-0.0006	-0.0054	0.1466
341	-0.0068	-0.0005	-0.0005	-0.0006	-0.0117	-0.0001	-0.0070	-0.0075	-0.0149	-0.0139	-0.0032	-0.0101	-0.0021	-0.0022	-0.0198	0.1433	-0.0207	-0.0100	-0.0037	-0.0082	0.1433
411	-0.0086	-0.0044	-0.0094	0.1425	-0.0044	-0.0028	-0.0054	-0.0106	-0.0238	-0.0105	-0.0011	-0.0032	-0.0002	-0.0086	-0.0144	-0.0114	-0.0115	-0.0086	-0.0034	-0.0004	0.1425
466	-0.0067	-0.0067	-0.0116	-0.0081	-0.0002	-0.0123	-0.0006	-0.0060	-0.0137	-0.0092	-0.0043	0.1105	-0.0013	-0.0024	-0.0149	-0.0326	0.0310	-0.0073	-0.0034	-0.0003	0.1416
389	-0.0060	-0.0018	-0.0001	-0.0003	-0.0025	0.1403	-0.0045	-0.0066	-0.0216	-0.0086	-0.0011	-0.0013	-0.0001	-0.0317	-0.0241	-0.0221	-0.0033	-0.0045	-0.0001	-0.0000	0.1403
153	-0.0057	-0.0028	-0.0077	-0.0076	-0.0014	-0.0014	0.1364	-0.0091	-0.0148	-0.0041	-0.0010	-0.0004	-0.0028	-0.0107	-0.0226	-0.0100	-0.0101	-0.0065	-0.0017	-0.0160	0.1364
277	-0.0001	-0.0037	0.0016	-0.0484	0.0043	0.1234	0.0026	-0.0034	-0.0115	-0.0033	-0.0013	-0.0028	0.0018	-0.0061	-0.0356	-0.0045	-0.0064	-0.0053	-0.0031	0.0019	0.1355
200	-0.0066	-0.0017	-0.0057	-0.0085	-0.0034	-0.0077	-0.0050	0.0259	-0.0059	-0.0117	0.1075	-0.0035	-0.0047	-0.0071	-0.0148	-0.0115	-0.0210	-0.0085	-0.0006	-0.0055	0.1334
145	-0.0096	-0.0045	-0.0068	-0.0205	-0.0042	-0.0130	-0.0058	-0.0031	0.0272	-0.0017	-0.0044	-0.0150	-0.0091	-0.0084	0.0497	-0.0073	0.0556	-0.0085	-0.0041	-0.0064	0.1325
414	-0.0052	-0.0025	-0.0045	-0.0167	-0.0024	-0.0062	-0.0039	-0.0092	0.1299	-0.0082	-0.0026	-0.0101	-0.0013	-0.0077	-0.0186	-0.0090	-0.0102	-0.0059	-0.0016	-0.0043	0.1299
144	-0.0173	-0.0086	-0.0100	-0.0130	-0.0082	-0.0060	-0.0059	0.0175	-0.0009	-0.0016	-0.0108	-0.0144	-0.0008	-0.0072	-0.0016	-0.0158	0.0496	0.0626	-0.0076	-0.0001	0.1297
199	-0.0067	-0.0056	-0.0036	-0.0053	-0.0055	-0.0088	-0.0100	-0.0058	-0.0180	-0.0048	-0.0056	0.1293	-0.0051	-0.0043	-0.0034	-0.0128	-0.0125	-0.0068	-0.0048	0.0000	0.1293
137	-0.0071	-0.0001	-0.0010	-0.0116	-0.0040	-0.0154	-0.0043	-0.0146	-0.0027	-0.0127	-0.0081	-0.0172	-0.0021	-0.0060	0.0261	0.1030	-0.0041	-0.0106	-0.0074	-0.0001	0.1291
149	-0.0127	-0.0023	-0.0021	-0.0036	-0.0070	-0.0008	-0.0059	-0.0033	-0.0023	-0.0342	-0.0046	-0.0040	-0.0001	-0.0115	-0.0010	-0.0169	0.0618	0.0660	-0.0059	-0.0096	0.1279
204	-0.0080	-0.0007	-0.0075	-0.0111	-0.0014	-0.0005	-0.0004	-0.0128	0.0587	-0.0147	-0.0107	-0.0125	-0.0002	-0.0104	0.0665	-0.0061	-0.0170	-0.0096	-0.0005	-0.0012	0.1252
336	-0.0052	-0.0028	-0.0046	-0.0063	-0.0089	-0.0060	-0.0038	0.0582	-0.0106	-0.0080	-0.0155	-0.0120	-0.0001	-0.0054	-0.0103	-0.0094	-0.0116	0.0670	-0.0003	-0.0044	0.1252
154	0.0523	-0.0007	-0.0020	-0.0173	-0.0010	-0.0053	-0.0030	-0.0094	0.0057	-0.0078	-0.0036	0.0663	-0.0002	-0.0055	-0.0188	-0.0236	-0.0161	-0.0065	-0.0001	-0.0035	0.1243
220	-0.0032	-0.0052	-0.0022	-0.0078	-0.0003	-0.0048	0.0878	-0.0003	-0.0137	-0.0076	0.0006	0.0336	-0.0005	-0.0016	-0.0322	-0.0125	-0.0091	-0.0032	0.0022	-0.0200	0.1242
41	-0.0142	-0.0048	-0.0060	-0.0001	-0.0045	-0.0104	-0.0036	-0.0008	-0.0269	-0.0005	-0.0029	-0.0015	-0.0080	-0.0034	-0.0219	-0.0001	0.1231	-0.0099	-0.0032	-0.0002	0.1231
177	-0.0082	-0.0042	-0.0078	-0.0100	-0.0054	-0.0135	-0.0067	0.0548	0.0418	-0.0113	-0.0042	0.0105	-0.0003	-0.0009	0.0137	-0.0145	-0.0129	-0.0090	-0.0046	-0.0073	0.1207
496	-0.0047	-0.0017	-0.0047	-0.0066	-0.0016	-0.0059	-0.0052	-0.0088	-0.0204	-0.0080	-0.0019	0.1203	-0.0002	-0.0054	-0.0118	-0.0170	-0.0106	-0.0055	-0.0007	0.0001	0.1205
88	-0.0085	-0.0002	-0.0045	-0.0073	-0.0053	-0.0065	-0.0037	-0.0089	-0.0135	-0.0088	-0.0024	-0.0084	-0.0115	-0.0017	-0.0129	0.0672	0.0529	-0.0093	-0.0002	-0.0065	0.1201
175	-0.0041	-0.0024	-0.0096	-0.0076	-0.0011	-0.0132	-0.0030	-0.0089	-0.0160	-0.0073	-0.0012	0.0889	-0.0032	-0.0047	-0.0087	0.0307	-0.0092	-0.0049	-0.0097	-0.0049	0.1197
105	-0.0234	-0.0022	-0.0007	-0.0106	-0.0011	-0.0014	-0.0010	0.0540	-0.0002	-0.0169	-0.0012	-0.0021	-0.0335	-0.0013	-0.0001	-0.0049	0.0653	-0.0185	-0.0003	-0.0000	0.1193
219	-0.0112	-0.0034	-0.0055	-0.0001	-0.0020	-0.0054	-0.0031	-0.0014	-0.0109	-0.0261	-0.0022	-0.0069	-0.0077	-0.0049	-0.0106	0.1185	-0.0115	-0.0052	-0.0002	-0.0000	0.1185
360	-0.0028	-0.0030	-0.0003	-0.0039	-0.0027	-0.0009	-0.0033	-0.0248	-0.0097	-0.0120	0.0522	-0.0006	-0.0001	-0.0084	-0.0078	-0.0092	-0.0267	0.0659	-0.0018	-0.0000	0.1181
523	-0.0044	-0.0007	-0.0015	-0.0069	-0.0005	-0.0060	-0.0024	-0.0128	-0.0018	-0.0120	0.1169	-0.0083	-0.0033	-0.0052	-0.0068	-0.0105	-0.0213	-0.0099	0.0006	-0.0032	0.1175
172	-0.0105	-0.0002	-0.0067	-0.0094	-0.0056	-0.0090	-0.0031	-0.0110	-0.0002	0.1094	-0.0057	-0.0106	-0.0016	-0.0049	-0.0045	0.0066	-0.0133	-0.0087	-0.0044	-0.0064	0.1159
519	-0.0062	-0.0012	-0.0020	-0.0091	-0.0005	-0.0010	-0.0042	-0.0025	0.1157	-0.0028	-0.0003	-0.0142	-0.0045	-0.0015	-0.0418	-0.0102	-0.0072	-0.0063	-0.0002	-0.0000	0.1157
208	-0.0053	-0.0022	-0.0059	-0.0071	-0.0027	-0.0065	0.0651	-0.0083	-0.0037	-0.0096	-0.0028	-0.0089	-0.0062	-0.0002	0.0504	-0.0092	-0.0089	-0.0062	-0.0003	-0.0215	0.1155
231	-0.0069	-0.0024	-0.0055	0.0181	-0.0023	-0.0084	-0.0040	-0.0109	0.0449	-0.0099	-0.0025	-0.0094	-0.0048	-0.0116	0.0519	-0.0114	-0.0116	-0.0074	-0.0012	-0.0047	0.1149
517	-0.0034	-0.0002	-0.0015	-0.0192	0.0014	0.1085	-0.0004	-0.0064	-0.0031	-0.0061	0.0011	-0.0057	-0.0012	-0.0032	-0.0452	-0.0073	-0.0074	-0.0038	0.0024	0.0009	0.1143
513	0.0691	-0.0001	-0.0016	-0.0055	-0.0059	0.0426	-0.0019	-0.0094	-0.0096	-0.0094	-0.0041	-0.0094	-0.0072	-0.0102	-0.0120	-0.0103	-0.0109	-0.0007	-0.0036	-0.0000	0.1118
168	0.0025	0.0002	-0.0002	-0.1019	0.0023	0.0306	0.0001	-0.0026	0.0484	-0.0018	-0.0001	-0.0035	-0.0004	0.0074	0.0071	0.0015	0.0053	0.0061	-0.0010	0.0000	0.1115
489	-0.0046	0.0010	-0.0121	0.1036	0.0012	-0.0152	-0.0013	-0.0076	-0.0090	-0.0073	0.0009	-0.0091	-0.0017	-0.0029	-0.0122	-0.0084	-0.0087	-0.0089	0.0021	0.0000	0.1089
178	-0.0075	-0.0007	-0.0012	-0.0012	-0.0094	-0.0050	-0.0009	-0.0028	0.0088	-0.0021	0.0202	-0.0086	-0.0013	-0.0082	0.0790	-0.0383	-0.0093	-0.0110	-0.0004	-0.0001	0.1080
222	-0.0041	-0.0102	-0.0320	-0.0068	0.0003	-0.0125	-0.0027	-0.0107	-0.0018	-0.0089	-0.0032	0.0346	-0.0001	-0.0046	-0.0010	0.0710	-0.0006	-0.0053	0.0016	-0.0030	0.1075
267	-0.0054	-0.0051	-0.0004	-0.0079	-0.0015	-0.0115	-0.0033	-0.0104	-0.0056	-0.0110	-0.0017	-0.0092	-0.0003	-0.0039	0.1052	-0.0080	-0.0108	-0.0065	0.0014	-0.0041	0.1065
110	-0.0046	-0.0020	0.0067	-0.0072	-0.0020	-0.0070	0.0997	-0.0087	-0.0142	-0.0087	-0.0011	-0.0032	-0.0034	-0.0016	-0.0129	-0.0148	-0.0099	-0.0037	-0.0010	-0.0004	0.1065
302	-0.0039	-0.0012	-0.0094	-0.0056	-0.0011	-0.0043	-0.0057	-0.0079	-0.0211	-0.0069	-0.0006	0.1061	-0.0004	-0.0044	-0.0106	-0.0050	-0.0082	-0.0046	-0.0002	-0.0049	0.1061
210	-0.0059	-0.0008	0.0308	0.0750	-0.0012	-0.0122	-0.0032	-0.0093	-0.0235	-0.0093	-0.0015	-0.0108	-0.0044	-0.0024	-0.0015	-0.0068	-0.0105	-0.0024	-0.0001	0.0000	0.1059
111	-0.0002	-0.0011	-0.0006	-0.0003	0.1055	-0.0002	-0.0057	-0.0176	-0.0003	-0.0318	-0.0091	-0.0011	-0.0002	-0.0005	-0.0002	-0.0011	-0.0142	-0.0134	-0.0079	-0.0000	0.1055
511	-0.0039	-0.0018	-0.0045	-0.0052	-0.0017	-0.0047	-0.0061	-0.0057	-0.0173	-0.0062	-0.0019	0.1053	-0.0004	-0.0042	-0.0090	-0.0155	-0.0116	-0.0045	-0.0011	0.0000	0.1053
127	-0.0065	-0.0018	-0.0004	-0.0005	0.1040	-0.0042	-0.0041	-0.0147	-0.0050	-0.0146	-0.0024	-0.0001	-0.0001	-0.0071	-0.0002	-0.0199	-0.0124	-0.0088	-0.0011	0.0002	0.1042
237	-0.0069	-0.0005	-0.0106	-0.0114	-0.0048	0.0386	-0.0086	-0.0022	-0.0092	-0.0021	-0.0072	0.0646	-0.0001	-0.0089	-0.0017	-0.0125	-0.0130	-0.0008	-0.0028	-0.0000	0.1032
9	-0.0038	0.1022	-0.0009	-0.0002	-0.0005	-0.0008	-0.0022	-0.0080	-0.0135	-0.0091	-0.0003	-0.0036	-0.0009	-0.0052	-0.0070	-0.0113	-0.0107	-0.0049	-0.0028	-0.0168	0.1022
498	-0.0111	-0.0036	-0.0057	-0.0031	-0.0036	-0.0077	-0.0001	-0.0122	-0.0084	-0.0094	-0.0037	-0.0042	-0.0007	-0.0064	-0.0038	-0.0115	0.1019	-0.0066	-0.0002	0.0001	0.1019
201	-0.0100	-0.0003	-0.0076	-0.0059	-0.0058	0.1015	-0.0076	-0.0099	-0.0026	-0.0046	-0.0052	-0.0099	-0.0008	-0.0048	-0.0007	-0.0117	-0.0037	-0.0100	-0.0003	-0.0000	0.1015
18	-0.0001	-0.0001	-0.0004	-0.0068	-0.0011	-0.0004	-0.0039	-0.0165	-0.0159	-0.0081	-0.0030	-0.0077	-0.0001	-0.0058	-0.0143	-0.0107	0.1012	-0.0059	-0.0001	-0.0002	0.1012
157	-0.0072	0.0746	-0.0006	-0.0014	-0.0015	-0.0002	-0.0058	-0.0073	-0.0139	-0.0100	-0.0047	-0.0043	-0.0064	-0.0077	-0.0049	0.0264	-0.0114	-0.0040	-0.0036	-0.0063	0.1010
239	-0.0038	-0.0026	-0.0001	0.0310	-0.0033	-0.0168	-0.0046	-0.0066	-0.0004	-0.0090	-0.0024	-0.0086	0.0237	-0.0058	-0.0128	0.0443	-0.0160	-0.0057	-0.0004	-0.0001	0.0990
298	-0.0051	-0.0017	-0.0061	-0.0056	-0.0016	-0.0066	-0.0028	-0.0090	-0.0009	-0.0111	-0.0018	-0.0085	-0.0064	0.0457	0.0525	-0.0101	-0.0102	-0.0061	-0.0007	-0.0040	0.0982
98	-0.0106	-0.0009	-0.0053	-0.0079	-0.0015	-0.0071	-0.0046	-0.0009	0.0616	-0.0090	-0.0008	-0.0006	-0.0068	-0.0064	-0.0156	-0.0127	0.0365	-0.0068	-0.0006	-0.0000	0.0981
209	-0.0085	-0.0002	-0.0033	-0.0015	-0.0020	-0.0055	-0.0033	-0.0092	0.0979	-0.0050	-0.0022	-0.0084	-0.0060	-0.0062	-0.0141	-0.0086	-0.0066	-0.0053	-0.0018	-0.0003	0.0979
276	-0.0007	-0.0005	0.0003	-0.0024	0.0446	-0.0017	-0.0001	-0.0117	-0.0084	-0.0376	0.0024	-0.0035	0.0467	-0.0011	-0.0082	-0.0114	-0.0051	-0.0027	0.0035	-0.0025	0.0975
70	-0.0021	-0.0012	-0.0004	-0.0018	-0.0002	-0.0084	-0.0005	-0.0054	-0.0120	-0.0031	-0.0016	0.0970	-0.0096	-0.0038	-0.0073	-0.0084	-0.0298	-0.0003	-0.0011	-0.0000	0.0970
527	-0.0077	-0.0006	-0.0073	-0.0110	-0.0051	-0.0094	-0.0022	-0.0016	-0.0005	-0.0030	-0.0052	-0.0101	-0.0087	0.0412	0.0545	-0.0112	-0.0028	-0.0084	-0.0010	-0.0000	0.0958
473	-0.0034	0.0002	-0.0024	-0.0151	0.0004	-0.0049	-0.0014	-0.0032	0.0936	-0.0076	0.0001	-0.0086	-0.0018	-0.0058	-0.0343	-0.0003	-0.0023	-0.0045	0.0015	-0.0000	0.0958
226	-0.0124	-0.0008	-0.0026	-0.0053	-0.0007	-0.0009	-0.0021	-0.0081	-0.0107	-0.0066	-0.0009	-0.0061	-0.0001	-0.0041	-0.0102	-0.0171	0.0955	-0.0043	0.0001	-0.0026	0.0956
15	-0.0033	-0.0104	0.0116	-0.0069	-0.0026	-0.0015	-0.0048	-0.0059	-0.0114	-0.0066	0.0001	-0.0009	-0.0002	-0.0036	-0.0109	-0.0084	-0.0130	-0.0046	0.0013	0.0820	0.0950
288	-0.0052	-0.0020	-0.0033	-0.0081	-0.0007	0.0932	-0.0028	-0.0042	-0.0090	-0.0082	-0.0009	-0.0080	-0.0002	-0.0050	-0.0056	-0.0101	-0.0094	-0.0064	0.0004	-0.0045	0.0936
217	-0.0198	-0.0029	-0.0010	-0.0002	-0.0027	-0.0013	-0.0066	-0.0165	-0.0011	0.0371	-0.0080	-0.0001	-0.0003	-0.0023	-0.0012	-0.0136	-0.0156	0.0564	-0.0003	0.0000	0.0935
63	-0.0060	-0.0032	-0.0046	-0.0076	-0.0031	-0.0058	-0.0041	-0.0083	0.0310	-0.0089	-0.0084	-0.0069	-0.0002	-0.0053	-0.0099	-0.0022	0.0620	-0.0073	-0.0009	-0.0000	0.0929
52	-0.0066	-0.0002	-0.0005	-0.0086	-0.0036	-0.0138	-0.0054	-0.0010	-0.0142	-0.0097	-0.0037	0.0379	-0.0002	-0.0071	0.0445	0.0101	-0.0079	-0.0073	-0.0027	-0.0001	0.0925
339	-0.0032	-0.0043	-0.0001	-0.0039	0.0679	-0.0002	-0.0062	0.0245	-0.0144	-0.0121	-0.0058	-0.0005	-0.0031	-0.0081	-0.0140	-0.0001	-0.0011	-0.0146	-0.0004	-0.0002	0.0923
136	-0.0067	-0.0001	0.0383	-0.0111	-0.0031	0.0538	-0.0047	-0.0036	-0.0002	-0.0098	-0.0033	-0.0095	-0.0035	-0.0052	-0.0005	-0.0108	-0.0108	-0.0087	-0.0002	-0.0001	0.0921
256	-0.0023	0.0025	-0.0030	-0.0054	0.0027	-0.0043	0.0003	0.0819	-0.0177	-0.0128	-0.0013	-0.0072	-0.0001	-0.0033	-0.0006	-0.0095	-0.0101	-0.0144	0.0042	0.0004	0.0920
89	-0.0036	-0.0010	-0.0050	-0.0143	-0.0009	-0.0046	-0.0026	-0.0068	0.0257	-0.0065	-0.0022	0.0643	-0.0028	-0.0105	-0.0036	-0.0099	-0.0079	-0.0043	-0.0001	-0.0034	0.0900
421	-0.0040	-0.0013	-0.0099	-0.0056	-0.0014	-0.0050	-0.0038	-0.0048	-0.0141	-0.0041	-0.0015	0.0005	-0.0012	-0.0030	-0.0041	-0.0110	-0.0081	-0.0047	-0.0006	0.0877	0.0882
1	-0.0034	-0.0008	-0.0006	-0.0078	-0.0008	-0.0044	-0.0020	-0.0073	0.0867	-0.0063	-0.0009	-0.0094	-0.0025	-0.0053	-0.0170	-0.0071	-0.0077	-0.0041	0.0001	0.0004	0.0872
380	-0.0050	-0.0005	-0.0002	-0.0053	-0.0016	-0.0002	-0.0042	-0.0088	-0.0179	-0.0112	-0.0018	-0.0003	-0.0002	0.0872	-0.0174	-0.0009	-0.0011	-0.0059	-0.0007	-0.0039	0.0872
488	-0.0063	-0.0046	0.0870	-0.0008	-0.0045	-0.0026	-0.0073	-0.0048	-0.0080	-0.0002	-0.0022	-0.0056	-0.0065	-0.0079	-0.0009	-0.0009	-0.0116	-0.0084	-0.0039	-0.0001	0.0870
202	-0.0037	-0.0017	0.0038	-0.0508	-0.0005	-0.0008	-0.0060	-0.0025	-0.0030	-0.0024	-0.0018	0.0459	-0.0001	-0.0020	-0.0040	-0.0017	-0.0035	0.0368	-0.0021	-0.0001	0.0866
67	-0.0027	-0.0007	-0.0017	-0.0064	0.0011	-0.0041	-0.0017	-0.0068	-0.0075	-0.0079	0.0009	-0.0039	-0.0038	0.0823	-0.0184	-0.0079	-0.0080	-0.0037	0.0022	-0.0014	0.0864
502	-0.0044	0.0024	-0.0003	-0.0037	0.0026	-0.0028	0.0007	-0.0057	-0.0115	-0.0154	0.0024	-0.0007	0.0738	-0.0008	-0.0119	-0.0175	-0.0088	-0.0024	0.0038	0.0002	0.0859
282	-0.0177	-0.0010	-0.0024	-0.0053	-0.0010	-0.0010	-0.0024	0.0406	-0.0111	-0.0071	-0.0011	0.0451	-0.0003	-0.0044	-0.0107	-0.0108	-0.0038	-0.0049	-0.0008	0.0000	0.0857
506	-0.0039	-0.0005	-0.0100	0.0279	-0.0004	-0.0105	-0.0018	-0.0065	0.0572	-0.0064	-0.0005	-0.0065	-0.0024	-0.0043	-0.0103	-0.0073	-0.0075	-0.0068	0.0005	0.0000	0.0856
516	-0.0041	0.0015	0.0798	-0.0077	0.0017	-0.0089	-0.0010	-0.0050	-0.0096	-0.0049	0.0015	-0.0106	-0.0013	-0.0021	-0.0091	-0.0059	-0.0060	-0.0063	-0.0004	-0.0016	0.0845
205	0.0617	-0.0008	-0.0050	-0.0054	-0.0006	-0.0056	-0.0021	-0.0215	-0.0023	-0.0068	-0.0008	-0.0083	-0.0002	-0.0047	-0.0005	-0.0089	0.0223	-0.0076	-0.0004	-0.0026	0.0840
447	-0.0024	-0.0014	-0.0120	0.0006	-0.0017	0.0828	-0.0020	-0.0008	-0.0045	-0.0036	-0.0007	-0.0011	-0.0032	-0.0073	-0.0143	-0.0082	-0.0082	-0.0099	0.0004	-0.0026	0.0838
234	-0.0027	0.0003	-0.0019	-0.0031	0.0005	-0.0005	-0.0011	-0.0078	0.0816	-0.0054	-0.0007	-0.0106	-0.0017	-0.0077	-0.0184	-0.0071	-0.0117	-0.0033	0.0014	0.0000	0.0838
369	-0.0092	0.0053	-0.0054	-0.0006	0.0054	-0.0002	-0.0063	-0.0013	-0.0267	-0.0027	0.0052	-0.0007	-0.0002	0.0569	-0.0261	-0.0022	-0.0022	0.0014	0.0063	0.0033	0.0837
505	-0.0084	-0.0016	-0.0006	-0.0048	-0.0081	-0.0041	-0.0014	-0.0062	-0.0020	-0.0069	-0.0014	-0.0058	-0.0001	-0.0035	-0.0096	0.0823	-0.0120	-0.0037	0.0009	-0.0029	0.0832
385	-0.0030	-0.0006	-0.0073	-0.0045	-0.0005	-0.0042	-0.0025	-0.0068	-0.0136	-0.0057	-0.0006	0.0354	-0.0002	-0.0035	-0.0090	0.0469	-0.0081	-0.0037	-0.0005	-0.0082	0.0823
525	-0.0065	0.0036	-0.0020	-0.0023	0.0021	-0.0037	0.0019	-0.0170	-0.0018	-0.0045	0.0035	-0.0035	0.0011	-0.0007	-0.0155	-0.0143	-0.0101	0.0636	0.0048	0.0012	0.0818
236	-0.0030	-0.0001	-0.0030	-0.0006	-0.0037	-0.0038	-0.0050	-0.0005	-0.0034	-0.0096	-0.0039	-0.0095	-0.0001	-0.0071	0.0816	-0.0179	-0.0016	-0.0003	-0.0030	-0.0056	0.0816
403	-0.0056	0.0004	-0.0002	-0.0002	0.0005	-0.0036	-0.0009	-0.0133	-0.0102	-0.0057	0.0003	-0.0118	-0.0033	-0.0031	-0.0097	-0.0105	0.0780	-0.0033	0.0014	0.0005	0.0812
91	-0.0038	-0.0008	0.0006	-0.0028	0.0035	-0.0019	0.0017	-0.0047	-0.0104	-0.0250	0.0033	-0.0049	-0.0075	-0.0011	-0.0080	0.0662	-0.0087	-0.0014	0.0047	0.0009	0.0810
313	-0.0013	0.0008	-0.0042	-0.0055	-0.0012	-0.0007	-0.0010	0.0419	-0.0133	-0.0111	0.0007	-0.0068	-0.0001	-0.0038	-0.0126	-0.0087	-0.0088	0.0351	0.0021	-0.0017	0.0807
82	-0.0024	-0.0046	-0.0037	0.0090	0.0010	-0.0068	-0.0043	-0.0069	0.0689	-0.0054	0.0008	-0.0050	-0.0002	-0.0041	-0.0018	-0.0063	-0.0120	-0.0135	-0.0019	-0.0010	0.0797
243	-0.0025	-0.0025	-0.0044	-0.0049	0.0013	-0.0041	-0.0010	-0.0102	-0.0175	-0.0067	0.0011	0.0213	-0.0020	-0.0032	-0.0118	0.0559	-0.0025	-0.0029	-0.0013	-0.0022	0.0797
409	-0.0033	-0.0010	-0.0174	-0.0026	-0.0005	0.0795	-0.0009	-0.0048	-0.0023	-0.0048	-0.0006	-0.0046	-0.0019	-0.0030	-0.0076	-0.0112	-0.0055	-0.0056	0.0001	-0.0019	0.0795
103	-0.0040	-0.0003	-0.0004	-0.0065	-0.0002	-0.0022	-0.0025	-0.0015	-0.0189	-0.0082	-0.0004	0.0781	-0.0001	-0.0048	-0.0027	-0.0176	-0.0042	-0.0051	0.0010	0.0003	0.0794
12	0.0237	-0.0009	-0.0072	-0.0055	-0.0010	-0.0049	-0.0022	-0.0122	-0.0036	-0.0023	-0.0035	-0.0034	-0.0047	-0.0043	-0.0151	0.0137	0.0416	-0.0045	-0.0035	-0.0003	0.0791
271	0.0778	-0.0005	-0.0011	-0.0119	0.0005	-0.0066	-0.0009	-0.0055	-0.0095	-0.0054	0.0004	-0.0001	-0.0001	-0.0029	-0.0091	-0.0068	-0.0121	-0.0061	-0.0002	0.0002	0.0789
181	0.0458	0.0019	-0.0008	-0.0068	0.0020	-0.0031	0.0002	-0.0092	-0.0096	-0.0093	-0.0043	-0.0052	-0.0013	-0.0024	-0.0106	-0.0080	-0.0080	0.0247	0.0031	0.0011	0.0787
285	0.0203	-0.0009	-0.0027	-0.0010	-0.0008	-0.0002	-0.0020	-0.0064	-0.0098	-0.0062	-0.0010	-0.0057	-0.0004	-0.0038	-0.0094	-0.0024	-0.0257	0.0581	-0.0001	0.0000	0.0784
170	-0.0042	-0.0011	-0.0100	-0.0063	-0.0015	-0.0052	-0.0028	-0.0023	0.0725	-0.0071	-0.0017	0.0059	-0.0003	-0.0047	-0.0005	-0.0109	-0.0092	-0.0043	-0.0011	-0.0049	0.0784
254	-0.0149	-0.0002	-0.0023	-0.0051	-0.0001	-0.0042	-0.0015	-0.0069	0.0578	-0.0039	-0.0003	-0.0063	-0.0003	-0.0037	-0.0165	-0.0083	0.0197	-0.0039	0.0008	0.0001	0.0783
85	-0.0034	0.0009	-0.0014	-0.0043	0.0000	-0.0035	-0.0005	-0.0064	-0.0080	0.0371	0.0007	-0.0054	-0.0155	-0.0029	-0.0101	0.0375	-0.0119	-0.0036	0.0019	-0.0012	0.0781
250	-0.0012	0.0023	-0.0039	0.0658	0.0024	-0.0070	0.0010	-0.0039	-0.0323	-0.0038	0.0022	-0.0034	0.0003	-0.0019	-0.0076	-0.0047	-0.0048	-0.0031	0.0033	0.0004	0.0777
152	-0.0070	-0.0002	-0.0032	-0.0051	-0.0015	-0.0047	-0.0004	-0.0061	-0.0089	-0.0062	-0.0017	-0.0060	0.0101	-0.0045	-0.0086	0.0675	-0.0085	-0.0043	-0.0005	-0.0000	0.0776
388	-0.0027	0.0000	0.0639	-0.0042	0.0001	-0.0009	-0.0021	-0.0091	-0.0154	-0.0057	-0.0018	0.0113	-0.0001	-0.0032	-0.0093	-0.0112	-0.0071	-0.0035	0.0010	-0.0000	0.0764
273	0.0003	-0.0005	0.0012	-0.0019	0.0039	-0.0031	0.0022	-0.0056	-0.0090	-0.0037	0.0037	-0.0281	-0.0002	-0.0004	-0.0171	0.0587	-0.0059	-0.0007	0.0051	0.0009	0.0761
11	-0.0045	-0.0019	-0.0037	-0.0005	0.0556	-0.0061	-0.0017	-0.0141	-0.0017	0.0203	-0.0014	-0.0005	-0.0022	-0.0045	-0.0146	-0.0109	-0.0007	-0.0067	-0.0002	0.0000	0.0758
289	-0.0053	-0.0004	-0.0043	0.0040	-0.0010	-0.0104	-0.0024	-0.0072	0.0712	-0.0071	-0.0011	-0.0067	-0.0030	-0.0053	-0.0003	-0.0080	-0.0081	-0.0044	-0.0001	-0.0000	0.0752
287	0.0010	0.0046	0.0020	-0.0040	0.0047	-0.0033	0.0030	-0.0298	-0.0015	0.0058	0.0430	-0.0006	0.0020	-0.0021	-0.0106	-0.0042	-0.0128	-0.0054	0.0059	0.0022	0.0743
520	-0.0058	-0.0002	-0.0006	-0.0005	-0.0015	-0.0003	-0.0008	-0.0096	-0.0004	0.0742	-0.0043	-0.0017	-0.0014	-0.0067	-0.0021	-0.0159	-0.0108	-0.0075	-0.0041	0.0000	0.0742
125	-0.0054	-0.0009	-0.0021	-0.0042	-0.0026	-0.0042	-0.0014	-0.0055	-0.0090	-0.0075	-0.0004	-0.0051	-0.0003	-0.0032	-0.0086	0.0733	-0.0075	-0.0034	0.0005	-0.0025	0.0738
228	-0.0020	0.0038	-0.0068	0.0579	0.0040	-0.0142	0.0018	-0.0034	-0.0012	-0.0058	-0.0007	-0.0047	-0.0018	-0.0027	-0.0122	-0.0072	-0.0073	-0.0038	0.0054	0.0009	0.0738
500	-0.0025	0.0020	0.0638	-0.0113	0.0021	-0.0005	-0.0001	-0.0017	-0.0093	-0.0049	0.0019	-0.0172	-0.0022	-0.0017	-0.0087	-0.0057	-0.0031	-0.0045	0.0031	0.0006	0.0736
514	-0.0038	-0.0003	-0.0032	-0.0004	-0.0006	-0.0048	-0.0025	-0.0108	0.0252	-0.0066	-0.0015	-0.0069	-0.0030	-0.0064	0.0484	-0.0062	-0.0086	-0.0045	-0.0005	-0.0030	0.0736
96	0.0733	-0.0036	-0.0021	-0.0010	-0.0007	-0.0010	-0.0041	-0.0188	-0.0007	-0.0050	-0.0026	-0.0016	-0.0007	-0.0029	-0.0001	-0.0004	-0.0026	-0.0233	-0.0020	-0.0001	0.0733
102	-0.0044	-0.0004	-0.0010	0.0085	-0.0002	-0.0138	-0.0015	-0.0061	0.0647	-0.0060	-0.0003	-0.0056	-0.0021	-0.0051	-0.0066	-0.0068	-0.0071	-0.0046	-0.0016	0.0000	0.0732
87	-0.0051	-0.0004	-0.0010	-0.0061	0.0461	-0.0065	-0.0046	0.0176	-0.0143	0.0035	0.0024	-0.0013	-0.0006	-0.0057	-0.0005	-0.0122	-0.0087	-0.0060	0.0032	0.0000	0.0729
253	-0.0069	-0.0020	0.0729	-0.0097	-0.0001	-0.0136	-0.0065	-0.0003	-0.0126	-0.0001	-0.0016	-0.0012	-0.0001	-0.0065	-0.0002	-0.0095	-0.0011	-0.0001	-0.0008	-0.0000	0.0729
338	-0.0054	-0.0022	-0.0029	-0.0032	-0.0005	-0.0044	-0.0026	-0.0067	-0.0009	-0.0067	-0.0014	-0.0016	-0.0077	0.0013	-0.0092	0.0710	-0.0124	-0.0044	-0.0002	0.0000	0.0723
368	-0.0005	-0.0011	-0.0001	-0.0001	-0.0034	-0.0003	0.0718	-0.0150	-0.0009	-0.0002	-0.0020	-0.0001	-0.0001	-0.0039	-0.0013	-0.0012	-0.0163	-0.0102	-0.0053	-0.0099	0.0718
143	-0.0043	-0.0008	-0.0216	-0.0034	-0.0010	-0.0097	-0.0025	0.0013	-0.0157	-0.0029	-0.0030	0.0210	-0.0005	-0.0029	-0.0004	0.0473	0.0002	-0.0002	-0.0008	-0.0000	0.0697
59	-0.0036	-0.0014	-0.0030	-0.0075	-0.0014	-0.0010	-0.0024	-0.0008	0.0114	0.0582	-0.0015	-0.0058	-0.0002	-0.0114	-0.0109	-0.0074	-0.0076	-0.0003	-0.0007	-0.0028	0.0696
2	0.0379	-0.0017	-0.0040	-0.0016	-0.0015	-0.0007	-0.0035	-0.0073	-0.0008	-0.0089	-0.0019	-0.0080	-0.0017	-0.0055	-0.0011	-0.0114	-0.0072	0.0314	-0.0006	-0.0020	0.0693
328	-0.0034	-0.0058	-0.0004	-0.0017	-0.0004	-0.0028	-0.0066	-0.0009	0.0691	-0.0039	-0.0013	-0.0013	-0.0006	-0.0002	-0.0089	-0.0124	-0.0041	-0.0081	-0.0061	-0.0001	0.0691
481	-0.0021	-0.0002	-0.0008	0.0537	0.0045	-0.0131	-0.0013	-0.0035	-0.0192	-0.0034	0.0043	-0.0030	-0.0006	-0.0031	-0.0054	-0.0046	-0.0047	-0.0031	0.0056	0.0000	0.0680
156	-0.0033	-0.0019	-0.0027	0.0213	-0.0017	-0.0044	-0.0019	-0.0082	-0.0100	-0.0060	-0.0009	-0.0010	-0.0012	-0.0057	0.0456	-0.0068	-0.0072	-0.0039	0.0000	-0.0001	0.0670
522	-0.0060	0.0005	-0.0011	-0.0023	0.0007	-0.0029	-0.0004	-0.0045	-0.0084	-0.0033	0.0005	-0.0043	-0.0069	-0.0024	-0.0076	0.0634	-0.0144	-0.0026	0.0014	0.0005	0.0670
542	-0.0041	-0.0008	-0.0003	-0.0001	-0.0009	-0.0050	-0.0003	-0.0072	-0.0117	0.0665	-0.0055	-0.0067	-0.0002	-0.0001	-0.0001	-0.0106	-0.0032	-0.0069	-0.0028	0.0000	0.0665
36	-0.0029	-0.0010	-0.0026	-0.0040	-0.0148	-0.0006	-0.0002	-0.0082	-0.0005	0.0664	-0.0009	-0.0020	-0.0016	-0.0033	-0.0093	-0.0072	-0.0068	-0.0003	-0.0002	-0.0000	0.0664
211	-0.0017	-0.0002	-0.0133	-0.0036	0.0013	-0.0028	-0.0018	-0.0073	-0.0139	-0.0049	0.0011	0.0615	-0.0008	-0.0023	-0.0079	-0.0012	-0.0019	-0.0025	0.0022	0.0000	0.0661
198	-0.0036	-0.0033	-0.0040	-0.0078	-0.0059	-0.0025	-0.0043	-0.0018	-0.0062	-0.0013	-0.0014	-0.0022	0.0650	-0.0064	-0.0025	-0.0049	-0.0019	-0.0049	-0.0001	-0.0000	0.0650
242	-0.0001	-0.0013	-0.0013	-0.0061	-0.0033	-0.0003	-0.0005	0.0648	-0.0009	-0.0049	-0.0199	-0.0061	-0.0002	-0.0048	-0.0008	-0.0094	-0.0036	-0.0006	-0.0005	-0.0000	0.0648
138	-0.0030	-0.0017	-0.0008	-0.0008	-0.0015	-0.0057	-0.0030	-0.0077	-0.0073	-0.0018	-0.0016	-0.0075	-0.0001	-0.0049	-0.0015	0.0645	-0.0100	-0.0053	-0.0001	0.0000	0.0646
235	-0.0044	0.0021	-0.0002	-0.0088	0.0020	-0.0005	0.0007	-0.0088	-0.0090	-0.0063	0.0015	-0.0039	-0.0009	-0.0016	-0.0085	-0.0054	-0.0054	0.0579	-0.0006	0.0001	0.0644
155	-0.0047	-0.0010	-0.0033	-0.0127	-0.0008	0.0146	-0.0024	-0.0013	0.0136	-0.0010	0.0358	-0.0074	-0.0007	-0.0048	0.0003	-0.0093	-0.0102	-0.0007	-0.0041	0.0000	0.0644
10	0.0357	-0.0001	-0.0023	-0.0015	0.0000	-0.0036	-0.0015	-0.0081	-0.0038	-0.0067	-0.0001	-0.0062	-0.0066	-0.0026	-0.0050	-0.0091	0.0267	-0.0063	0.0010	0.0003	0.0637
405	0.0009	0.0038	0.0023	-0.0015	0.0337	-0.0011	0.0037	-0.0082	-0.0012	-0.0183	0.0060	-0.0042	0.0026	-0.0011	-0.0119	-0.0069	-0.0067	-0.0017	0.0079	0.0020	0.0629
64	0.0481	-0.0009	-0.0038	-0.0023	0.0039	-0.0023	0.0020	-0.0026	-0.0083	-0.0031	0.0035	-0.0028	-0.0000	-0.0002	-0.0074	-0.0068	-0.0190	-0.0035	0.0050	0.0004	0.0629
508	-0.0054	-0.0018	-0.0009	-0.0002	-0.0010	-0.0060	-0.0001	-0.0064	-0.0055	-0.0119	-0.0018	-0.0002	-0.0001	-0.0011	-0.0047	0.0628	-0.0105	-0.0045	-0.0005	-0.0000	0.0628
134	-0.0030	0.0029	0.0005	-0.0025	0.0030	-0.0013	-0.0014	-0.0010	-0.0090	-0.0008	0.0028	-0.0036	0.0494	-0.0011	-0.0116	-0.0156	-0.0105	-0.0013	0.0040	0.0002	0.0627
286	-0.0028	-0.0002	-0.0005	-0.0030	0.0017	-0.0023	0.0003	-0.0045	-0.0066	-0.0139	0.0016	-0.0040	0.0502	-0.0034	-0.0090	0.0089	-0.0095	-0.0020	-0.0008	0.0000	0.0627
196	-0.0024	0.0017	-0.0017	-0.0050	0.0019	-0.0043	0.0541	-0.0072	-0.0005	-0.0038	0.0016	-0.0084	-0.0002	-0.0052	-0.0014	-0.0085	-0.0036	-0.0036	0.0031	-0.0067	0.0624
225	-0.0015	0.0031	0.0007	-0.0026	0.0466	-0.0002	0.0020	-0.0071	-0.0008	-0.0245	0.0040	-0.0020	-0.0002	-0.0014	-0.0012	-0.0103	-0.0073	-0.0023	0.0057	-0.0007	0.0621
247	-0.0090	0.0024	-0.0002	-0.0060	0.0025	-0.0002	0.0008	-0.0083	-0.0057	-0.0051	0.0023	-0.0026	-0.0002	-0.0031	-0.0065	-0.0131	0.0505	-0.0021	0.0036	0.0001	0.0621
509	-0.0017	0.0010	-0.0010	-0.0101	0.0011	-0.0028	-0.0002	-0.0049	0.0569	-0.0048	-0.0002	-0.0064	-0.0009	-0.0049	-0.0089	-0.0057	-0.0070	-0.0025	0.0020	0.0009	0.0620
90	-0.0031	-0.0028	-0.0051	0.0194	0.0007	-0.0078	-0.0006	-0.0059	0.0353	-0.0049	0.0006	-0.0050	-0.0014	-0.0039	0.0056	-0.0069	-0.0079	-0.0032	-0.0020	-0.0011	0.0615
275	-0.0015	0.0003	-0.0082	-0.0025	0.0020	0.0533	0.0007	-0.0024	-0.0078	-0.0038	0.0019	-0.0034	-0.0003	-0.0013	-0.0086	-0.0102	-0.0047	-0.0065	0.0029	0.0002	0.0613
212	0.0526	0.0022	-0.0005	-0.0003	0.0023	-0.0052	0.0011	-0.0046	-0.0091	-0.0011	0.0021	-0.0037	-0.0028	-0.0004	-0.0086	-0.0053	-0.0151	-0.0034	-0.0004	0.0000	0.0603
293	-0.0018	0.0004	-0.0006	-0.0026	0.0005	-0.0026	-0.0006	-0.0043	0.0580	-0.0042	-0.0035	-0.0058	-0.0011	-0.0038	-0.0098	-0.0050	-0.0108	-0.0024	0.0011	-0.0011	0.0600
467	0.0011	0.0039	-0.0006	-0.0034	-0.0008	-0.0046	-0.0070	-0.0023	-0.0001	-0.0028	0.0040	-0.0018	-0.0007	0.0458	-0.0255	-0.0032	-0.0046	-0.0025	0.0051	0.0001	0.0599
99	-0.0008	-0.0002	0.0007	-0.0024	0.0033	-0.0016	0.0016	-0.0042	-0.0093	-0.0112	0.0031	-0.0036	0.0457	-0.0039	-0.0103	-0.0035	-0.0074	-0.0012	0.0044	0.0009	0.0597
3	-0.0021	0.0008	-0.0011	-0.0146	0.0009	-0.0039	-0.0005	0.0368	0.0049	-0.0054	0.0005	-0.0090	-0.0012	-0.0041	0.0131	-0.0066	-0.0080	-0.0030	0.0018	0.0007	0.0595
183	-0.0019	-0.0003	0.0393	-0.0044	0.0007	-0.0033	-0.0036	-0.0099	0.0125	-0.0046	0.0006	0.0041	-0.0002	-0.0023	-0.0071	-0.0082	-0.0067	-0.0025	0.0015	-0.0036	0.0586
100	0.0005	0.0043	0.0064	-0.0017	0.0045	-0.0011	-0.0031	-0.0013	-0.0079	-0.0039	0.0043	0.0328	-0.0014	-0.0003	-0.0090	-0.0202	-0.0079	-0.0008	0.0057	0.0001	0.0586
317	-0.0010	0.0035	0.0006	0.0402	0.0037	-0.0018	0.0024	-0.0033	-0.0266	-0.0032	0.0036	-0.0025	-0.0002	-0.0010	-0.0072	-0.0040	-0.0038	-0.0040	0.0046	0.0000	0.0585
214	-0.0046	-0.0029	-0.0024	-0.0017	-0.0052	-0.0004	-0.0011	0.0581	-0.0011	-0.0122	-0.0047	-0.0010	-0.0003	-0.0044	-0.0005	-0.0002	-0.0072	-0.0058	-0.0022	-0.0000	0.0581
77	-0.0003	-0.0001	-0.0001	-0.0002	-0.0006	-0.0002	-0.0001	0.0574	-0.0002	-0.0385	-0.0026	-0.0012	-0.0001	-0.0001	-0.0002	-0.0102	-0.0007	-0.0018	-0.0001	-0.0000	0.0574
135	0.0011	0.0042	0.0020	-0.0154	0.0043	-0.0001	-0.0036	-0.0027	0.0352	-0.0023	-0.0028	-0.0017	0.0021	-0.0006	-0.0202	-0.0033	-0.0043	0.0003	0.0053	0.0026	0.0571
325	0.0337	0.0021	-0.0019	-0.0042	0.0022	-0.0022	0.0008	-0.0090	-0.0102	-0.0039	0.0020	-0.0039	-0.0013	-0.0013	-0.0083	-0.0069	0.0125	-0.0035	0.0030	0.0003	0.0565
483	-0.0008	-0.0065	-0.0040	-0.0025	-0.0006	-0.0026	-0.0025	-0.0051	-0.0002	-0.0051	0.0019	-0.0074	-0.0003	-0.0021	-0.0095	-0.0003	-0.0062	-0.0006	0.0032	0.0511	0.0562
475	-0.0010	0.0019	-0.0002	-0.0014	0.0020	-0.0012	0.0006	0.0329	-0.0141	0.0155	-0.0022	-0.0041	-0.0002	-0.0018	-0.0062	-0.0054	-0.0144	-0.0038	0.0030	0.0003	0.0561
284	0.0009	-0.0008	-0.0080	-0.0009	0.0040	-0.0002	0.0016	-0.0034	-0.0159	-0.0023	0.0038	0.0374	0.0019	0.0004	-0.0061	-0.0146	-0.0039	0.0001	0.0049	0.0012	0.0560
184	-0.0013	0.0012	-0.0003	-0.0179	0.0012	-0.0027	-0.0003	-0.0051	-0.0088	-0.0041	0.0010	-0.0079	-0.0017	0.0201	0.0324	-0.0025	-0.0010	-0.0020	-0.0003	0.0000	0.0560
268	-0.0011	-0.0041	-0.0006	-0.0005	0.0559	-0.0001	-0.0036	-0.0058	-0.0038	-0.0021	-0.0025	-0.0141	-0.0002	-0.0052	-0.0024	-0.0009	-0.0051	-0.0015	-0.0005	-0.0018	0.0559
51	-0.0017	0.0019	-0.0000	-0.0092	-0.0011	-0.0086	-0.0004	-0.0048	-0.0066	-0.0047	0.0018	0.0491	-0.0016	-0.0019	-0.0006	-0.0058	-0.0058	-0.0030	0.0029	0.0001	0.0558
221	-0.0004	-0.0008	-0.0028	-0.0024	0.0053	-0.0004	-0.0008	-0.0069	-0.0008	-0.0068	0.0052	-0.0013	-0.0001	-0.0010	-0.0093	-0.0111	-0.0088	-0.0019	0.0074	0.0376	0.0555
452	0.0008	0.0069	0.0027	-0.0035	0.0187	-0.0020	0.0046	-0.0095	-0.0023	-0.0123	0.0078	-0.0030	0.0030	-0.0006	-0.0016	-0.0123	-0.0051	-0.0031	0.0104	0.0006	0.0554
512	0.0011	0.0049	0.0021	-0.0012	0.0050	-0.0013	0.0032	-0.0031	-0.0275	-0.0030	-0.0013	-0.0030	0.0023	0.0004	0.0277	-0.0093	-0.0055	0.0001	0.0059	0.0024	0.0552
521	0.0016	0.0054	0.0006	0.0272	0.0055	-0.0124	0.0040	-0.0004	-0.0314	-0.0009	-0.0003	-0.0004	-0.0005	0.0001	-0.0048	-0.0018	-0.0019	0.0005	0.0064	0.0034	0.0549
122	0.0004	0.0018	-0.0010	-0.0013	0.0033	-0.0027	0.0020	-0.0015	-0.0068	-0.0040	0.0032	-0.0275	-0.0006	-0.0001	-0.0046	0.0398	-0.0044	-0.0003	0.0043	0.0000	0.0549
169	0.0358	0.0003	-0.0016	-0.0001	0.0004	-0.0036	-0.0008	-0.0056	0.0093	-0.0050	-0.0003	-0.0077	-0.0005	-0.0041	-0.0108	-0.0064	0.0075	-0.0066	0.0012	-0.0013	0.0545
550	-0.0012	-0.0010	-0.0001	-0.0035	0.0471	-0.0026	0.0009	-0.0066	-0.0027	-0.0123	0.0025	-0.0048	-0.0014	-0.0019	-0.0001	-0.0042	-0.0086	-0.0026	0.0039	-0.0008	0.0544
291	-0.0007	0.0004	0.0517	-0.0085	0.0005	-0.0004	-0.0018	-0.0058	-0.0017	-0.0011	0.0003	-0.0085	-0.0001	-0.0030	-0.0022	-0.0066	-0.0067	-0.0047	0.0014	-0.0025	0.0543
233	-0.0021	-0.0013	-0.0002	-0.0018	0.0028	-0.0011	-0.0042	-0.0032	-0.0072	-0.0057	0.0027	-0.0027	0.0449	-0.0007	-0.0078	-0.0107	-0.0047	-0.0008	0.0037	0.0002	0.0542
555	-0.0007	0.0019	-0.0022	-0.0002	0.0020	-0.0017	-0.0015	-0.0027	-0.0055	-0.0053	0.0018	0.0454	-0.0001	-0.0021	-0.0098	-0.0122	-0.0071	-0.0024	0.0031	-0.0006	0.0542
61	-0.0008	-0.0001	-0.0000	-0.0116	0.0023	-0.0020	0.0008	-0.0002	0.0450	-0.0012	0.0022	-0.0049	-0.0001	-0.0026	-0.0284	-0.0018	-0.0001	-0.0001	0.0033	0.0006	0.0541
6	-0.0177	0.0028	-0.0007	-0.0018	0.0016	-0.0034	-0.0010	0.0349	-0.0075	-0.0037	0.0025	-0.0038	-0.0002	-0.0006	-0.0070	-0.0007	-0.0058	0.0071	0.0038	0.0012	0.0539
238	0.0021	-0.0012	-0.0002	-0.0007	-0.0015	-0.0004	0.0016	-0.0058	-0.0105	-0.0070	0.0043	-0.0031	-0.0002	0.0450	-0.0145	-0.0023	-0.0057	0.0006	-0.0006	0.0000	0.0536
507	-0.0023	0.0013	-0.0025	0.0468	0.0014	-0.0059	-0.0013	-0.0058	-0.0005	-0.0057	0.0012	-0.0050	-0.0010	-0.0042	-0.0016	-0.0068	-0.0050	-0.0058	0.0024	0.0001	0.0532
491	-0.0005	-0.0004	0.0039	-0.0010	0.0077	-0.0008	0.0052	-0.0107	-0.0107	-0.0058	0.0213	-0.0022	0.0041	0.0016	-0.0008	-0.0034	-0.0085	-0.0084	0.0092	0.0000	0.0531
492	-0.0013	0.0026	-0.0023	0.0397	0.0027	-0.0047	0.0010	-0.0023	-0.0036	-0.0050	0.0025	-0.0042	-0.0012	-0.0012	-0.0093	-0.0058	-0.0059	-0.0061	0.0038	0.0007	0.0528
408	-0.0014	0.0030	0.0006	-0.0018	0.0031	-0.0031	-0.0010	-0.0065	-0.0010	-0.0067	-0.0078	-0.0034	-0.0010	-0.0008	-0.0081	-0.0049	-0.0049	0.0412	0.0041	0.0004	0.0525
486	0.0022	0.0174	-0.0003	-0.0022	0.0082	-0.0018	-0.0005	-0.0015	-0.0006	-0.0050	0.0089	-0.0029	0.0043	0.0008	-0.0187	-0.0103	-0.0079	-0.0007	0.0105	0.0000	0.0523
419	0.0010	0.0057	0.0023	-0.0029	0.0059	-0.0026	0.0036	-0.0114	-0.0099	-0.0049	0.0261	-0.0032	-0.0013	0.0001	-0.0024	-0.0008	-0.0095	-0.0034	0.0074	0.0001	0.0523
554	-0.0029	-0.0007	-0.0007	-0.0037	-0.0075	-0.0029	0.0002	-0.0021	-0.0016	-0.0078	0.0017	-0.0013	-0.0001	-0.0022	-0.0041	0.0473	-0.0108	-0.0025	0.0029	-0.0012	0.0522
161	-0.0032	-0.0003	-0.0016	-0.0073	-0.0012	-0.0031	-0.0009	-0.0008	0.0515	-0.0002	-0.0012	-0.0013	-0.0011	-0.0030	-0.0139	-0.0053	-0.0063	-0.0011	0.0004	0.0000	0.0520
434	-0.0023	0.0076	-0.0007	-0.0075	0.0096	-0.0037	0.0029	-0.0148	-0.0014	-0.0018	0.0088	-0.0023	0.0000	-0.0024	-0.0042	-0.0010	-0.0072	-0.0022	0.0224	0.0001	0.0515
229	-0.0003	0.0027	0.0005	-0.0011	0.0028	-0.0004	0.0013	0.0389	-0.0073	-0.0050	-0.0053	-0.0033	0.0006	-0.0009	-0.0038	-0.0047	-0.0167	-0.0026	0.0037	0.0008	0.0514
462	-0.0044	-0.0012	-0.0018	0.0461	0.0013	-0.0052	-0.0013	-0.0059	-0.0015	-0.0011	0.0011	-0.0051	-0.0003	-0.0033	-0.0024	-0.0067	-0.0067	-0.0031	0.0023	-0.0009	0.0509
14	-0.0156	0.0008	-0.0012	-0.0038	-0.0007	-0.0008	-0.0013	-0.0070	-0.0014	-0.0007	0.0008	-0.0031	-0.0017	-0.0007	-0.0004	-0.0090	0.0465	-0.0028	0.0019	0.0001	0.0501
278	0.0009	-0.0004	-0.0017	-0.0012	-0.0003	-0.0015	-0.0008	-0.0011	-0.0005	-0.0144	-0.0005	-0.0018	-0.0001	-0.0036	-0.0067	0.0486	-0.0119	-0.0037	0.0006	0.0000	0.0501
342	-0.0007	-0.0004	-0.0000	-0.0000	-0.0000	-0.0001	-0.0000	-0.0004	-0.0413	-0.0002	-0.0025	-0.0001	-0.0009	-0.0004	0.0496	-0.0000	-0.0019	-0.0000	-0.0006	-0.0000	0.0496
5	-0.0039	0.0005	-0.0004	-0.0004	0.0002	-0.0009	-0.0020	-0.0101	-0.0021	0.0474	-0.0016	-0.0005	-0.0018	-0.0070	-0.0004	-0.0105	-0.0059	-0.0016	0.0008	0.0001	0.0490
13	0.0220	0.0049	-0.0021	-0.0009	0.0050	-0.0031	0.0033	-0.0027	-0.0079	-0.0026	0.0048	-0.0021	0.0012	0.0006	-0.0028	-0.0049	-0.0157	-0.0040	0.0061	0.0009	0.0488
151	-0.0010	0.0170	0.0030	-0.0008	0.0083	-0.0033	-0.0013	-0.0006	-0.0113	-0.0071	0.0087	-0.0013	-0.0020	-0.0006	-0.0025	-0.0129	-0.0027	-0.0012	0.0109	0.0007	0.0486
482	-0.0003	0.0054	0.0025	-0.0025	0.0179	-0.0011	0.0041	-0.0006	-0.0138	-0.0073	0.0065	-0.0033	0.0028	-0.0000	-0.0040	-0.0095	-0.0046	-0.0014	0.0086	0.0004	0.0484
526	0.0002	-0.0082	-0.0032	-0.0019	0.0030	-0.0011	-0.0012	-0.0037	-0.0007	-0.0036	0.0035	-0.0039	0.0012	-0.0005	-0.0080	-0.0067	-0.0047	-0.0008	0.0047	0.0357	0.0482
187	-0.0024	0.0034	-0.0004	0.0308	0.0035	-0.0028	0.0016	-0.0033	-0.0053	-0.0048	0.0033	-0.0042	0.0006	-0.0031	-0.0067	-0.0060	-0.0061	-0.0030	0.0047	0.0001	0.0480
270	-0.0015	0.0065	-0.0011	-0.0058	0.0187	-0.0004	0.0038	-0.0007	-0.0230	-0.0093	0.0078	-0.0014	-0.0001	-0.0009	-0.0002	-0.0011	-0.0015	-0.0008	0.0107	0.0002	0.0476
438	0.0353	0.0031	-0.0018	-0.0034	-0.0006	-0.0022	0.0019	-0.0037	-0.0015	-0.0025	0.0031	-0.0033	-0.0009	-0.0010	-0.0004	-0.0060	-0.0129	-0.0074	0.0041	0.0000	0.0476
454	0.0009	0.0048	0.0204	-0.0014	0.0049	-0.0077	0.0019	-0.0009	-0.0071	-0.0022	0.0048	-0.0136	0.0026	0.0009	-0.0065	-0.0032	-0.0036	-0.0013	0.0060	0.0004	0.0476
477	0.0002	0.0029	-0.0042	-0.0033	0.0031	-0.0014	0.0013	-0.0040	-0.0105	-0.0030	0.0029	0.0023	-0.0013	-0.0004	-0.0068	-0.0070	-0.0048	-0.0004	0.0040	0.0305	0.0471
8	-0.0008	0.0026	-0.0009	-0.0003	0.0007	-0.0031	-0.0002	-0.0092	-0.0016	0.0374	0.0024	-0.0086	-0.0033	-0.0036	-0.0076	-0.0025	-0.0005	-0.0048	0.0039	-0.0001	0.0470
230	0.0001	-0.0009	-0.0004	-0.0002	-0.0008	-0.0039	-0.0024	-0.0083	-0.0028	-0.0079	-0.0010	-0.0075	-0.0002	-0.0049	-0.0028	0.0435	0.0012	0.0019	0.0002	-0.0031	0.0469
406	-0.0061	0.0031	-0.0010	-0.0008	0.0032	-0.0048	0.0020	-0.0086	-0.0114	-0.0021	-0.0008	-0.0017	0.0004	0.0002	-0.0060	-0.0036	0.0326	-0.0000	0.0039	0.0015	0.0468
549	-0.0034	0.0003	-0.0004	-0.0007	0.0009	-0.0055	-0.0005	-0.0003	-0.0001	-0.0057	0.0009	-0.0123	-0.0017	-0.0027	-0.0002	0.0421	-0.0080	-0.0048	0.0019	0.0000	0.0462
490	-0.0015	0.0199	0.0007	-0.0060	0.0059	-0.0055	0.0029	-0.0058	-0.0035	-0.0046	0.0065	-0.0055	0.0011	-0.0032	-0.0008	-0.0011	-0.0067	-0.0017	0.0088	0.0002	0.0460
206	-0.0007	-0.0018	-0.0007	-0.0027	-0.0019	-0.0003	-0.0020	0.0458	-0.0045	-0.0194	-0.0026	-0.0004	-0.0002	-0.0010	-0.0002	-0.0016	-0.0013	-0.0035	-0.0010	-0.0000	0.0458
223	-0.0006	0.0020	-0.0020	-0.0023	0.0021	-0.0051	0.0007	-0.0050	0.0266	-0.0035	-0.0017	-0.0032	-0.0005	-0.0011	0.0122	-0.0123	-0.0071	-0.0013	0.0019	0.0003	0.0457
552	0.0018	0.0050	-0.0007	-0.0021	-0.0002	0.0005	0.0036	-0.0108	-0.0057	-0.0043	0.0245	-0.0015	0.0028	0.0011	-0.0065	-0.0030	-0.0095	-0.0012	0.0062	0.0000	0.0455
497	0.0011	0.0048	0.0024	-0.0073	0.0049	0.0120	0.0033	-0.0021	-0.0069	-0.0021	0.0047	-0.0016	0.0026	0.0009	-0.0184	-0.0031	-0.0032	-0.0007	0.0059	0.0027	0.0454
126	-0.0026	0.0017	-0.0003	-0.0027	0.0018	-0.0020	-0.0005	-0.0022	-0.0080	-0.0028	0.0017	-0.0036	-0.0004	-0.0016	-0.0075	0.0371	-0.0094	-0.0017	0.0026	0.0006	0.0454
147	-0.0078	-0.0004	0.0006	-0.0046	0.0025	-0.0016	0.0013	-0.0063	-0.0065	-0.0005	-0.0008	-0.0025	0.0007	-0.0006	-0.0060	-0.0036	-0.0036	0.0398	-0.0002	0.0001	0.0450
346	0.0019	0.0052	-0.0004	-0.0055	0.0054	0.0167	0.0039	-0.0011	-0.0052	-0.0009	0.0052	-0.0005	-0.0008	-0.0016	-0.0249	-0.0019	-0.0019	-0.0001	0.0063	0.0004	0.0450
314	-0.0084	0.0027	0.0002	-0.0004	0.0028	-0.0020	0.0011	-0.0135	-0.0011	-0.0015	0.0026	-0.0040	-0.0003	-0.0013	-0.0030	-0.0077	0.0311	-0.0016	0.0039	0.0005	0.0448
551	-0.0010	0.0038	0.0010	-0.0030	0.0066	-0.0047	0.0029	-0.0093	-0.0046	-0.0044	0.0061	-0.0060	-0.0004	-0.0024	-0.0017	-0.0004	-0.0040	-0.0030	0.0234	0.0011	0.0448
485	0.0001	0.0023	0.0007	-0.0122	0.0024	-0.0008	0.0013	-0.0024	0.0338	-0.0024	-0.0000	-0.0048	-0.0005	-0.0031	-0.0104	-0.0031	-0.0044	-0.0005	0.0031	0.0010	0.0448
69	-0.0000	0.0033	-0.0026	-0.0050	0.0045	0.0256	0.0031	-0.0005	-0.0055	-0.0014	0.0043	-0.0010	0.0025	0.0011	-0.0074	-0.0170	-0.0024	-0.0014	-0.0003	0.0002	0.0446
55	0.0008	0.0056	0.0028	-0.0147	0.0057	0.0126	0.0039	-0.0024	-0.0014	-0.0003	0.0055	-0.0018	-0.0009	0.0011	-0.0134	-0.0047	-0.0036	-0.0015	0.0066	0.0000	0.0446
381	-0.0008	0.0015	-0.0002	-0.0086	0.0016	-0.0031	0.0004	-0.0036	0.0372	-0.0034	0.0014	-0.0021	-0.0001	-0.0016	-0.0093	-0.0042	-0.0060	-0.0015	0.0023	0.0002	0.0446
185	-0.0014	-0.0006	-0.0012	0.0206	-0.0004	0.0197	0.0012	-0.0003	-0.0169	-0.0028	0.0022	-0.0025	0.0006	-0.0036	-0.0061	-0.0036	-0.0036	-0.0008	-0.0006	0.0000	0.0444
524	-0.0030	0.0034	0.0007	-0.0102	0.0036	0.0304	0.0017	-0.0045	-0.0042	-0.0008	0.0033	-0.0009	0.0010	-0.0010	-0.0071	-0.0057	-0.0057	-0.0011	-0.0001	0.0002	0.0443
367	0.0002	0.0051	-0.0013	-0.0030	0.0053	-0.0014	0.0215	-0.0006	-0.0036	-0.0062	0.0050	-0.0004	-0.0001	-0.0034	-0.0207	-0.0016	-0.0006	-0.0012	0.0069	0.0002	0.0442
176	-0.0045	-0.0017	-0.0001	-0.0006	-0.0015	-0.0006	-0.0013	-0.0079	-0.0001	0.0439	-0.0001	-0.0004	-0.0001	-0.0006	-0.0005	-0.0087	-0.0088	-0.0057	-0.0007	0.0000	0.0439
124	-0.0066	-0.0003	-0.0001	-0.0003	-0.0002	-0.0014	-0.0007	-0.0082	-0.0003	-0.0094	-0.0004	-0.0015	-0.0001	-0.0006	-0.0001	-0.0068	-0.0068	0.0432	0.0006	0.0000	0.0438
112	0.0163	0.0028	-0.0023	-0.0022	0.0028	-0.0009	0.0013	-0.0036	-0.0079	-0.0035	0.0027	-0.0030	-0.0002	-0.0008	-0.0073	0.0138	-0.0111	-0.0009	0.0038	0.0002	0.0437
484	0.0008	0.0054	0.0008	-0.0021	0.0056	-0.0010	0.0166	-0.0023	-0.0114	-0.0055	0.0053	-0.0002	0.0013	-0.0042	-0.0068	-0.0035	-0.0060	-0.0005	0.0070	0.0008	0.0437
252	-0.0011	0.0042	-0.0008	0.0072	0.0043	0.0155	0.0025	-0.0003	-0.0090	-0.0034	0.0041	-0.0018	-0.0003	-0.0001	-0.0171	-0.0046	-0.0047	-0.0001	0.0048	0.0008	0.0433
179	-0.0011	-0.0003	0.0007	-0.0019	-0.0024	-0.0012	0.0015	-0.0034	-0.0077	-0.0033	0.0028	-0.0029	-0.0011	-0.0007	-0.0057	0.0344	-0.0060	-0.0009	0.0038	-0.0047	0.0432
459	-0.0004	0.0014	-0.0071	-0.0023	-0.0003	-0.0018	-0.0009	-0.0015	-0.0078	-0.0005	0.0015	0.0378	-0.0008	-0.0011	-0.0065	-0.0063	-0.0042	-0.0015	0.0022	0.0001	0.0430
420	0.0006	0.0042	-0.0006	0.0204	0.0044	-0.0065	0.0029	-0.0022	-0.0161	-0.0021	0.0042	-0.0017	-0.0009	0.0004	-0.0061	-0.0031	-0.0012	-0.0019	0.0053	0.0000	0.0424
140	0.0002	0.0053	0.0026	-0.0006	-0.0007	0.0003	-0.0017	-0.0024	-0.0025	-0.0094	0.0052	-0.0018	0.0203	0.0010	-0.0081	-0.0078	-0.0072	0.0007	0.0066	0.0002	0.0423
227	-0.0004	0.0032	-0.0001	-0.0003	0.0033	-0.0010	0.0018	-0.0034	-0.0054	-0.0121	0.0032	-0.0029	0.0260	-0.0001	-0.0012	-0.0072	-0.0074	-0.0007	0.0043	0.0004	0.0423
46	-0.0036	0.0029	-0.0005	-0.0031	0.0026	-0.0039	0.0014	0.0202	-0.0093	-0.0052	0.0028	-0.0006	0.0006	-0.0011	-0.0087	-0.0006	-0.0056	0.0069	0.0041	0.0007	0.0422
431	-0.0005	0.0022	0.0003	-0.0021	0.0023	-0.0015	0.0010	0.0314	-0.0078	0.0015	-0.0006	-0.0031	-0.0038	-0.0019	-0.0089	-0.0043	-0.0048	-0.0029	0.0031	0.0003	0.0422
539	-0.0006	0.0025	-0.0001	-0.0013	0.0026	-0.0018	-0.0004	-0.0041	-0.0001	0.0325	0.0009	-0.0043	-0.0029	-0.0038	-0.0104	-0.0051	-0.0051	-0.0020	0.0036	0.0001	0.0421
444	0.0001	0.0036	-0.0014	-0.0021	0.0037	-0.0007	0.0020	-0.0039	-0.0039	0.0231	0.0026	-0.0033	-0.0078	-0.0042	-0.0033	-0.0049	-0.0050	-0.0013	0.0048	0.0018	0.0417
432	0.0005	0.0050	0.0143	-0.0026	0.0052	-0.0045	0.0023	-0.0031	-0.0024	-0.0011	0.0050	-0.0155	0.0025	0.0005	-0.0028	-0.0042	-0.0043	-0.0012	0.0064	0.0001	0.0417
337	-0.0017	0.0040	0.0007	-0.0033	0.0042	-0.0007	0.0019	-0.0015	-0.0125	-0.0025	0.0039	-0.0049	0.0202	-0.0014	-0.0106	-0.0005	-0.0001	-0.0018	0.0056	0.0010	0.0415
186	-0.0002	0.0019	-0.0010	-0.0125	0.0020	-0.0010	0.0009	-0.0032	0.0346	-0.0025	0.0019	-0.0030	-0.0002	-0.0013	-0.0080	-0.0032	-0.0043	-0.0007	-0.0002	0.0000	0.0413
142	-0.0004	0.0035	-0.0006	-0.0012	0.0037	-0.0002	0.0257	-0.0048	-0.0004	-0.0043	0.0035	-0.0068	-0.0001	-0.0060	-0.0023	-0.0061	-0.0062	-0.0015	0.0049	-0.0003	0.0413
528	0.0002	0.0040	-0.0006	-0.0008	0.0038	-0.0013	0.0023	0.0198	-0.0015	-0.0049	0.0034	-0.0068	0.0014	-0.0005	-0.0031	-0.0069	-0.0122	-0.0025	0.0054	0.0008	0.0410
53	0.0009	0.0049	0.0002	-0.0016	0.0051	-0.0007	0.0169	-0.0037	-0.0052	-0.0007	0.0049	-0.0003	0.0015	-0.0024	-0.0161	-0.0049	-0.0050	-0.0002	0.0064	0.0001	0.0409
146	0.0012	0.0048	0.0026	-0.0133	0.0049	0.0096	0.0034	-0.0017	-0.0062	-0.0017	0.0047	-0.0012	0.0027	0.0011	-0.0114	-0.0026	-0.0027	-0.0000	0.0059	0.0000	0.0409
461	0.0011	-0.0019	0.0012	-0.0021	0.0062	-0.0009	-0.0018	-0.0047	-0.0114	-0.0016	0.0061	-0.0023	0.0027	0.0001	-0.0115	-0.0008	-0.0012	-0.0003	0.0081	0.0152	0.0407
4	-0.0005	0.0029	0.0004	-0.0027	0.0031	-0.0007	0.0014	-0.0060	-0.0096	0.0251	0.0028	-0.0039	-0.0024	-0.0029	-0.0011	-0.0057	-0.0017	-0.0033	0.0042	0.0008	0.0406
213	0.0008	-0.0010	-0.0014	-0.0018	0.0042	-0.0005	0.0001	-0.0038	-0.0099	-0.0005	0.0047	-0.0022	0.0021	-0.0000	-0.0088	-0.0068	-0.0034	-0.0004	0.0062	0.0223	0.0404
534	-0.0059	0.0025	0.0007	-0.0015	0.0026	-0.0012	-0.0013	-0.0058	-0.0067	-0.0027	0.0024	-0.0055	-0.0023	-0.0004	-0.0005	-0.0056	0.0287	-0.0008	0.0033	0.0000	0.0402
17	0.0002	0.0051	0.0122	-0.0036	0.0053	-0.0024	0.0023	-0.0007	-0.0082	-0.0006	0.0051	-0.0126	0.0024	0.0003	-0.0088	-0.0011	-0.0009	-0.0007	0.0066	0.0002	0.0396
260	-0.0014	-0.0004	-0.0002	-0.0023	0.0015	-0.0018	-0.0032	-0.0024	-0.0126	-0.0035	0.0014	0.0302	-0.0003	-0.0013	-0.0019	-0.0065	0.0037	-0.0015	0.0023	0.0001	0.0392
480	-0.0007	0.0011	0.0005	-0.0005	0.0276	-0.0019	0.0015	-0.0013	-0.0006	-0.0085	0.0032	-0.0041	0.0007	-0.0012	-0.0097	-0.0058	-0.0017	-0.0018	0.0046	-0.0012	0.0392
130	-0.0012	0.0049	0.0007	-0.0059	0.0151	-0.0039	0.0027	-0.0105	-0.0029	-0.0019	0.0058	-0.0022	0.0011	-0.0020	-0.0007	-0.0004	-0.0035	-0.0040	0.0085	0.0004	0.0392
375	0.0012	0.0039	-0.0095	-0.0011	0.0049	0.0111	0.0034	-0.0020	-0.0040	-0.0019	0.0048	-0.0015	0.0026	0.0010	-0.0074	-0.0086	-0.0030	-0.0000	0.0059	0.0003	0.0391
345	-0.0008	0.0054	-0.0002	-0.0003	0.0148	-0.0014	0.0029	-0.0101	-0.0003	-0.0155	0.0065	-0.0015	-0.0006	-0.0004	-0.0014	-0.0009	-0.0010	-0.0045	0.0095	0.0000	0.0391
559	0.0011	0.0047	0.0021	-0.0028	0.0049	-0.0003	0.0007	-0.0030	-0.0116	-0.0003	0.0046	-0.0029	0.0011	0.0134	-0.0099	-0.0041	-0.0041	0.0001	0.0060	0.0000	0.0389
58	-0.0014	0.0163	-0.0018	-0.0041	0.0065	-0.0027	-0.0012	-0.0077	-0.0013	-0.0033	0.0070	-0.0065	-0.0005	-0.0011	-0.0005	-0.0006	-0.0010	-0.0017	0.0088	-0.0030	0.0386
150	0.0312	0.0015	-0.0006	-0.0015	0.0016	-0.0028	0.0004	-0.0017	-0.0022	-0.0050	0.0015	-0.0033	-0.0005	-0.0013	-0.0017	-0.0053	-0.0092	-0.0035	0.0024	0.0000	0.0386
428	0.0002	0.0051	0.0117	-0.0038	0.0052	-0.0064	0.0022	-0.0013	-0.0035	-0.0033	0.0050	-0.0078	0.0023	0.0002	-0.0027	-0.0049	-0.0031	-0.0017	0.0065	0.0001	0.0385
33	-0.0007	0.0051	0.0103	-0.0039	0.0053	-0.0055	0.0023	-0.0012	-0.0009	-0.0037	0.0051	-0.0109	0.0022	-0.0001	-0.0042	-0.0008	-0.0055	-0.0011	0.0067	0.0016	0.0385
215	-0.0011	-0.0017	0.0005	-0.0004	-0.0013	-0.0015	-0.0008	-0.0039	-0.0025	-0.0038	0.0028	-0.0033	-0.0001	-0.0009	-0.0080	0.0311	-0.0078	-0.0012	0.0039	0.0001	0.0383
92	-0.0002	0.0045	-0.0023	-0.0011	0.0056	-0.0030	-0.0014	-0.0004	-0.0071	-0.0142	0.0052	-0.0036	-0.0016	-0.0006	-0.0002	-0.0011	-0.0006	-0.0007	0.0229	0.0000	0.0383
464	-0.0023	0.0040	0.0020	-0.0045	0.0041	-0.0015	0.0027	-0.0138	-0.0033	-0.0033	0.0037	-0.0015	0.0021	0.0007	-0.0023	-0.0028	-0.0028	0.0139	0.0050	0.0000	0.0381
501	0.0010	-0.0049	-0.0001	-0.0013	0.0039	-0.0005	-0.0005	-0.0032	-0.0023	-0.0031	0.0046	-0.0044	0.0021	0.0002	-0.0080	-0.0052	-0.0044	-0.0001	0.0059	0.0204	0.0381
457	-0.0033	0.0045	0.0023	-0.0051	0.0046	-0.0003	0.0031	-0.0015	-0.0061	-0.0022	-0.0133	-0.0012	0.0025	0.0011	-0.0010	-0.0026	-0.0014	0.0144	0.0055	0.0000	0.0381
560	-0.0012	0.0213	0.0004	-0.0017	0.0044	-0.0010	0.0019	-0.0077	-0.0012	-0.0076	0.0044	-0.0026	-0.0003	-0.0023	-0.0019	-0.0005	-0.0030	-0.0027	0.0055	-0.0042	0.0379
451	-0.0000	0.0046	0.0132	-0.0058	0.0047	-0.0046	0.0021	-0.0026	-0.0025	-0.0006	0.0045	-0.0102	0.0023	0.0006	-0.0034	-0.0036	-0.0037	-0.0009	0.0057	0.0001	0.0377
311	-0.0030	-0.0001	-0.0032	-0.0008	0.0000	-0.0040	0.0367	-0.0010	-0.0002	-0.0001	-0.0004	-0.0075	-0.0003	-0.0007	-0.0006	-0.0072	-0.0071	-0.0016	0.0009	0.0000	0.0376
292	0.0376	-0.0007	-0.0031	-0.0005	-0.0006	-0.0010	-0.0017	-0.0010	-0.0010	-0.0004	-0.0019	-0.0024	-0.0001	-0.0001	-0.0017	-0.0073	-0.0039	-0.0102	0.0001	0.0000	0.0376
556	0.0009	0.0050	0.0025	-0.0022	0.0052	0.0103	0.0034	-0.0008	-0.0074	-0.0023	0.0050	-0.0019	-0.0005	0.0007	-0.0165	-0.0034	-0.0018	-0.0007	0.0045	0.0000	0.0376
113	-0.0004	0.0037	0.0198	-0.0048	0.0038	-0.0077	0.0014	-0.0001	-0.0011	-0.0041	0.0036	-0.0097	-0.0012	-0.0007	-0.0010	-0.0054	-0.0011	-0.0002	0.0050	0.0002	0.0376
493	0.0006	-0.0019	0.0011	-0.0009	0.0029	-0.0036	0.0018	-0.0047	-0.0053	-0.0020	0.0027	-0.0066	0.0012	0.0001	-0.0075	0.0272	-0.0030	-0.0019	-0.0002	0.0000	0.0376
540	-0.0030	0.0158	-0.0015	-0.0009	-0.0003	0.0164	-0.0010	-0.0106	-0.0001	0.0026	-0.0032	-0.0017	-0.0012	-0.0008	-0.0008	-0.0005	-0.0066	-0.0052	0.0028	-0.0000	0.0375
399	0.0006	0.0040	0.0000	0.0220	0.0041	-0.0104	0.0026	-0.0024	-0.0034	-0.0028	0.0039	-0.0019	-0.0004	0.0001	-0.0063	-0.0033	-0.0034	-0.0029	-0.0003	0.0000	0.0374
541	-0.0003	0.0033	-0.0002	-0.0025	-0.0037	-0.0017	-0.0032	-0.0071	-0.0032	0.0254	0.0032	-0.0001	-0.0021	-0.0010	-0.0001	-0.0040	-0.0055	-0.0026	0.0045	0.0009	0.0374
391	-0.0013	0.0032	0.0013	-0.0010	0.0033	-0.0004	0.0020	-0.0088	-0.0087	-0.0023	0.0032	-0.0019	-0.0009	0.0001	-0.0064	-0.0039	0.0188	-0.0018	0.0041	0.0013	0.0374
30	0.0003	0.0054	0.0152	-0.0029	0.0055	-0.0045	0.0030	-0.0019	-0.0084	-0.0008	-0.0003	-0.0122	-0.0005	0.0008	-0.0009	-0.0004	-0.0040	-0.0001	0.0067	0.0001	0.0371
470	0.0004	0.0031	-0.0032	-0.0013	0.0032	-0.0007	0.0003	-0.0019	-0.0081	-0.0027	0.0030	0.0204	0.0012	-0.0002	-0.0063	-0.0080	-0.0040	-0.0004	0.0040	0.0012	0.0368
504	0.0010	-0.0044	0.0009	-0.0018	0.0050	-0.0007	-0.0004	-0.0041	-0.0082	-0.0006	0.0054	-0.0058	0.0024	0.0001	-0.0024	-0.0025	-0.0055	-0.0002	0.0071	0.0147	0.0367
402	0.0011	0.0036	-0.0031	-0.0006	0.0037	0.0001	0.0015	-0.0036	-0.0134	-0.0017	0.0035	0.0175	-0.0007	0.0005	-0.0051	-0.0050	-0.0034	0.0003	0.0045	0.0003	0.0367
426	-0.0039	0.0043	-0.0018	-0.0013	0.0033	-0.0013	0.0027	-0.0082	-0.0051	-0.0040	0.0042	-0.0008	0.0020	0.0002	-0.0020	-0.0041	-0.0041	0.0122	0.0055	0.0021	0.0365
363	-0.0008	0.0048	-0.0010	-0.0021	0.0065	-0.0019	-0.0009	-0.0043	-0.0039	-0.0108	0.0058	-0.0023	-0.0001	-0.0004	-0.0001	-0.0008	-0.0026	-0.0024	0.0192	-0.0020	0.0364
56	-0.0002	0.0031	0.0007	-0.0002	0.0033	-0.0015	0.0016	-0.0009	0.0201	-0.0040	0.0031	-0.0093	-0.0004	-0.0031	-0.0143	-0.0004	-0.0006	-0.0011	0.0043	0.0000	0.0361
123	-0.0008	0.0026	0.0006	-0.0020	0.0027	-0.0013	0.0013	-0.0034	-0.0012	-0.0089	0.0026	-0.0033	-0.0008	-0.0007	-0.0071	0.0218	-0.0057	-0.0010	0.0036	0.0008	0.0360
42	-0.0016	0.0041	0.0017	-0.0032	0.0043	-0.0018	0.0026	-0.0031	-0.0081	-0.0001	-0.0033	-0.0025	0.0018	0.0001	-0.0039	-0.0041	-0.0042	0.0140	0.0053	0.0019	0.0359
329	-0.0013	0.0061	0.0007	-0.0008	0.0064	-0.0021	-0.0003	-0.0040	-0.0013	-0.0107	0.0137	-0.0038	-0.0002	-0.0013	-0.0050	-0.0013	-0.0035	-0.0002	0.0088	0.0000	0.0357
358	0.0008	0.0043	0.0020	-0.0084	0.0044	0.0089	0.0028	-0.0026	-0.0058	-0.0015	0.0043	-0.0014	0.0021	0.0005	-0.0081	-0.0035	-0.0032	-0.0011	0.0054	0.0001	0.0356
479	-0.0006	0.0166	-0.0006	-0.0008	0.0039	-0.0017	0.0031	-0.0004	-0.0039	-0.0029	0.0047	-0.0021	0.0023	-0.0005	-0.0089	-0.0009	-0.0023	0.0001	0.0050	-0.0100	0.0356
44	0.0004	0.0047	0.0005	-0.0024	0.0049	-0.0013	0.0142	-0.0005	-0.0005	-0.0072	0.0046	-0.0068	-0.0003	-0.0029	-0.0010	-0.0060	-0.0007	-0.0004	0.0063	-0.0056	0.0356
312	-0.0027	-0.0001	-0.0002	-0.0009	0.0015	-0.0026	-0.0004	-0.0003	-0.0122	-0.0005	-0.0002	-0.0001	0.0311	-0.0001	-0.0127	-0.0004	-0.0008	-0.0015	0.0027	0.0002	0.0356
412	-0.0023	0.0045	-0.0005	-0.0008	0.0153	-0.0061	0.0017	-0.0020	-0.0026	-0.0027	0.0054	-0.0058	-0.0001	-0.0044	-0.0015	-0.0034	-0.0012	-0.0011	0.0085	-0.0008	0.0355
24	0.0004	0.0034	-0.0003	-0.0004	0.0035	-0.0021	0.0204	-0.0031	-0.0076	-0.0035	0.0033	-0.0002	-0.0018	-0.0036	-0.0002	-0.0040	-0.0041	-0.0005	0.0045	-0.0039	0.0355
165	-0.0005	0.0047	-0.0013	-0.0011	0.0062	-0.0020	-0.0006	-0.0007	-0.0005	-0.0011	0.0057	-0.0007	-0.0013	-0.0008	-0.0186	-0.0033	-0.0020	-0.0005	0.0187	0.0000	0.0353
318	-0.0022	0.0135	0.0000	-0.0012	0.0055	-0.0010	0.0022	-0.0059	-0.0021	-0.0043	0.0059	-0.0062	-0.0006	-0.0038	-0.0023	-0.0009	-0.0004	-0.0045	0.0082	0.0001	0.0353
50	-0.0017	0.0019	-0.0030	0.0257	0.0020	-0.0005	0.0004	-0.0049	-0.0013	-0.0049	0.0019	-0.0009	-0.0001	-0.0021	-0.0059	-0.0015	-0.0060	-0.0025	0.0030	0.0002	0.0352
510	0.0005	0.0032	-0.0008	-0.0012	-0.0002	-0.0005	0.0020	-0.0076	-0.0066	0.0205	0.0031	-0.0021	0.0014	-0.0000	-0.0061	-0.0057	-0.0034	-0.0009	0.0041	0.0003	0.0352
141	-0.0007	-0.0018	-0.0015	-0.0053	-0.0005	-0.0027	-0.0022	-0.0027	0.0351	-0.0008	-0.0006	-0.0004	-0.0022	-0.0032	-0.0018	-0.0041	-0.0009	-0.0021	-0.0016	-0.0000	0.0351
20	-0.0016	0.0153	0.0002	-0.0004	0.0044	-0.0001	0.0021	-0.0002	-0.0114	-0.0061	0.0052	-0.0015	0.0006	-0.0026	-0.0013	-0.0047	-0.0013	-0.0036	0.0072	0.0000	0.0350
553	0.0001	0.0239	-0.0004	-0.0014	0.0031	-0.0011	-0.0006	-0.0042	-0.0023	-0.0041	0.0038	-0.0009	-0.0005	-0.0006	-0.0008	-0.0120	-0.0054	-0.0009	0.0039	0.0001	0.0350
62	-0.0014	0.0044	0.0019	-0.0054	0.0045	0.0109	0.0027	-0.0006	-0.0080	-0.0006	0.0043	-0.0024	-0.0005	0.0003	-0.0071	-0.0040	-0.0040	-0.0008	0.0056	0.0000	0.0347
307	-0.0030	0.0047	-0.0004	-0.0060	0.0137	-0.0018	0.0017	-0.0012	-0.0048	-0.0029	0.0056	-0.0003	-0.0002	-0.0026	-0.0010	-0.0032	-0.0035	-0.0039	0.0088	0.0001	0.0347
114	0.0004	-0.0005	-0.0014	-0.0014	0.0017	-0.0007	-0.0056	-0.0029	-0.0012	-0.0028	0.0032	-0.0067	0.0013	-0.0002	-0.0027	-0.0041	-0.0038	-0.0004	0.0042	0.0239	0.0347
16	0.0094	0.0045	0.0018	-0.0017	0.0047	-0.0012	0.0028	-0.0034	-0.0088	-0.0017	0.0045	-0.0028	0.0009	0.0001	-0.0010	-0.0052	-0.0020	-0.0068	0.0058	0.0000	0.0345
563	-0.0007	0.0178	0.0005	-0.0043	0.0039	-0.0017	0.0018	-0.0063	-0.0013	-0.0006	0.0038	-0.0051	0.0007	-0.0016	-0.0008	-0.0019	-0.0014	-0.0019	0.0059	-0.0068	0.0345
487	-0.0001	0.0030	0.0087	-0.0027	-0.0004	-0.0027	-0.0006	-0.0013	-0.0018	-0.0028	0.0029	0.0147	0.0011	-0.0003	-0.0065	-0.0086	-0.0054	-0.0012	0.0039	0.0001	0.0344
518	-0.0036	0.0041	-0.0006	-0.0036	0.0042	-0.0008	0.0028	-0.0020	-0.0015	-0.0025	-0.0084	-0.0015	0.0022	0.0007	-0.0056	-0.0013	-0.0028	0.0148	0.0051	0.0003	0.0342
251	0.0002	-0.0003	0.0018	-0.0018	0.0049	-0.0008	0.0015	-0.0038	-0.0014	-0.0005	0.0046	-0.0032	0.0146	-0.0001	-0.0097	-0.0105	-0.0008	-0.0008	0.0061	0.0000	0.0337
530	0.0111	0.0041	0.0016	-0.0019	0.0042	-0.0016	0.0025	-0.0033	-0.0007	-0.0032	0.0040	-0.0020	0.0006	-0.0000	-0.0007	-0.0049	-0.0107	-0.0043	0.0053	0.0000	0.0335
401	-0.0007	0.0028	0.0002	-0.0002	0.0029	-0.0005	-0.0002	-0.0080	-0.0014	-0.0054	0.0234	-0.0041	-0.0004	-0.0005	-0.0018	-0.0007	-0.0036	-0.0058	0.0040	0.0001	0.0335
448	-0.0006	0.0039	0.0022	-0.0000	0.0040	-0.0063	0.0028	-0.0013	-0.0196	-0.0006	0.0025	-0.0009	0.0023	0.0010	0.0101	-0.0010	-0.0027	-0.0005	0.0045	0.0001	0.0334
531	0.0010	0.0037	0.0017	-0.0007	0.0027	-0.0000	0.0025	0.0119	-0.0060	-0.0037	0.0028	-0.0048	0.0019	0.0005	-0.0056	-0.0015	-0.0057	-0.0052	0.0046	0.0001	0.0333
322	-0.0003	-0.0003	-0.0004	-0.0001	-0.0002	-0.0005	-0.0004	-0.0116	-0.0003	-0.0072	-0.0004	-0.0057	-0.0019	-0.0004	-0.0001	-0.0007	-0.0025	0.0332	-0.0003	-0.0000	0.0332
532	0.0005	0.0001	0.0004	-0.0022	0.0036	-0.0012	0.0008	-0.0021	-0.0039	-0.0043	0.0046	-0.0051	0.0018	-0.0004	-0.0016	-0.0075	-0.0042	-0.0007	0.0061	0.0153	0.0332
494	-0.0033	0.0041	0.0020	-0.0049	0.0042	-0.0004	0.0027	-0.0052	-0.0020	-0.0003	-0.0029	-0.0017	0.0021	0.0006	-0.0060	-0.0030	-0.0031	0.0117	0.0051	0.0003	0.0328
427	-0.0007	0.0039	0.0130	-0.0033	0.0041	-0.0012	0.0010	-0.0029	-0.0022	-0.0006	0.0039	-0.0083	0.0016	-0.0003	-0.0019	-0.0045	-0.0047	-0.0021	0.0052	0.0001	0.0327
430	-0.0004	0.0024	0.0007	-0.0031	0.0173	-0.0021	0.0019	-0.0067	-0.0019	-0.0070	0.0038	-0.0046	0.0010	-0.0013	-0.0027	-0.0005	-0.0006	-0.0018	0.0053	0.0001	0.0325
265	0.0089	0.0043	0.0016	-0.0007	0.0045	-0.0018	0.0026	-0.0037	-0.0018	-0.0035	0.0043	-0.0007	0.0007	-0.0002	-0.0003	-0.0057	-0.0114	-0.0028	0.0057	0.0000	0.0325
535	-0.0039	0.0040	-0.0006	-0.0001	0.0036	-0.0009	0.0023	-0.0119	-0.0001	-0.0043	0.0039	-0.0032	-0.0001	-0.0001	-0.0007	-0.0014	-0.0049	0.0134	0.0053	0.0000	0.0325
413	0.0007	0.0032	-0.0091	-0.0005	0.0034	-0.0004	0.0012	-0.0023	-0.0095	-0.0002	0.0032	0.0149	0.0015	0.0001	-0.0013	-0.0054	-0.0037	-0.0001	0.0042	0.0001	0.0324
395	0.0003	0.0025	-0.0049	-0.0013	0.0026	-0.0006	0.0005	-0.0015	-0.0075	-0.0023	0.0025	0.0204	-0.0001	-0.0002	-0.0052	-0.0041	-0.0041	-0.0004	0.0033	0.0000	0.0320
478	-0.0011	0.0038	0.0015	-0.0044	0.0039	0.0096	0.0024	-0.0029	-0.0076	-0.0028	0.0038	-0.0024	0.0017	0.0001	-0.0051	-0.0014	-0.0035	-0.0008	0.0041	0.0012	0.0320
361	-0.0005	0.0048	0.0091	-0.0048	0.0050	-0.0013	0.0020	-0.0014	-0.0034	-0.0013	0.0047	-0.0106	-0.0003	-0.0004	-0.0015	-0.0047	-0.0012	-0.0005	0.0063	0.0000	0.0319
436	0.0007	0.0009	0.0010	-0.0020	0.0046	-0.0010	-0.0008	-0.0043	-0.0015	-0.0042	0.0051	-0.0056	0.0021	-0.0001	-0.0027	-0.0061	-0.0030	-0.0005	0.0067	0.0107	0.0318
120	0.0006	0.0039	0.0015	-0.0021	0.0041	-0.0004	0.0016	-0.0011	-0.0020	-0.0043	0.0039	-0.0026	-0.0002	0.0092	-0.0104	-0.0041	-0.0042	-0.0003	0.0051	0.0018	0.0317
84	-0.0036	0.0017	-0.0014	0.0234	0.0018	-0.0034	0.0000	-0.0005	-0.0003	-0.0060	0.0016	-0.0012	-0.0008	-0.0039	-0.0004	-0.0022	-0.0072	-0.0007	0.0030	0.0001	0.0316
305	-0.0009	0.0011	-0.0002	-0.0021	-0.0022	-0.0002	-0.0025	-0.0006	-0.0060	0.0276	0.0010	-0.0010	-0.0002	-0.0013	-0.0060	-0.0037	-0.0029	-0.0020	0.0018	0.0001	0.0316
7	0.0008	0.0039	0.0016	-0.0012	0.0041	-0.0004	0.0025	-0.0028	-0.0019	0.0117	0.0015	-0.0013	-0.0036	-0.0021	-0.0089	-0.0037	-0.0038	-0.0017	0.0050	0.0002	0.0314
54	-0.0005	0.0041	-0.0034	-0.0010	0.0040	-0.0002	0.0011	-0.0026	-0.0106	-0.0007	0.0040	0.0106	0.0020	0.0004	-0.0016	-0.0065	-0.0043	0.0001	0.0052	0.0000	0.0314
416	0.0004	0.0041	0.0009	0.0074	0.0042	-0.0029	0.0028	-0.0019	-0.0140	-0.0018	0.0041	-0.0015	0.0022	-0.0000	-0.0055	-0.0011	-0.0021	-0.0003	0.0051	0.0000	0.0313
382	0.0017	-0.0041	-0.0001	-0.0046	-0.0002	-0.0004	-0.0005	-0.0016	-0.0027	-0.0013	-0.0007	-0.0067	-0.0003	-0.0052	-0.0002	0.0296	-0.0021	-0.0004	-0.0001	0.0000	0.0313
340	0.0005	0.0037	0.0014	-0.0019	0.0038	-0.0008	0.0014	-0.0032	-0.0007	-0.0009	0.0036	-0.0026	-0.0002	0.0119	-0.0121	-0.0042	-0.0042	-0.0004	0.0048	0.0000	0.0312
423	0.0009	0.0037	-0.0042	-0.0009	0.0038	-0.0002	0.0015	-0.0027	-0.0125	-0.0022	0.0037	0.0097	0.0018	0.0004	-0.0015	-0.0019	-0.0050	0.0001	0.0047	0.0008	0.0311
303	0.0012	0.0022	0.0018	-0.0003	0.0036	-0.0017	0.0024	-0.0031	-0.0050	-0.0015	0.0035	-0.0154	0.0019	0.0007	-0.0011	0.0085	-0.0029	0.0005	0.0044	0.0002	0.0310
371	-0.0003	-0.0004	0.0005	0.0173	0.0034	-0.0085	0.0019	-0.0021	-0.0054	-0.0029	0.0032	-0.0025	-0.0004	-0.0015	-0.0005	-0.0039	-0.0023	-0.0002	0.0043	0.0002	0.0309
442	-0.0008	0.0027	-0.0022	-0.0016	0.0016	-0.0005	0.0015	-0.0055	-0.0069	-0.0039	0.0027	-0.0026	-0.0007	-0.0005	-0.0012	-0.0005	-0.0039	0.0187	0.0037	0.0000	0.0308
258	-0.0010	0.0041	0.0010	0.0092	0.0042	-0.0086	0.0029	-0.0018	-0.0071	-0.0003	0.0041	-0.0014	-0.0001	-0.0003	-0.0055	-0.0025	-0.0015	-0.0007	0.0051	0.0000	0.0308
40	-0.0031	0.0045	0.0022	-0.0041	0.0046	-0.0013	0.0030	-0.0022	-0.0052	-0.0040	-0.0038	-0.0017	-0.0004	0.0007	-0.0011	-0.0005	-0.0032	0.0100	0.0056	0.0000	0.0307
240	-0.0010	0.0041	0.0018	-0.0135	0.0042	0.0070	0.0026	-0.0009	-0.0025	-0.0005	0.0040	-0.0021	0.0019	0.0003	-0.0013	-0.0044	-0.0038	-0.0008	0.0047	0.0000	0.0307
476	-0.0003	0.0039	0.0016	-0.0027	0.0040	0.0079	0.0025	-0.0004	-0.0073	-0.0027	0.0038	-0.0022	0.0018	0.0002	-0.0062	-0.0037	-0.0038	-0.0013	0.0048	0.0001	0.0306
259	0.0093	0.0040	0.0015	-0.0007	0.0041	-0.0019	0.0024	-0.0028	-0.0042	-0.0034	0.0039	-0.0029	-0.0005	-0.0002	-0.0002	-0.0049	-0.0070	-0.0019	0.0052	0.0000	0.0305
71	-0.0033	0.0133	-0.0007	-0.0012	0.0044	-0.0008	0.0012	-0.0038	-0.0046	-0.0012	0.0047	-0.0008	-0.0009	-0.0037	-0.0023	-0.0007	-0.0010	-0.0056	0.0068	0.0001	0.0304
23	0.0006	-0.0005	0.0002	-0.0020	0.0043	-0.0001	-0.0031	-0.0041	-0.0101	-0.0019	0.0046	-0.0004	0.0019	-0.0002	-0.0010	-0.0011	-0.0054	-0.0005	0.0062	0.0126	0.0304
83	-0.0005	0.0126	-0.0007	-0.0010	0.0048	-0.0003	-0.0002	-0.0003	-0.0014	-0.0001	0.0052	-0.0043	-0.0003	-0.0015	-0.0114	-0.0023	-0.0005	-0.0053	0.0076	0.0000	0.0302
266	-0.0007	0.0043	0.0009	-0.0005	0.0044	-0.0002	0.0022	-0.0012	-0.0017	-0.0088	0.0042	-0.0048	0.0084	-0.0021	-0.0090	-0.0005	-0.0004	-0.0004	0.0059	0.0000	0.0302
453	0.0001	0.0033	-0.0006	-0.0019	0.0034	-0.0011	0.0151	-0.0035	-0.0082	-0.0015	0.0033	-0.0005	-0.0004	-0.0057	-0.0007	-0.0005	-0.0045	-0.0007	0.0044	0.0000	0.0297
164	-0.0005	0.0030	0.0003	-0.0023	0.0027	-0.0016	0.0010	-0.0077	-0.0049	0.0093	0.0029	-0.0034	-0.0001	-0.0016	-0.0023	-0.0045	-0.0006	0.0058	0.0041	0.0005	0.0295
76	-0.0005	0.0030	-0.0012	-0.0019	0.0051	-0.0023	-0.0021	-0.0060	-0.0007	-0.0024	0.0042	-0.0015	-0.0002	-0.0007	-0.0006	-0.0018	-0.0012	-0.0062	0.0170	0.0001	0.0294
297	-0.0010	0.0044	0.0010	-0.0030	0.0045	-0.0019	-0.0007	-0.0009	-0.0023	-0.0005	0.0043	-0.0015	0.0091	-0.0011	-0.0005	-0.0105	-0.0040	-0.0014	0.0059	0.0001	0.0293
245	-0.0016	-0.0034	-0.0002	-0.0034	0.0013	-0.0035	-0.0000	-0.0062	-0.0002	-0.0069	0.0029	-0.0001	-0.0004	-0.0017	-0.0002	-0.0001	-0.0010	-0.0004	0.0046	0.0204	0.0292
116	0.0003	0.0040	0.0004	0.0068	0.0041	-0.0043	0.0027	-0.0021	-0.0163	-0.0002	0.0039	-0.0016	0.0021	-0.0004	-0.0005	-0.0006	-0.0030	-0.0003	0.0050	0.0000	0.0292
536	0.0097	0.0049	-0.0002	-0.0004	-0.0002	-0.0015	0.0033	-0.0028	-0.0005	-0.0027	0.0048	-0.0002	-0.0003	-0.0006	-0.0001	-0.0039	-0.0084	-0.0070	0.0062	0.0000	0.0289
396	-0.0016	0.0010	-0.0008	-0.0028	-0.0017	-0.0022	0.0004	-0.0004	-0.0014	-0.0030	0.0016	-0.0037	-0.0004	-0.0016	-0.0014	0.0233	-0.0058	-0.0019	0.0026	0.0000	0.0288
25	0.0181	0.0022	-0.0001	-0.0003	0.0024	-0.0002	0.0005	-0.0006	-0.0006	-0.0005	0.0021	-0.0054	-0.0008	-0.0024	-0.0002	-0.0087	-0.0042	-0.0045	0.0035	-0.0003	0.0287
561	0.0010	0.0032	0.0016	-0.0004	-0.0004	-0.0033	0.0022	-0.0027	-0.0119	-0.0015	0.0031	-0.0011	-0.0008	0.0004	0.0125	-0.0036	-0.0029	0.0004	0.0040	0.0000	0.0286
197	-0.0017	0.0039	0.0005	-0.0035	0.0041	-0.0024	0.0018	-0.0038	-0.0017	-0.0006	0.0038	-0.0042	0.0087	-0.0002	-0.0025	-0.0037	-0.0021	-0.0019	0.0055	0.0001	0.0284
437	0.0007	0.0036	-0.0024	-0.0010	0.0037	-0.0004	0.0014	-0.0040	-0.0075	-0.0024	0.0035	0.0090	0.0016	0.0002	-0.0013	-0.0038	-0.0054	-0.0001	0.0046	0.0000	0.0283
499	0.0000	-0.0006	0.0002	-0.0021	0.0044	-0.0013	-0.0009	-0.0013	-0.0039	-0.0055	0.0048	-0.0046	0.0016	-0.0009	-0.0015	-0.0015	-0.0034	-0.0009	0.0067	0.0106	0.0283
404	0.0001	0.0029	0.0009	-0.0015	0.0030	-0.0011	-0.0003	-0.0021	-0.0064	-0.0003	0.0029	-0.0015	-0.0013	0.0183	-0.0088	-0.0007	-0.0030	-0.0007	-0.0004	0.0000	0.0282
351	-0.0041	0.0035	-0.0008	-0.0011	0.0121	-0.0019	0.0006	-0.0038	-0.0003	-0.0064	0.0044	-0.0002	-0.0013	-0.0008	-0.0004	-0.0005	-0.0006	-0.0059	0.0076	0.0001	0.0281
366	-0.0006	-0.0029	-0.0020	-0.0018	0.0040	-0.0009	-0.0013	-0.0012	-0.0011	-0.0018	0.0040	-0.0109	0.0002	-0.0002	-0.0003	-0.0008	-0.0018	-0.0006	0.0062	0.0137	0.0281
192	-0.0003	-0.0002	-0.0003	-0.0015	0.0052	-0.0002	-0.0013	-0.0001	-0.0088	-0.0003	0.0045	-0.0002	-0.0004	-0.0009	-0.0004	-0.0016	-0.0002	-0.0081	0.0184	-0.0032	0.0281
357	-0.0013	0.0022	0.0003	-0.0021	0.0023	-0.0001	0.0010	-0.0057	-0.0001	-0.0034	-0.0003	-0.0049	-0.0001	-0.0010	-0.0006	-0.0072	0.0189	-0.0012	0.0031	0.0003	0.0280
133	-0.0047	-0.0027	-0.0016	-0.0018	0.0146	-0.0002	-0.0013	-0.0016	-0.0067	-0.0013	0.0051	-0.0008	-0.0002	-0.0009	-0.0007	-0.0006	-0.0009	-0.0010	0.0082	-0.0011	0.0279
300	0.0086	0.0038	-0.0018	-0.0019	0.0039	-0.0023	0.0022	-0.0018	-0.0002	-0.0013	0.0037	-0.0031	0.0003	-0.0004	-0.0042	-0.0052	-0.0008	-0.0047	0.0050	0.0002	0.0278
400	0.0004	0.0026	-0.0002	-0.0023	0.0027	-0.0004	0.0016	-0.0026	0.0133	-0.0020	0.0026	-0.0035	0.0011	-0.0007	-0.0096	-0.0027	-0.0036	-0.0002	0.0034	0.0000	0.0278
349	0.0090	0.0038	-0.0002	-0.0020	0.0039	-0.0021	0.0021	-0.0020	-0.0070	-0.0023	0.0037	-0.0008	-0.0000	-0.0005	-0.0009	-0.0053	-0.0023	-0.0022	0.0050	0.0001	0.0277
463	0.0004	0.0025	0.0010	-0.0036	0.0026	-0.0004	0.0015	-0.0031	0.0128	-0.0019	0.0024	-0.0037	0.0011	-0.0006	-0.0079	-0.0026	-0.0037	-0.0002	0.0032	0.0001	0.0277
31	-0.0074	0.0031	-0.0002	-0.0007	0.0032	-0.0001	0.0021	-0.0006	-0.0031	-0.0018	0.0031	-0.0039	-0.0001	0.0003	-0.0049	-0.0046	0.0115	0.0001	0.0039	0.0000	0.0274
440	-0.0007	0.0036	0.0014	-0.0013	0.0027	-0.0005	0.0023	-0.0029	-0.0039	0.0091	0.0029	-0.0023	0.0013	-0.0001	-0.0068	-0.0040	-0.0038	-0.0011	0.0040	0.0000	0.0274
80	0.0014	0.0043	-0.0020	-0.0004	-0.0002	0.0003	0.0025	-0.0031	-0.0091	-0.0017	0.0042	0.0078	-0.0001	0.0009	-0.0010	-0.0062	-0.0036	0.0006	0.0053	0.0000	0.0273
306	-0.0018	0.0042	0.0008	-0.0012	0.0044	-0.0007	-0.0004	-0.0043	-0.0014	-0.0055	0.0041	-0.0015	0.0081	-0.0014	-0.0005	-0.0064	-0.0004	-0.0018	0.0058	0.0000	0.0273
557	-0.0020	-0.0013	-0.0001	-0.0016	-0.0041	-0.0005	0.0013	-0.0028	-0.0021	-0.0028	0.0024	-0.0024	-0.0001	-0.0005	-0.0019	0.0201	-0.0044	-0.0007	0.0033	0.0001	0.0273
372	0.0001	0.0037	0.0011	-0.0029	0.0038	-0.0013	-0.0008	-0.0011	-0.0034	-0.0045	0.0036	-0.0033	-0.0007	0.0088	-0.0010	-0.0050	-0.0024	-0.0008	0.0049	0.0011	0.0272
374	-0.0003	0.0018	0.0013	-0.0012	-0.0027	-0.0005	0.0021	-0.0026	-0.0066	-0.0019	0.0033	-0.0021	-0.0007	0.0000	-0.0028	0.0139	-0.0056	-0.0002	0.0043	0.0004	0.0272
415	-0.0001	0.0021	0.0005	-0.0015	0.0008	-0.0010	0.0011	-0.0043	-0.0060	0.0179	0.0018	-0.0023	0.0001	-0.0008	-0.0056	-0.0009	-0.0023	-0.0022	0.0025	0.0003	0.0271
47	-0.0002	0.0035	-0.0016	-0.0006	0.0036	-0.0003	0.0012	-0.0007	-0.0088	-0.0009	0.0034	0.0083	0.0018	0.0005	-0.0051	-0.0057	-0.0031	0.0003	0.0044	0.0000	0.0270
160	-0.0003	-0.0006	-0.0016	-0.0049	0.0042	-0.0003	-0.0017	-0.0019	-0.0004	-0.0009	0.0041	-0.0022	0.0005	-0.0025	-0.0002	-0.0015	-0.0071	-0.0008	0.0062	0.0120	0.0270
379	-0.0013	0.0038	0.0092	-0.0033	0.0039	-0.0021	0.0012	-0.0046	-0.0064	-0.0007	0.0037	-0.0037	-0.0005	-0.0009	-0.0011	-0.0005	-0.0009	-0.0012	0.0051	0.0000	0.0270
320	-0.0004	0.0012	-0.0000	-0.0010	0.0013	-0.0011	0.0004	-0.0026	0.0223	-0.0021	-0.0009	-0.0058	-0.0001	-0.0026	-0.0030	-0.0027	-0.0038	-0.0008	0.0018	0.0000	0.0270
445	-0.0003	0.0036	0.0003	0.0072	0.0037	-0.0066	0.0023	-0.0018	-0.0046	-0.0003	0.0036	-0.0020	0.0017	-0.0003	-0.0029	-0.0034	-0.0034	-0.0013	0.0046	0.0000	0.0270
326	0.0005	0.0030	-0.0006	-0.0002	-0.0001	-0.0004	0.0018	-0.0019	0.0149	-0.0004	0.0029	-0.0058	-0.0001	-0.0009	-0.0091	-0.0030	-0.0038	-0.0007	0.0038	0.0000	0.0269
104	-0.0001	0.0035	0.0013	-0.0068	0.0036	0.0072	0.0021	-0.0004	-0.0075	-0.0005	0.0034	-0.0023	0.0014	-0.0002	-0.0026	-0.0039	-0.0015	-0.0012	0.0045	0.0001	0.0269
195	-0.0010	0.0041	-0.0010	-0.0005	0.0043	-0.0004	0.0086	-0.0005	-0.0004	-0.0004	0.0040	-0.0031	-0.0004	-0.0057	-0.0121	-0.0004	-0.0008	-0.0002	0.0060	0.0000	0.0269
279	-0.0001	0.0033	0.0011	-0.0019	0.0035	0.0080	0.0019	-0.0032	-0.0014	-0.0032	0.0033	-0.0027	0.0013	-0.0003	-0.0033	-0.0041	-0.0042	-0.0024	0.0044	0.0001	0.0268
392	0.0008	0.0033	-0.0019	-0.0008	0.0034	-0.0001	0.0016	-0.0029	-0.0059	-0.0019	0.0033	0.0096	-0.0006	0.0003	-0.0053	-0.0040	-0.0032	0.0001	0.0042	0.0000	0.0267
26	0.0010	0.0036	-0.0026	-0.0005	0.0037	0.0001	0.0016	-0.0026	-0.0076	-0.0013	0.0035	0.0064	0.0019	0.0006	-0.0051	-0.0035	-0.0033	-0.0003	0.0044	0.0000	0.0267
128	-0.0009	0.0034	0.0001	0.0085	0.0035	-0.0007	0.0020	-0.0032	-0.0020	-0.0031	0.0033	-0.0026	0.0013	-0.0020	-0.0025	-0.0041	-0.0041	-0.0016	0.0044	0.0003	0.0267
533	-0.0010	0.0029	0.0011	-0.0010	0.0030	-0.0005	0.0018	-0.0023	-0.0058	-0.0052	0.0028	-0.0019	-0.0016	-0.0000	-0.0010	0.0112	-0.0060	-0.0002	0.0037	0.0001	0.0267
37	0.0005	0.0037	-0.0001	0.0076	0.0039	-0.0059	0.0025	-0.0023	-0.0024	-0.0003	0.0037	-0.0018	-0.0003	-0.0003	-0.0060	-0.0031	-0.0029	-0.0012	0.0047	0.0000	0.0266
119	0.0002	0.0039	0.0000	0.0072	0.0040	-0.0007	0.0026	-0.0008	-0.0113	-0.0009	0.0038	-0.0016	-0.0002	-0.0004	-0.0057	-0.0029	-0.0011	-0.0009	0.0049	0.0000	0.0266
356	-0.0001	0.0020	-0.0060	-0.0018	0.0044	-0.0034	-0.0003	-0.0032	-0.0002	-0.0021	0.0036	-0.0006	-0.0009	-0.0005	-0.0057	-0.0007	-0.0004	-0.0007	0.0164	0.0001	0.0265
72	0.0003	0.0018	-0.0001	-0.0013	-0.0005	-0.0048	0.0014	-0.0003	-0.0081	-0.0003	0.0028	0.0069	-0.0009	-0.0002	-0.0054	0.0096	-0.0040	-0.0007	0.0037	0.0000	0.0265
377	0.0126	0.0027	-0.0001	-0.0002	0.0028	-0.0006	0.0011	-0.0049	-0.0009	-0.0020	0.0026	-0.0009	-0.0018	-0.0004	-0.0003	-0.0066	-0.0045	-0.0033	0.0039	0.0007	0.0265
216	-0.0009	0.0038	0.0014	-0.0040	0.0039	-0.0013	0.0023	-0.0088	-0.0008	-0.0034	0.0031	-0.0012	-0.0003	-0.0002	-0.0013	-0.0004	-0.0039	0.0071	0.0049	0.0000	0.0265
503	-0.0001	0.0018	-0.0002	-0.0010	0.0019	-0.0008	0.0010	-0.0049	0.0155	-0.0021	0.0017	-0.0072	0.0005	-0.0024	0.0014	-0.0028	-0.0044	-0.0006	0.0025	0.0002	0.0264
347	0.0074	0.0039	-0.0015	-0.0008	0.0040	-0.0032	0.0020	-0.0005	-0.0045	-0.0031	0.0038	-0.0025	-0.0002	-0.0011	-0.0004	-0.0016	-0.0010	-0.0059	0.0053	0.0000	0.0263
472	0.0143	0.0026	-0.0001	-0.0011	0.0028	-0.0051	-0.0006	-0.0004	-0.0020	-0.0023	0.0025	-0.0008	-0.0008	-0.0005	-0.0032	-0.0007	-0.0012	-0.0070	0.0042	-0.0004	0.0263
465	-0.0002	0.0017	0.0003	-0.0082	0.0018	-0.0010	0.0008	-0.0016	0.0012	-0.0011	0.0017	-0.0036	0.0004	-0.0016	0.0160	-0.0030	-0.0051	-0.0008	0.0024	0.0002	0.0263
410	0.0002	0.0025	0.0008	-0.0045	0.0026	-0.0007	0.0014	-0.0035	0.0114	-0.0023	0.0024	-0.0053	0.0009	-0.0009	-0.0010	-0.0031	-0.0045	-0.0004	0.0033	0.0007	0.0263
429	-0.0005	0.0035	0.0012	-0.0071	0.0036	0.0068	0.0020	-0.0033	-0.0006	-0.0032	0.0034	-0.0028	0.0013	-0.0003	-0.0013	-0.0042	-0.0010	-0.0018	0.0043	0.0000	0.0262
384	0.0002	0.0036	0.0011	-0.0025	0.0037	-0.0010	-0.0008	-0.0009	-0.0017	-0.0055	0.0035	-0.0031	-0.0001	0.0091	-0.0011	-0.0047	-0.0042	-0.0007	0.0048	0.0000	0.0261
257	-0.0002	-0.0004	-0.0002	-0.0005	0.0153	-0.0003	0.0014	-0.0076	-0.0009	-0.0096	0.0036	-0.0002	-0.0002	-0.0009	-0.0001	-0.0002	-0.0014	-0.0034	0.0054	0.0004	0.0261
248	-0.0008	0.0028	-0.0001	-0.0004	0.0021	-0.0019	-0.0002	-0.0030	-0.0037	0.0163	0.0018	-0.0009	-0.0001	-0.0020	-0.0065	-0.0014	-0.0038	-0.0012	0.0031	0.0000	0.0261
107	0.0001	-0.0005	-0.0001	-0.0013	0.0043	-0.0017	-0.0015	-0.0052	-0.0011	-0.0019	0.0047	-0.0060	0.0016	-0.0004	-0.0012	-0.0013	-0.0027	-0.0012	0.0064	0.0089	0.0261
38	0.0005	0.0022	0.0009	-0.0069	0.0022	-0.0002	0.0014	-0.0007	0.0143	-0.0014	0.0007	-0.0060	0.0010	-0.0014	-0.0049	-0.0007	-0.0031	-0.0009	0.0028	0.0000	0.0260
131	-0.0011	0.0033	-0.0003	0.0086	0.0034	-0.0006	0.0019	-0.0033	-0.0031	-0.0032	0.0032	-0.0028	0.0012	-0.0011	-0.0025	-0.0042	-0.0025	-0.0013	0.0044	0.0000	0.0260
474	-0.0003	0.0031	-0.0004	0.0089	0.0033	-0.0009	0.0018	-0.0030	-0.0027	-0.0029	0.0031	-0.0025	0.0012	-0.0012	-0.0028	-0.0038	-0.0039	-0.0012	0.0041	0.0000	0.0256
81	-0.0018	0.0034	-0.0000	-0.0042	0.0036	-0.0014	0.0013	-0.0009	-0.0031	-0.0026	0.0033	-0.0017	0.0087	-0.0006	-0.0029	-0.0013	-0.0039	-0.0009	0.0050	0.0000	0.0253
456	0.0006	0.0034	-0.0021	-0.0012	0.0035	-0.0005	0.0010	-0.0011	-0.0092	-0.0025	0.0033	0.0091	-0.0004	-0.0001	-0.0003	-0.0030	-0.0047	-0.0002	0.0044	0.0000	0.0253
394	-0.0008	0.0020	-0.0002	-0.0002	0.0021	-0.0003	0.0008	-0.0037	-0.0003	-0.0049	-0.0116	-0.0005	0.0002	-0.0012	-0.0012	-0.0001	-0.0004	0.0171	0.0029	0.0001	0.0252
332	-0.0009	0.0034	0.0010	-0.0026	0.0035	0.0064	0.0019	-0.0015	-0.0011	-0.0003	0.0033	-0.0006	0.0012	-0.0004	-0.0135	-0.0005	-0.0019	-0.0018	0.0045	0.0000	0.0252
97	-0.0010	0.0035	-0.0008	0.0078	0.0036	-0.0077	0.0022	-0.0025	-0.0010	-0.0024	0.0035	-0.0009	-0.0002	-0.0003	-0.0008	-0.0033	-0.0034	-0.0008	0.0045	0.0000	0.0252
188	-0.0050	0.0036	-0.0008	-0.0006	0.0026	-0.0024	0.0022	-0.0065	-0.0003	-0.0034	0.0036	-0.0004	-0.0002	-0.0000	-0.0007	-0.0011	-0.0038	0.0084	0.0047	0.0000	0.0251
32	-0.0023	0.0043	0.0013	-0.0006	-0.0007	-0.0018	-0.0003	-0.0059	-0.0060	-0.0022	0.0042	-0.0002	-0.0001	0.0009	-0.0019	-0.0027	-0.0004	0.0144	-0.0001	0.0000	0.0251
435	-0.0026	0.0032	0.0016	-0.0005	0.0033	0.0001	0.0022	-0.0026	-0.0077	-0.0016	0.0031	-0.0012	0.0005	0.0005	-0.0053	-0.0036	0.0063	0.0003	0.0040	0.0001	0.0251
224	-0.0006	0.0014	-0.0001	-0.0029	0.0014	-0.0090	0.0005	-0.0039	0.0172	-0.0027	0.0013	-0.0013	-0.0004	-0.0010	0.0009	-0.0009	-0.0012	-0.0011	0.0020	0.0003	0.0250
547	0.0068	0.0034	0.0006	-0.0035	0.0035	-0.0027	0.0016	-0.0004	-0.0001	-0.0009	0.0033	-0.0003	-0.0001	-0.0012	-0.0006	-0.0048	-0.0094	-0.0010	0.0048	0.0009	0.0249
39	0.0010	0.0033	-0.0039	-0.0006	0.0034	0.0000	0.0014	-0.0011	-0.0067	-0.0009	0.0033	0.0057	0.0017	0.0005	-0.0049	-0.0061	-0.0007	0.0003	0.0042	0.0000	0.0249
364	-0.0000	-0.0009	-0.0002	-0.0006	0.0039	-0.0018	-0.0016	-0.0014	-0.0016	-0.0029	0.0045	-0.0011	0.0014	-0.0010	-0.0001	-0.0072	-0.0029	-0.0013	0.0062	0.0088	0.0248
173	-0.0004	-0.0042	-0.0007	-0.0038	0.0039	-0.0004	-0.0029	-0.0029	-0.0007	-0.0009	0.0042	-0.0037	0.0007	-0.0009	-0.0003	-0.0005	-0.0020	-0.0004	0.0062	0.0096	0.0247
418	0.0011	0.0029	0.0016	-0.0001	0.0029	-0.0025	0.0020	-0.0012	-0.0139	-0.0010	0.0020	-0.0007	0.0016	0.0007	0.0063	-0.0034	-0.0019	0.0006	0.0029	0.0001	0.0247
272	-0.0025	0.0004	-0.0007	-0.0005	0.0005	-0.0002	-0.0001	-0.0059	-0.0002	0.0224	-0.0028	-0.0002	-0.0001	-0.0004	-0.0003	-0.0002	-0.0068	-0.0037	0.0014	0.0000	0.0247
469	-0.0002	0.0018	0.0003	-0.0027	0.0019	-0.0018	0.0009	-0.0026	0.0105	-0.0025	0.0000	-0.0042	0.0004	-0.0021	0.0065	-0.0038	-0.0039	-0.0008	0.0021	0.0001	0.0246
544	0.0000	-0.0007	0.0013	-0.0002	-0.0058	-0.0001	0.0024	-0.0001	-0.0004	-0.0024	0.0036	-0.0005	-0.0020	0.0003	-0.0061	0.0122	-0.0055	-0.0006	0.0047	0.0000	0.0245
301	0.0005	0.0029	0.0012	-0.0005	0.0030	-0.0005	0.0018	0.0084	-0.0066	-0.0030	-0.0013	-0.0005	0.0013	-0.0004	-0.0008	-0.0013	-0.0061	-0.0034	0.0038	0.0014	0.0244
218	0.0002	0.0028	0.0014	-0.0011	-0.0040	-0.0005	0.0021	-0.0024	-0.0039	-0.0020	0.0033	-0.0018	-0.0008	0.0001	-0.0017	0.0100	-0.0059	-0.0001	0.0043	0.0001	0.0243
316	-0.0006	0.0033	0.0010	-0.0051	0.0034	0.0059	0.0019	-0.0017	-0.0079	-0.0014	0.0032	-0.0007	0.0012	-0.0004	-0.0013	-0.0003	-0.0041	-0.0006	0.0044	0.0000	0.0242
108	-0.0025	0.0034	-0.0003	-0.0015	0.0036	-0.0002	0.0013	-0.0002	-0.0014	-0.0108	0.0033	-0.0005	0.0077	-0.0003	-0.0016	-0.0015	-0.0009	-0.0024	0.0050	0.0000	0.0242
424	0.0007	0.0024	0.0012	-0.0081	0.0025	-0.0005	0.0016	-0.0025	0.0091	-0.0012	0.0022	-0.0021	0.0012	-0.0002	-0.0049	-0.0017	-0.0029	0.0002	0.0030	0.0000	0.0241
362	-0.0004	-0.0001	-0.0000	-0.0014	0.0039	0.0088	0.0024	-0.0019	-0.0018	-0.0013	0.0037	-0.0004	-0.0002	0.0003	-0.0100	-0.0039	-0.0018	-0.0007	0.0047	0.0001	0.0240
529	0.0008	0.0033	0.0015	-0.0009	0.0035	-0.0001	0.0022	-0.0022	-0.0060	0.0068	0.0014	-0.0005	-0.0006	-0.0024	-0.0067	-0.0001	-0.0030	-0.0013	0.0043	0.0001	0.0238
386	0.0066	0.0035	-0.0009	-0.0029	0.0036	-0.0002	0.0017	-0.0003	-0.0015	-0.0014	0.0034	-0.0031	0.0001	-0.0010	-0.0012	-0.0020	-0.0018	-0.0074	0.0048	0.0000	0.0237
296	-0.0110	0.0022	0.0007	-0.0006	0.0023	-0.0011	0.0012	-0.0004	-0.0013	-0.0023	0.0022	-0.0020	-0.0006	-0.0003	-0.0005	-0.0031	0.0122	-0.0005	0.0029	0.0000	0.0237
66	-0.0004	0.0032	0.0014	-0.0008	0.0033	-0.0003	0.0021	-0.0032	-0.0034	0.0062	0.0032	-0.0016	-0.0029	-0.0028	-0.0021	-0.0028	-0.0028	-0.0005	0.0041	0.0001	0.0236
21	0.0002	0.0028	0.0009	-0.0014	0.0029	-0.0004	0.0016	0.0105	-0.0032	-0.0036	-0.0024	-0.0024	-0.0001	-0.0004	-0.0010	-0.0023	-0.0033	-0.0031	0.0037	0.0011	0.0236
294	-0.0002	0.0108	-0.0007	-0.0006	0.0031	-0.0025	0.0000	-0.0012	-0.0004	-0.0011	0.0037	-0.0032	-0.0014	-0.0061	-0.0002	-0.0009	-0.0015	-0.0034	0.0059	0.0001	0.0235
57	0.0007	0.0031	0.0013	-0.0009	0.0029	-0.0003	0.0020	-0.0032	-0.0030	0.0063	0.0031	-0.0017	-0.0019	-0.0014	-0.0060	-0.0023	-0.0015	-0.0012	0.0040	0.0001	0.0235
19	0.0006	0.0027	0.0011	-0.0008	0.0028	-0.0003	0.0017	0.0096	-0.0055	-0.0030	-0.0016	-0.0015	0.0012	0.0002	-0.0006	-0.0025	-0.0001	-0.0074	0.0034	0.0001	0.0233
354	-0.0002	0.0038	0.0015	-0.0036	0.0039	0.0064	0.0023	-0.0008	-0.0035	-0.0003	0.0037	-0.0024	0.0016	0.0000	-0.0091	-0.0016	-0.0011	-0.0006	-0.0001	0.0000	0.0233
433	-0.0008	0.0019	-0.0001	-0.0026	0.0015	-0.0013	0.0007	0.0156	-0.0026	-0.0042	0.0006	-0.0023	-0.0007	-0.0014	-0.0009	-0.0007	-0.0008	-0.0048	0.0029	0.0000	0.0232
309	0.0006	0.0032	-0.0011	-0.0010	0.0033	-0.0004	0.0010	-0.0018	-0.0038	-0.0022	0.0031	0.0064	0.0014	-0.0005	-0.0022	-0.0095	-0.0006	-0.0001	0.0041	0.0000	0.0231
75	-0.0003	0.0031	0.0009	-0.0055	0.0032	0.0062	0.0017	-0.0004	-0.0064	-0.0026	0.0030	-0.0016	0.0010	-0.0005	-0.0003	-0.0032	-0.0006	-0.0017	0.0041	0.0000	0.0231
393	0.0010	0.0028	0.0015	-0.0075	-0.0002	0.0003	0.0020	-0.0011	0.0097	-0.0010	0.0023	-0.0017	-0.0001	-0.0012	-0.0052	-0.0016	-0.0031	-0.0003	0.0035	0.0000	0.0231
118	0.0007	0.0027	0.0013	-0.0005	0.0028	-0.0008	0.0018	-0.0015	-0.0122	-0.0015	0.0011	-0.0012	0.0014	0.0003	0.0068	-0.0025	-0.0028	0.0002	0.0027	0.0012	0.0231
460	0.0003	0.0027	0.0009	-0.0012	0.0027	-0.0006	0.0016	-0.0024	-0.0025	0.0113	-0.0012	-0.0020	-0.0028	-0.0028	-0.0030	-0.0008	-0.0013	-0.0024	0.0035	0.0000	0.0230
458	0.0005	0.0024	0.0010	-0.0057	0.0025	-0.0002	0.0016	-0.0004	0.0092	-0.0016	0.0015	-0.0029	0.0011	-0.0010	-0.0061	-0.0016	-0.0033	-0.0000	0.0031	0.0000	0.0230
132	0.0001	0.0027	0.0008	-0.0014	0.0028	-0.0010	0.0015	0.0102	-0.0034	-0.0035	0.0002	-0.0025	0.0009	-0.0004	-0.0016	-0.0006	-0.0017	-0.0068	0.0036	0.0001	0.0229
244	-0.0007	-0.0004	-0.0012	-0.0007	0.0037	-0.0010	-0.0003	-0.0019	-0.0026	-0.0012	0.0040	-0.0007	0.0008	-0.0008	-0.0069	-0.0014	-0.0024	-0.0007	0.0057	0.0087	0.0229
139	-0.0011	0.0006	-0.0003	-0.0009	0.0033	-0.0021	-0.0046	-0.0006	-0.0001	-0.0026	0.0026	-0.0001	-0.0001	-0.0008	-0.0001	-0.0001	-0.0011	-0.0026	0.0163	-0.0055	0.0228
446	0.0003	0.0031	-0.0028	-0.0016	0.0032	-0.0009	0.0008	-0.0042	-0.0094	-0.0004	0.0030	0.0067	0.0012	-0.0003	-0.0004	-0.0004	-0.0015	-0.0005	0.0041	0.0000	0.0225
468	-0.0006	0.0029	0.0011	-0.0011	0.0010	-0.0005	0.0017	-0.0028	-0.0015	0.0086	0.0023	-0.0020	0.0012	-0.0001	-0.0012	-0.0084	-0.0031	-0.0009	0.0035	0.0000	0.0223
109	-0.0012	0.0031	0.0008	-0.0103	0.0032	0.0058	0.0016	-0.0007	-0.0017	-0.0001	0.0030	-0.0011	0.0010	-0.0007	-0.0010	-0.0020	-0.0015	-0.0021	0.0036	0.0000	0.0222
359	-0.0002	-0.0002	-0.0007	-0.0002	-0.0004	-0.0003	-0.0007	-0.0021	-0.0003	-0.0134	0.0219	-0.0005	-0.0013	-0.0001	-0.0002	-0.0001	-0.0008	-0.0006	0.0003	-0.0000	0.0221
471	0.0003	0.0030	-0.0045	-0.0009	0.0031	-0.0007	0.0006	-0.0027	-0.0082	-0.0003	0.0030	0.0069	0.0012	-0.0002	-0.0002	-0.0030	-0.0011	-0.0004	0.0040	0.0000	0.0221
190	-0.0044	0.0018	-0.0002	-0.0003	0.0019	-0.0001	0.0006	-0.0058	-0.0001	-0.0046	-0.0035	-0.0001	-0.0001	-0.0009	-0.0015	-0.0001	-0.0004	0.0151	0.0027	0.0000	0.0221
295	-0.0001	0.0032	0.0008	-0.0029	0.0034	-0.0015	0.0004	-0.0039	-0.0023	-0.0007	0.0032	-0.0035	-0.0002	0.0067	-0.0019	-0.0031	-0.0010	-0.0011	0.0044	0.0000	0.0221
425	0.0009	0.0025	0.0013	-0.0076	0.0026	0.0003	0.0018	-0.0023	0.0052	-0.0009	0.0025	-0.0022	0.0014	-0.0002	-0.0052	-0.0013	-0.0023	0.0005	0.0031	0.0000	0.0220
321	-0.0020	-0.0006	-0.0006	-0.0011	0.0027	-0.0006	-0.0053	-0.0046	-0.0008	-0.0005	0.0026	-0.0012	-0.0011	-0.0016	-0.0001	-0.0008	-0.0009	-0.0004	0.0048	0.0119	0.0220
543	-0.0038	0.0030	-0.0009	-0.0005	0.0021	-0.0025	-0.0004	-0.0020	-0.0002	-0.0004	0.0029	-0.0004	0.0007	-0.0002	-0.0003	-0.0051	-0.0051	0.0086	0.0041	0.0006	0.0220
417	-0.0000	0.0017	0.0004	-0.0018	0.0018	-0.0007	0.0009	-0.0040	0.0125	-0.0019	0.0017	-0.0029	0.0005	-0.0011	-0.0036	-0.0012	-0.0040	-0.0007	0.0023	0.0000	0.0219
546	0.0001	0.0038	-0.0005	-0.0103	0.0039	0.0102	-0.0002	-0.0003	-0.0006	-0.0002	0.0037	-0.0004	-0.0005	-0.0004	-0.0002	-0.0023	-0.0042	-0.0013	-0.0001	0.0000	0.0217
564	-0.0004	0.0020	0.0003	-0.0015	-0.0002	-0.0001	0.0009	0.0145	-0.0002	-0.0033	0.0011	-0.0015	-0.0004	-0.0009	-0.0006	-0.0016	-0.0057	-0.0053	0.0029	0.0000	0.0217
22	-0.0013	0.0012	-0.0023	-0.0013	0.0027	0.0097	0.0013	-0.0008	-0.0006	-0.0017	0.0025	-0.0017	0.0007	-0.0007	-0.0022	-0.0066	-0.0004	-0.0020	0.0035	0.0000	0.0217
29	-0.0004	-0.0001	0.0008	-0.0018	0.0030	-0.0011	0.0016	-0.0015	-0.0035	-0.0011	0.0028	-0.0035	-0.0003	-0.0006	-0.0013	-0.0062	0.0095	-0.0001	0.0041	0.0000	0.0217
94	-0.0006	-0.0005	-0.0005	-0.0003	0.0033	-0.0022	-0.0023	-0.0001	-0.0031	-0.0015	0.0039	-0.0004	0.0009	-0.0015	-0.0030	-0.0024	-0.0027	-0.0005	0.0056	0.0079	0.0216
515	-0.0005	-0.0001	-0.0003	-0.0005	-0.0002	-0.0000	0.0018	0.0148	-0.0044	-0.0024	0.0013	-0.0038	-0.0005	0.0003	-0.0041	-0.0010	-0.0011	-0.0026	0.0034	0.0000	0.0216
353	-0.0005	0.0033	-0.0002	0.0058	0.0034	-0.0003	-0.0002	-0.0027	-0.0033	-0.0027	0.0033	-0.0019	0.0014	-0.0011	-0.0010	-0.0033	-0.0032	-0.0011	0.0043	0.0000	0.0215
537	0.0005	0.0019	0.0011	-0.0004	0.0030	-0.0048	0.0018	-0.0034	-0.0039	-0.0022	-0.0002	-0.0012	0.0013	0.0000	-0.0014	0.0080	-0.0039	-0.0002	0.0038	0.0000	0.0214
441	-0.0004	0.0026	0.0004	-0.0023	0.0013	-0.0015	0.0012	-0.0038	-0.0006	0.0144	-0.0013	-0.0025	0.0006	-0.0009	-0.0012	-0.0003	-0.0046	-0.0021	0.0009	0.0000	0.0214
315	-0.0004	0.0025	0.0006	-0.0006	0.0027	-0.0011	0.0014	0.0099	-0.0028	-0.0042	-0.0034	-0.0009	0.0008	-0.0006	-0.0043	-0.0006	-0.0004	-0.0021	0.0035	0.0000	0.0214
167	-0.0010	0.0028	0.0010	-0.0011	0.0029	-0.0005	0.0017	-0.0023	-0.0020	-0.0023	-0.0027	-0.0016	-0.0001	-0.0001	-0.0036	-0.0037	0.0082	-0.0003	0.0036	0.0011	0.0212
450	-0.0002	0.0030	0.0014	-0.0006	0.0010	-0.0001	0.0020	-0.0018	-0.0007	0.0078	0.0014	-0.0014	0.0015	0.0003	-0.0046	-0.0092	-0.0017	-0.0009	0.0027	0.0000	0.0212
86	0.0006	0.0030	0.0013	-0.0008	0.0028	-0.0003	0.0019	-0.0021	-0.0005	0.0061	0.0016	-0.0006	-0.0037	-0.0014	-0.0045	-0.0033	-0.0029	-0.0010	0.0037	0.0000	0.0211
159	-0.0057	0.0019	-0.0007	-0.0006	0.0103	-0.0004	-0.0010	-0.0010	-0.0008	-0.0008	0.0028	-0.0011	-0.0018	-0.0005	-0.0008	-0.0021	-0.0023	-0.0015	0.0060	0.0001	0.0211
378	0.0064	0.0030	-0.0003	-0.0006	0.0031	-0.0009	0.0013	-0.0017	-0.0029	-0.0027	0.0029	-0.0004	-0.0007	-0.0009	-0.0015	-0.0067	-0.0004	-0.0013	0.0043	0.0000	0.0211
439	-0.0008	0.0029	-0.0007	0.0059	0.0030	-0.0008	0.0016	-0.0031	-0.0025	-0.0008	0.0028	-0.0026	0.0010	-0.0011	-0.0004	-0.0040	-0.0029	-0.0013	0.0039	0.0000	0.0210
45	-0.0004	0.0020	0.0014	-0.0010	0.0002	-0.0004	0.0021	-0.0024	-0.0064	-0.0024	0.0033	-0.0020	-0.0019	0.0001	-0.0004	0.0076	-0.0037	-0.0001	0.0043	0.0000	0.0210
548	-0.0004	0.0024	0.0003	-0.0003	0.0015	-0.0015	0.0011	0.0110	-0.0003	-0.0040	0.0011	-0.0041	-0.0001	-0.0006	-0.0001	-0.0019	-0.0032	-0.0043	0.0034	0.0001	0.0210
65	-0.0021	0.0027	-0.0006	-0.0017	0.0029	-0.0035	0.0007	-0.0031	-0.0029	-0.0005	0.0026	-0.0019	0.0078	-0.0004	-0.0008	-0.0013	-0.0005	-0.0016	0.0043	0.0000	0.0210
390	0.0003	0.0028	0.0009	-0.0013	0.0015	-0.0007	0.0016	0.0073	-0.0063	-0.0032	0.0018	-0.0018	0.0011	-0.0002	-0.0006	-0.0006	-0.0039	-0.0020	0.0036	0.0000	0.0209
274	0.0006	0.0024	0.0011	-0.0005	0.0025	-0.0015	0.0016	-0.0010	-0.0084	-0.0014	0.0024	-0.0011	0.0012	0.0003	0.0056	-0.0039	-0.0030	0.0001	0.0030	0.0001	0.0208
115	-0.0010	0.0025	-0.0008	0.0079	0.0026	-0.0060	0.0011	-0.0004	-0.0012	-0.0011	0.0024	-0.0005	0.0004	-0.0015	-0.0005	-0.0050	-0.0007	-0.0020	0.0036	0.0001	0.0207
373	-0.0003	0.0030	0.0007	-0.0011	0.0031	0.0057	-0.0002	-0.0014	-0.0006	-0.0036	0.0029	-0.0031	0.0009	-0.0007	-0.0011	-0.0046	-0.0033	-0.0003	0.0041	0.0000	0.0203
334	0.0010	0.0026	0.0014	-0.0001	0.0027	-0.0018	0.0019	-0.0009	-0.0100	-0.0009	0.0016	-0.0006	0.0015	0.0006	0.0042	-0.0034	-0.0025	0.0005	0.0023	0.0000	0.0203
335	-0.0002	0.0030	-0.0037	-0.0011	0.0031	-0.0005	0.0010	-0.0032	-0.0078	-0.0009	0.0029	0.0052	0.0013	0.0000	-0.0005	-0.0006	-0.0017	-0.0002	0.0038	0.0000	0.0202
48	0.0004	0.0028	0.0010	-0.0011	0.0028	-0.0006	0.0017	-0.0036	-0.0010	0.0052	0.0026	-0.0014	-0.0017	-0.0015	-0.0029	-0.0026	-0.0020	-0.0017	0.0036	0.0000	0.0201
350	-0.0009	0.0020	-0.0008	-0.0021	0.0031	0.0057	0.0015	-0.0009	-0.0010	-0.0012	0.0029	-0.0032	0.0008	-0.0008	-0.0033	-0.0014	-0.0037	-0.0007	0.0041	0.0000	0.0200
422	0.0003	0.0028	0.0010	-0.0012	0.0015	-0.0006	0.0016	-0.0049	-0.0060	0.0053	0.0027	-0.0020	0.0011	-0.0002	-0.0006	-0.0010	-0.0024	-0.0011	0.0036	0.0000	0.0199
194	-0.0071	0.0014	-0.0014	-0.0004	0.0008	-0.0024	-0.0001	0.0113	-0.0001	-0.0053	0.0013	-0.0003	-0.0006	-0.0004	-0.0001	-0.0003	-0.0013	0.0025	0.0025	0.0000	0.0198
324	0.0004	0.0018	0.0010	-0.0002	0.0027	-0.0027	0.0016	-0.0033	-0.0055	-0.0022	0.0025	-0.0013	0.0011	-0.0001	-0.0005	0.0054	-0.0038	-0.0003	0.0034	0.0001	0.0198
68	0.0007	0.0030	0.0013	-0.0007	0.0008	-0.0002	0.0020	-0.0019	-0.0006	0.0060	0.0013	-0.0015	0.0015	0.0003	-0.0050	-0.0080	-0.0007	-0.0012	0.0029	0.0000	0.0198
60	-0.0006	0.0017	-0.0001	-0.0023	0.0009	-0.0014	0.0005	-0.0041	-0.0015	0.0123	0.0016	-0.0032	-0.0021	-0.0005	-0.0011	-0.0004	-0.0004	-0.0020	0.0025	0.0003	0.0197
562	-0.0006	0.0023	-0.0004	-0.0023	0.0024	-0.0001	0.0010	0.0106	-0.0006	-0.0050	-0.0028	-0.0010	-0.0003	-0.0008	-0.0004	-0.0002	-0.0004	-0.0048	0.0032	0.0000	0.0195
443	0.0004	0.0028	0.0011	-0.0011	0.0022	-0.0005	0.0014	-0.0041	-0.0012	0.0051	0.0028	-0.0020	-0.0027	-0.0020	-0.0011	-0.0005	-0.0031	-0.0010	0.0037	0.0000	0.0195
330	0.0081	0.0021	-0.0009	-0.0016	0.0006	-0.0018	0.0007	-0.0021	-0.0025	-0.0010	0.0021	-0.0013	-0.0000	-0.0018	-0.0001	-0.0059	-0.0005	0.0023	0.0034	0.0000	0.0194
352	0.0000	0.0025	0.0007	-0.0006	0.0012	-0.0009	0.0014	0.0073	-0.0003	-0.0032	0.0017	-0.0003	0.0008	-0.0005	-0.0017	-0.0015	-0.0080	-0.0023	0.0034	0.0000	0.0192
28	-0.0005	0.0023	0.0006	-0.0014	0.0024	-0.0008	0.0013	-0.0011	-0.0059	-0.0007	0.0023	-0.0022	-0.0001	-0.0004	-0.0013	0.0072	-0.0041	-0.0006	0.0030	0.0000	0.0191
538	-0.0001	0.0023	0.0009	-0.0006	0.0013	-0.0006	0.0015	-0.0018	-0.0045	-0.0048	0.0025	-0.0012	-0.0006	-0.0002	-0.0001	0.0072	-0.0041	-0.0004	0.0033	0.0000	0.0191
376	-0.0001	-0.0024	-0.0009	-0.0002	0.0031	-0.0028	-0.0010	-0.0019	-0.0039	-0.0016	0.0031	-0.0006	-0.0001	-0.0012	-0.0002	-0.0003	-0.0011	-0.0009	0.0050	0.0079	0.0191
343	-0.0008	0.0019	-0.0023	-0.0023	0.0030	0.0059	0.0014	-0.0004	-0.0011	-0.0007	0.0028	-0.0034	-0.0003	-0.0009	-0.0012	-0.0022	-0.0013	-0.0022	0.0040	0.0000	0.0190
43	-0.0021	0.0026	0.0010	-0.0009	0.0027	-0.0004	0.0016	-0.0008	-0.0065	-0.0020	0.0026	-0.0017	-0.0001	0.0000	-0.0015	-0.0028	0.0050	-0.0002	0.0034	0.0000	0.0189
78	0.0003	0.0027	0.0009	-0.0013	0.0001	-0.0004	0.0016	-0.0034	-0.0004	0.0063	0.0025	-0.0021	0.0010	-0.0002	-0.0057	-0.0008	-0.0033	-0.0014	0.0035	0.0000	0.0189
308	-0.0005	0.0029	0.0004	-0.0032	0.0030	-0.0004	-0.0006	-0.0017	-0.0005	-0.0004	0.0028	-0.0038	-0.0005	0.0057	-0.0018	-0.0035	-0.0017	-0.0002	0.0041	0.0000	0.0189
370	0.0003	0.0027	-0.0032	-0.0013	0.0028	-0.0006	0.0007	-0.0013	-0.0081	-0.0011	0.0027	0.0049	0.0011	-0.0002	-0.0007	-0.0010	-0.0009	-0.0004	0.0036	0.0000	0.0188
27	-0.0003	0.0025	-0.0021	-0.0011	0.0026	-0.0014	-0.0002	-0.0002	-0.0052	-0.0016	0.0024	0.0072	0.0006	-0.0008	-0.0003	-0.0031	-0.0018	-0.0006	0.0035	0.0000	0.0188
299	-0.0011	-0.0001	0.0006	-0.0078	0.0031	0.0058	0.0015	-0.0015	-0.0008	-0.0006	0.0029	-0.0006	0.0008	-0.0009	-0.0008	-0.0020	-0.0018	-0.0008	0.0040	0.0000	0.0187
495	0.0002	0.0019	0.0007	-0.0032	0.0020	-0.0004	0.0012	-0.0010	0.0075	-0.0007	0.0019	-0.0018	0.0008	-0.0019	-0.0054	-0.0020	-0.0020	-0.0002	0.0025	0.0000	0.0187
49	0.0007	0.0032	0.0014	-0.0008	-0.0014	-0.0002	-0.0011	-0.0005	-0.0037	0.0057	0.0031	-0.0003	-0.0041	0.0002	-0.0013	-0.0028	-0.0008	-0.0012	0.0040	0.0000	0.0184
95	-0.0004	0.0026	-0.0003	-0.0010	0.0017	-0.0006	0.0015	0.0067	-0.0006	-0.0032	0.0014	-0.0007	0.0010	-0.0003	-0.0009	-0.0046	-0.0035	-0.0023	0.0035	0.0000	0.0184
344	-0.0017	-0.0004	-0.0002	-0.0019	-0.0017	-0.0001	-0.0001	-0.0037	-0.0002	0.0161	0.0022	-0.0003	-0.0018	-0.0004	-0.0005	-0.0015	-0.0013	-0.0020	-0.0004	0.0000	0.0182
281	-0.0003	0.0024	0.0004	-0.0020	0.0019	-0.0003	0.0012	0.0071	-0.0018	-0.0037	0.0019	-0.0028	-0.0002	-0.0008	-0.0011	-0.0021	-0.0017	-0.0015	0.0033	0.0000	0.0182
129	0.0006	0.0022	0.0010	-0.0005	0.0023	-0.0014	0.0015	-0.0023	-0.0082	-0.0013	0.0021	-0.0011	0.0011	0.0002	0.0044	-0.0006	-0.0029	0.0001	0.0027	0.0000	0.0182
323	0.0005	0.0022	0.0010	-0.0005	0.0023	-0.0021	0.0014	-0.0005	-0.0069	-0.0014	0.0007	-0.0011	0.0011	0.0002	0.0072	-0.0030	-0.0027	0.0001	0.0014	0.0000	0.0181
365	-0.0002	0.0014	-0.0053	-0.0027	0.0027	0.0060	0.0011	-0.0010	-0.0020	-0.0005	0.0025	-0.0038	0.0004	-0.0013	-0.0004	-0.0004	-0.0002	-0.0002	0.0037	0.0004	0.0181
166	-0.0014	0.0014	-0.0004	-0.0003	-0.0001	-0.0001	-0.0003	-0.0042	-0.0001	0.0142	-0.0001	-0.0014	-0.0015	-0.0004	-0.0003	-0.0001	-0.0050	-0.0022	0.0023	0.0000	0.0179
290	-0.0007	0.0093	-0.0029	-0.0025	0.0017	-0.0017	-0.0014	-0.0009	-0.0014	-0.0009	0.0023	-0.0005	-0.0006	-0.0005	-0.0002	-0.0010	-0.0011	-0.0016	0.0045	0.0001	0.0179
558	0.0002	0.0029	-0.0002	-0.0004	-0.0005	-0.0003	0.0016	-0.0031	-0.0068	0.0097	0.0008	-0.0005	-0.0002	-0.0004	-0.0004	-0.0001	-0.0038	-0.0010	0.0025	0.0000	0.0177
180	-0.0008	-0.0004	-0.0039	-0.0008	0.0019	-0.0002	-0.0037	-0.0007	-0.0017	-0.0004	0.0019	-0.0008	-0.0021	-0.0007	-0.0001	-0.0002	-0.0005	-0.0006	0.0042	0.0095	0.0175
34	-0.0035	0.0024	0.0008	-0.0009	0.0025	-0.0005	0.0014	-0.0028	-0.0018	-0.0012	0.0023	-0.0018	-0.0005	-0.0001	-0.0008	-0.0031	0.0050	-0.0003	0.0031	0.0000	0.0175
331	-0.0012	0.0024	0.0009	-0.0007	0.0025	-0.0004	0.0015	-0.0075	-0.0026	-0.0021	0.0024	-0.0004	-0.0002	-0.0001	-0.0019	-0.0002	0.0045	-0.0003	0.0032	0.0000	0.0175
387	-0.0010	0.0019	-0.0002	-0.0006	0.0013	-0.0013	0.0006	0.0087	-0.0002	-0.0048	0.0015	-0.0017	-0.0003	-0.0015	-0.0002	-0.0003	-0.0011	-0.0039	0.0030	0.0002	0.0172
182	-0.0002	0.0025	-0.0020	-0.0015	0.0026	-0.0009	0.0004	-0.0005	-0.0086	-0.0001	0.0025	0.0048	0.0008	-0.0005	-0.0004	-0.0002	-0.0016	-0.0005	0.0034	0.0000	0.0171
449	-0.0050	0.0024	0.0008	-0.0012	0.0024	-0.0006	0.0014	-0.0030	-0.0007	-0.0022	0.0023	-0.0017	-0.0002	-0.0002	-0.0009	-0.0008	0.0045	-0.0004	0.0031	0.0000	0.0169
310	-0.0002	0.0020	-0.0001	-0.0005	0.0021	-0.0003	0.0007	0.0046	-0.0005	-0.0078	-0.0010	-0.0037	0.0000	-0.0010	-0.0003	-0.0012	-0.0003	0.0046	0.0029	0.0000	0.0169
232	0.0004	0.0021	0.0008	-0.0007	0.0022	-0.0017	0.0013	-0.0027	-0.0090	-0.0003	0.0020	-0.0013	0.0009	-0.0001	0.0042	-0.0004	-0.0003	-0.0001	0.0026	0.0000	0.0166
264	-0.0011	0.0013	-0.0005	-0.0002	0.0014	-0.0001	0.0002	0.0111	-0.0002	-0.0044	-0.0030	-0.0003	-0.0003	-0.0008	-0.0001	-0.0003	-0.0009	-0.0042	0.0022	0.0000	0.0162
255	-0.0004	-0.0002	-0.0006	-0.0001	0.0015	-0.0003	-0.0001	0.0124	-0.0003	-0.0048	-0.0015	-0.0011	-0.0002	-0.0020	-0.0004	-0.0004	-0.0001	-0.0038	0.0023	0.0001	0.0162
333	-0.0004	0.0021	0.0003	-0.0005	0.0022	-0.0003	0.0010	-0.0011	-0.0013	0.0055	0.0021	-0.0015	-0.0025	-0.0021	-0.0008	-0.0001	-0.0040	-0.0014	0.0030	0.0000	0.0161
269	0.0089	0.0020	-0.0004	-0.0005	-0.0001	-0.0032	-0.0005	-0.0001	-0.0002	-0.0003	0.0019	-0.0013	-0.0004	-0.0010	-0.0001	-0.0071	-0.0005	-0.0004	0.0032	0.0000	0.0160
383	-0.0012	0.0021	0.0005	-0.0014	0.0022	-0.0009	0.0011	-0.0008	-0.0007	-0.0010	0.0021	-0.0022	-0.0005	-0.0004	-0.0024	-0.0037	0.0050	-0.0007	0.0029	0.0000	0.0159
191	-0.0012	0.0014	-0.0002	-0.0004	0.0015	-0.0006	0.0002	-0.0047	-0.0002	0.0090	0.0013	-0.0003	-0.0013	-0.0004	-0.0011	-0.0005	-0.0027	-0.0024	0.0023	0.0001	0.0159
241	0.0004	0.0021	0.0008	-0.0008	0.0022	-0.0004	0.0013	-0.0027	-0.0052	-0.0016	0.0021	-0.0007	-0.0002	0.0000	0.0038	-0.0007	-0.0031	-0.0001	0.0028	0.0000	0.0155
348	-0.0012	0.0016	-0.0004	-0.0010	-0.0005	-0.0005	0.0003	0.0099	-0.0009	-0.0050	0.0010	-0.0004	-0.0001	-0.0003	-0.0001	-0.0007	-0.0010	-0.0033	0.0026	0.0000	0.0153
106	-0.0030	0.0089	-0.0004	-0.0004	0.0010	-0.0003	-0.0012	-0.0016	-0.0028	-0.0004	0.0015	-0.0005	-0.0004	-0.0005	-0.0010	-0.0018	-0.0011	-0.0002	0.0039	0.0001	0.0153
319	-0.0031	0.0016	-0.0003	-0.0005	0.0017	-0.0044	-0.0002	-0.0001	-0.0010	-0.0001	0.0015	-0.0004	0.0074	-0.0004	-0.0003	-0.0003	-0.0002	-0.0040	0.0031	0.0000	0.0153
355	-0.0020	0.0022	-0.0001	-0.0014	0.0023	0.0050	0.0008	-0.0003	-0.0012	-0.0005	0.0021	-0.0040	0.0001	-0.0005	-0.0013	-0.0028	-0.0006	-0.0005	0.0026	0.0000	0.0152
163	-0.0002	0.0023	0.0005	-0.0009	0.0008	-0.0012	-0.0001	-0.0032	-0.0009	0.0077	0.0013	-0.0009	0.0006	-0.0006	-0.0003	-0.0044	-0.0003	-0.0018	0.0018	0.0000	0.0149
207	-0.0002	-0.0014	-0.0026	-0.0011	0.0018	-0.0006	-0.0028	-0.0005	-0.0010	-0.0003	0.0025	-0.0011	-0.0006	-0.0004	-0.0003	-0.0015	-0.0003	-0.0003	0.0042	0.0065	0.0149
327	-0.0002	0.0024	0.0007	-0.0014	-0.0004	-0.0008	0.0013	-0.0030	-0.0007	0.0058	0.0018	-0.0013	-0.0002	-0.0004	-0.0002	-0.0037	-0.0009	-0.0017	0.0028	0.0000	0.0149
280	-0.0004	0.0020	0.0002	-0.0002	0.0014	-0.0012	0.0009	0.0063	-0.0014	-0.0036	0.0008	-0.0012	0.0003	-0.0005	-0.0007	-0.0011	-0.0015	-0.0030	0.0029	0.0000	0.0149
398	-0.0004	0.0021	0.0002	-0.0006	0.0007	-0.0005	0.0009	0.0064	-0.0006	-0.0039	0.0012	-0.0015	0.0004	-0.0009	-0.0021	-0.0009	-0.0006	-0.0027	0.0029	0.0000	0.0148
263	-0.0009	0.0019	-0.0002	-0.0009	0.0020	-0.0004	-0.0003	-0.0061	-0.0005	0.0059	0.0018	-0.0009	-0.0003	-0.0005	-0.0001	-0.0003	-0.0001	-0.0031	0.0030	0.0003	0.0148
117	-0.0001	0.0022	0.0005	-0.0005	0.0023	-0.0006	0.0012	-0.0028	-0.0015	0.0045	0.0009	-0.0006	-0.0013	-0.0026	-0.0008	-0.0002	-0.0013	-0.0025	0.0031	0.0000	0.0147
545	0.0001	0.0026	-0.0001	-0.0002	0.0027	-0.0009	-0.0001	-0.0009	-0.0001	0.0053	-0.0001	-0.0001	-0.0030	-0.0021	-0.0005	-0.0016	-0.0036	-0.0014	0.0035	0.0004	0.0146
73	-0.0007	0.0011	-0.0001	-0.0001	0.0005	-0.0009	-0.0002	0.0104	-0.0002	-0.0054	0.0005	-0.0005	-0.0009	-0.0023	-0.0004	-0.0001	-0.0029	0.0002	0.0020	0.0000	0.0146
283	-0.0006	-0.0001	-0.0003	-0.0002	0.0022	-0.0008	0.0012	-0.0024	-0.0021	-0.0007	0.0022	-0.0020	-0.0004	-0.0003	-0.0005	0.0061	-0.0036	-0.0005	0.0029	0.0000	0.0146
162	-0.0002	0.0021	-0.0013	-0.0009	0.0022	-0.0004	0.0004	-0.0002	-0.0011	-0.0001	0.0021	0.0042	0.0005	-0.0008	-0.0001	-0.0043	-0.0047	-0.0003	0.0030	0.0000	0.0145
189	0.0002	0.0026	0.0008	-0.0013	-0.0021	-0.0002	-0.0013	-0.0035	-0.0004	0.0046	0.0025	-0.0014	-0.0007	-0.0003	-0.0002	-0.0005	-0.0008	-0.0014	0.0034	0.0000	0.0142
203	-0.0017	0.0018	-0.0004	-0.0046	0.0020	-0.0001	-0.0012	-0.0002	-0.0006	-0.0005	0.0018	-0.0009	-0.0003	0.0048	-0.0002	-0.0008	-0.0012	-0.0009	0.0030	0.0000	0.0134
193	-0.0020	-0.0000	-0.0024	-0.0006	0.0017	0.0068	-0.0002	-0.0001	-0.0004	-0.0002	0.0015	-0.0006	-0.0007	-0.0024	-0.0001	-0.0017	-0.0001	-0.0011	0.0027	0.0000	0.0126
79	-0.0021	0.0017	-0.0002	-0.0010	0.0018	0.0043	0.0003	-0.0003	-0.0008	-0.0004	0.0017	-0.0015	-0.0004	-0.0020	-0.0002	-0.0011	-0.0008	-0.0019	0.0028	0.0000	0.0125
158	0.0002	-0.0010	0.0001	0.0013	-0.0002	0.0016	0.0004	-0.0004	-0.0013	-0.0011	-0.0002	-0.0049	-0.0003	0.0004	-0.0010	0.0086	-0.0013	-0.0007	-0.0001	0.0000	0.0125
246	-0.0003	-0.0012	-0.0014	-0.0002	0.0013	-0.0009	-0.0003	-0.0001	-0.0006	-0.0002	-0.0008	-0.0010	-0.0003	-0.0002	-0.0001	-0.0003	-0.0005	-0.0001	0.0113	-0.0041	0.0125
121	-0.0003	0.0020	0.0003	-0.0008	-0.0005	-0.0001	0.0010	-0.0030	-0.0015	0.0075	-0.0002	-0.0004	-0.0003	-0.0008	-0.0003	-0.0009	-0.0013	-0.0020	0.0014	0.0000	0.0122
93	-0.0010	0.0011	0.0004	-0.0015	-0.0029	-0.0010	0.0010	-0.0010	-0.0004	-0.0002	0.0020	-0.0006	-0.0010	-0.0006	-0.0004	0.0044	-0.0005	-0.0008	0.0028	0.0000	0.0118
262	-0.0009	0.0015	-0.0015	-0.0024	0.0016	-0.0005	-0.0005	-0.0008	-0.0008	-0.0001	0.0015	0.0037	-0.0001	-0.0001	-0.0002	-0.0027	-0.0002	-0.0002	0.0024	0.0000	0.0107
148	-0.0000	-0.0000	-0.0001	-0.0002	-0.0000	-0.0001	-0.0001	-0.0002	-0.0006	-0.0001	-0.0010	-0.0002	-0.0002	-0.0001	-0.0003	0.0018	0.0017	-0.0001	-0.0000	0.0000	0.0035
261	-0.0000	-0.0000	-0.0000	-0.0000	-0.0000	0.0003	-0.0000	-0.0000	-0.0000	-0.0000	-0.0000	-0.0000	-0.0000	-0.0000	-0.0001	-0.0000	-0.0000	-0.0000	0.0000	0.0000	0.0003
249	-0.0000	-0.0000	-0.0000	-0.0000	-0.0000	-0.0000	-0.0000	-0.0000	-0.0000	0.0000	-0.0000	-0.0000	-0.0000	-0.0000	-0.0000	-0.0000	-0.0000	0.0000	-0.0000	0.0000	0.0000
101	-0.0000	-0.0000	-0.0000	-0.0000	-0.0000	0.0000	-0.0000	-0.0000	-0.0000	-0.0000	-0.0000	-0.0000	0.0000	0.0000	-0.0000	0.0000	-0.0000	0.0000	-0.0000	0.0000	0.0000