# Omega fit to each site after fixing tree and all other parameters.
# Fits compared to null model of omega = 1.
# P-values NOT corrected for multiple hypothesis testing.
# Will fit different synonymous rate for each site.
#
# site	omega	P	dLnL
279	0.000	7.44e-06	10.038
55	0.000	0.000184	6.996
37	0.000	0.000321	6.471
429	0.000	0.000347	6.398
124	0.000	0.000641	5.827
334	0.000	0.000731	5.704
232	0.000	0.000755	5.675
277	0.054	0.000816	5.603
27	0.000	0.000907	5.505
353	0.000	0.000926	5.485
44	0.000	0.00113	5.303
549	0.000	0.00134	5.143
241	0.000	0.00141	5.096
227	0.000	0.00166	4.946
58	0.000	0.00166	4.945
321	0.000	0.00278	4.474
238	0.000	0.00279	4.471
147	0.000	0.00287	4.445
309	0.000	0.00368	4.219
25	0.000	0.00397	4.149
312	0.000	0.00433	4.070
502	0.000	0.0044	4.055
477	0.000	0.00478	3.980
174	0.000	0.005	3.940
115	0.000	0.00566	3.827
240	0.000	0.006	3.775
101	0.081	0.00611	3.758
342	0.000	0.0063	3.732
378	0.000	0.0063	3.732
303	0.000	0.00634	3.725
137	0.137	0.00673	3.672
452	0.069	0.00685	3.656
559	0.000	0.00695	3.642
261	0.000	0.00756	3.567
518	0.000	0.00763	3.560
146	0.000	0.00771	3.549
62	0.000	0.00785	3.534
509	0.000	0.00786	3.532
247	0.000	0.00798	3.519
476	0.000	0.00808	3.508
265	0.000	0.00811	3.504
97	0.000	0.00834	3.479
346	0.000	0.00845	3.468
122	0.000	0.00846	3.467
104	0.000	0.00866	3.445
135	0.000	0.00926	3.386
478	0.000	0.00938	3.374
553	0.000	0.00971	3.343
46	0.000	0.00989	3.327
116	0.000	0.0102	3.299
406	0.000	0.0108	3.247
425	0.000	0.0109	3.243
362	0.000	0.0111	3.221
336	0.000	0.0113	3.210
400	0.000	0.0116	3.188
554	0.000	0.0116	3.186
318	0.000	0.012	3.155
83	0.000	0.0132	3.073
235	0.000	0.0132	3.069
379	0.000	0.0135	3.054
216	0.000	0.014	3.021
107	0.000	0.014	3.019
338	0.000	0.0141	3.010
468	0.000	0.0149	2.965
473	0.000	0.0152	2.947
355	0.000	0.0155	2.927
422	0.000	0.0159	2.909
371	0.000	0.0161	2.894
500	0.000	0.0163	2.883
415	0.000	0.0166	2.867
275	0.098	0.0173	2.833
133	0.000	0.0175	2.823
423	0.000	0.0177	2.811
109	0.000	0.0179	2.804
297	0.000	0.0179	2.803
550	0.000	0.0182	2.787
459	0.000	0.0183	2.784
270	0.000	0.0183	2.784
251	0.000	0.0184	2.781
230	0.081	0.0186	2.769
524	0.000	0.0187	2.767
30	0.000	0.0189	2.756
506	0.000	0.019	2.752
432	0.000	0.019	2.752
39	0.000	0.0191	2.748
510	0.000	0.0197	2.720
305	0.000	0.0213	2.652
54	0.000	0.0214	2.649
395	0.000	0.0216	2.640
512	0.000	0.0218	2.632
78	0.000	0.022	2.621
421	0.000	0.0222	2.614
407	0.000	0.023	2.585
278	0.000	0.0231	2.581
28	0.000	0.0238	2.553
494	0.000	0.0239	2.551
538	0.000	0.0245	2.528
132	0.000	0.025	2.512
542	0.000	0.0258	2.484
505	0.000	0.0275	2.429
344	0.000	0.0279	2.419
375	0.000	0.0291	2.380
472	0.000	0.0292	2.378
249	0.000	0.03	2.353
248	0.000	0.0306	2.338
374	0.000	0.0307	2.334
237	100.000	0.0309	2.329
514	0.099	0.0312	2.321
501	0.000	0.0337	2.256
475	0.075	0.0345	2.234
223	0.106	0.0346	2.233
57	0.000	0.0352	2.218
64	0.000	0.0359	2.200
89	100.000	0.0374	2.166
280	0.000	0.038	2.153
564	0.000	0.0394	2.122
173	0.000	0.0397	2.114
244	0.000	0.0408	2.091
284	0.116	0.044	2.028
337	0.000	0.0443	2.023
319	0.000	0.0446	2.016
558	0.000	0.0451	2.008
81	0.000	0.0469	1.975
214	0.000	0.0486	1.944
274	0.000	0.0504	1.915
153	0.093	0.0513	1.899
462	0.000	0.0518	1.891
304	0.097	0.0544	1.851
167	0.000	0.0546	1.847
368	0.000	0.0552	1.839
453	0.000	0.0553	1.836
367	0.000	0.0556	1.831
48	0.000	0.0564	1.821
540	0.000	0.0583	1.793
289	0.170	0.0587	1.787
299	0.000	0.06	1.769
328	0.137	0.0614	1.749
408	0.000	0.0633	1.724
358	0.000	0.0638	1.717
75	0.000	0.0643	1.712
142	0.000	0.0647	1.706
311	0.000	0.0647	1.706
507	0.000	0.0648	1.705
295	0.000	0.068	1.665
260	100.000	0.0685	1.659
416	0.000	0.0687	1.656
439	0.000	0.0687	1.656
106	0.000	0.0689	1.655
285	0.113	0.0694	1.649
34	0.000	0.0732	1.605
492	0.000	0.0733	1.604
435	0.000	0.0737	1.600
71	0.000	0.0738	1.598
467	0.000	0.0742	1.594
60	0.000	0.075	1.585
497	0.000	0.0759	1.576
519	0.000	0.0763	1.572
61	0.000	0.0767	1.567
463	0.000	0.0771	1.562
424	0.000	0.0791	1.542
3	100.000	0.0795	1.537
56	0.000	0.0799	1.534
464	0.000	0.0811	1.521
560	0.127	0.0859	1.474
451	0.000	0.0874	1.460
253	0.000	0.0928	1.413
456	0.000	0.093	1.411
351	0.000	0.0947	1.396
272	0.000	0.0947	1.396
276	94.094	0.0948	1.395
470	0.000	0.0958	1.387
111	0.000	0.0962	1.384
446	0.000	0.0963	1.382
262	0.000	0.0965	1.381
370	0.000	0.097	1.377
437	0.000	0.0973	1.375
225	0.000	0.0975	1.373
482	0.000	0.0978	1.370
541	0.000	0.0997	1.355
33	0.000	0.1	1.350
283	0.000	0.103	1.330
522	0.000	0.103	1.326
49	0.000	0.104	1.323
219	0.000	0.104	1.321
377	0.000	0.104	1.321
123	0.000	0.104	1.320
91	0.000	0.104	1.320
110	100.000	0.105	1.313
418	0.000	0.105	1.313
520	0.000	0.105	1.312
193	0.000	0.107	1.300
190	0.145	0.108	1.295
440	0.000	0.108	1.293
126	0.000	0.109	1.286
138	0.000	0.109	1.286
80	0.000	0.11	1.276
263	0.000	0.111	1.271
148	0.182	0.111	1.270
26	0.000	0.111	1.269
320	0.000	0.112	1.263
481	0.000	0.114	1.252
50	0.000	0.115	1.241
112	0.265	0.116	1.236
286	0.311	0.116	1.234
156	100.000	0.117	1.230
87	0.237	0.117	1.226
191	0.000	0.117	1.226
307	0.153	0.119	1.218
197	0.000	0.119	1.216
450	0.000	0.12	1.208
269	0.000	0.121	1.201
72	0.156	0.121	1.200
448	0.000	0.121	1.200
534	0.000	0.122	1.198
212	0.000	0.123	1.187
13	0.000	0.124	1.185
390	0.000	0.131	1.142
366	0.000	0.133	1.129
105	100.000	0.134	1.124
31	0.000	0.134	1.124
127	0.161	0.134	1.122
449	0.000	0.135	1.118
372	0.000	0.136	1.109
349	0.000	0.136	1.109
461	0.000	0.137	1.107
386	0.000	0.138	1.100
74	0.000	0.138	1.100
85	100.000	0.138	1.099
536	0.000	0.139	1.095
128	0.000	0.139	1.094
347	0.000	0.139	1.092
221	0.000	0.14	1.088
364	0.000	0.14	1.087
207	0.000	0.141	1.083
557	0.000	0.142	1.081
398	0.000	0.143	1.074
556	0.000	0.143	1.071
1	0.174	0.146	1.057
36	0.181	0.15	1.037
354	0.000	0.152	1.026
201	3.971	0.152	1.024
199	100.000	0.153	1.022
35	98.748	0.154	1.016
483	0.000	0.154	1.015
288	100.000	0.156	1.008
86	0.000	0.16	0.988
179	0.000	0.16	0.986
341	0.000	0.16	0.986
23	0.000	0.162	0.976
94	0.000	0.163	0.974
242	0.262	0.163	0.973
322	0.000	0.163	0.973
8	0.000	0.168	0.949
539	0.000	0.172	0.933
166	0.000	0.176	0.916
529	0.000	0.177	0.910
119	0.000	0.18	0.899
325	0.322	0.184	0.883
194	100.000	0.187	0.870
210	100.000	0.189	0.863
369	0.000	0.19	0.860
394	0.000	0.195	0.839
38	0.000	0.197	0.833
293	0.000	0.2	0.821
357	100.000	0.209	0.791
327	0.000	0.21	0.785
150	100.000	0.218	0.758
204	3.322	0.219	0.754
154	3.291	0.219	0.754
466	100.000	0.223	0.742
206	100.000	0.226	0.733
414	97.446	0.226	0.732
441	0.000	0.234	0.708
99	0.172	0.243	0.683
209	100.000	0.247	0.670
487	92.275	0.249	0.664
129	0.181	0.257	0.643
252	0.312	0.261	0.632
443	0.000	0.262	0.629
66	0.000	0.262	0.628
417	100.000	0.262	0.628
333	0.000	0.266	0.618
222	100.000	0.272	0.604
488	100.000	0.278	0.589
273	99.789	0.281	0.582
458	94.358	0.285	0.572
527	100.000	0.295	0.549
161	100.000	0.297	0.544
88	0.420	0.304	0.528
196	0.222	0.311	0.512
208	2.667	0.313	0.509
411	0.230	0.325	0.485
535	100.000	0.327	0.481
185	0.314	0.331	0.473
294	0.237	0.332	0.470
84	0.236	0.333	0.469
152	100.000	0.335	0.465
41	0.241	0.336	0.463
198	0.447	0.337	0.461
7	0.000	0.338	0.459
9	0.242	0.339	0.457
545	0.000	0.341	0.454
291	0.372	0.342	0.452
391	93.022	0.342	0.452
397	0.377	0.344	0.448
389	94.690	0.347	0.442
442	100.000	0.353	0.431
250	87.537	0.355	0.428
157	100.000	0.355	0.427
495	0.255	0.356	0.426
10	98.330	0.357	0.423
396	100.000	0.359	0.420
213	100.000	0.361	0.417
504	100.000	0.361	0.417
503	0.260	0.365	0.410
234	0.260	0.365	0.410
433	100.000	0.379	0.388
352	100.000	0.38	0.385
323	100.000	0.388	0.373
155	0.413	0.391	0.368
256	100.000	0.393	0.365
310	0.325	0.401	0.353
360	0.342	0.406	0.345
515	0.299	0.412	0.337
243	100.000	0.415	0.332
431	2.603	0.421	0.324
511	100.000	0.422	0.323
118	0.443	0.427	0.316
51	100.000	0.436	0.303
267	0.379	0.444	0.294
385	100.000	0.445	0.292
211	0.331	0.449	0.286
170	2.109	0.464	0.269
136	0.508	0.469	0.263
113	0.349	0.47	0.261
392	0.350	0.471	0.260
239	2.041	0.472	0.259
465	100.000	0.49	0.239
100	0.368	0.492	0.236
141	2.063	0.493	0.235
254	100.000	0.5	0.228
314	100.000	0.502	0.225
380	100.000	0.502	0.225
14	100.000	0.502	0.225
340	100.000	0.504	0.223
175	2.014	0.506	0.221
169	0.571	0.507	0.220
489	100.000	0.511	0.216
82	99.338	0.516	0.211
447	100.000	0.516	0.211
125	0.392	0.519	0.208
409	0.404	0.53	0.197
63	98.457	0.533	0.194
455	0.414	0.543	0.185
149	0.459	0.549	0.179
388	0.567	0.554	0.175
5	0.523	0.56	0.170
224	100.000	0.567	0.164
236	97.527	0.567	0.164
300	0.449	0.578	0.155
183	0.643	0.594	0.142
164	0.531	0.598	0.139
292	0.646	0.599	0.138
98	0.507	0.599	0.138
205	1.528	0.601	0.137
231	1.711	0.606	0.133
96	0.516	0.609	0.131
69	0.484	0.613	0.128
70	0.518	0.614	0.127
403	0.487	0.616	0.126
218	0.487	0.617	0.125
177	1.685	0.624	0.120
184	0.536	0.632	0.115
73	0.506	0.635	0.113
426	0.542	0.669	0.091
282	0.547	0.673	0.089
264	100.000	0.676	0.087
178	0.722	0.681	0.085
181	0.556	0.682	0.084
217	1.593	0.699	0.075
513	0.630	0.718	0.065
268	1.499	0.723	0.063
313	0.609	0.729	0.060
176	1.588	0.746	0.053
287	100.000	0.759	0.047
12	1.380	0.765	0.045
469	1.408	0.779	0.039
143	0.713	0.779	0.039
298	0.777	0.786	0.037
2	0.727	0.791	0.035
172	1.367	0.797	0.033
220	0.735	0.799	0.033
202	1.203	0.821	0.026
457	0.744	0.835	0.022
145	1.263	0.836	0.021
168	1.166	0.838	0.021
144	1.158	0.843	0.020
339	0.787	0.846	0.019
525	1.243	0.858	0.016
6	1.215	0.873	0.013
59	1.196	0.88	0.011
171	0.840	0.889	0.010
90	0.856	0.893	0.009
419	100.000	0.906	0.007
4	1.163	0.915	0.006
52	0.894	0.922	0.005
246	100.000	0.943	0.003
330	1.085	0.947	0.002
186	0.000	0.947	0.002
326	0.000	0.947	0.002
381	0.000	0.947	0.002
410	0.000	0.947	0.002
131	0.000	0.947	0.002
187	0.000	0.947	0.002
228	0.000	0.947	0.002
420	0.000	0.947	0.002
445	0.000	0.947	0.002
474	0.000	0.947	0.002
521	0.000	0.947	0.002
19	0.000	0.949	0.002
21	0.000	0.949	0.002
229	0.000	0.949	0.002
255	0.000	0.949	0.002
301	0.000	0.949	0.002
315	0.000	0.949	0.002
562	0.000	0.949	0.002
561	0.000	0.95	0.002
329	0.000	0.952	0.002
359	0.000	0.952	0.002
401	0.000	0.952	0.002
491	0.000	0.952	0.002
523	0.000	0.952	0.002
552	0.000	0.952	0.002
316	0.000	0.952	0.002
332	0.000	0.952	0.002
373	0.000	0.952	0.002
517	0.000	0.952	0.002
79	0.000	0.952	0.002
18	0.000	0.954	0.002
296	0.000	0.954	0.002
331	0.000	0.954	0.002
383	0.000	0.954	0.002
43	0.000	0.954	0.002
103	0.000	0.954	0.002
162	0.000	0.954	0.002
471	0.000	0.954	0.002
496	0.000	0.954	0.002
555	0.000	0.954	0.002
361	0.000	0.955	0.002
427	0.000	0.955	0.002
428	0.000	0.955	0.002
516	0.000	0.955	0.002
16	0.000	0.955	0.002
259	0.000	0.955	0.002
271	0.000	0.955	0.002
438	0.000	0.955	0.002
547	0.000	0.955	0.002
182	0.000	0.955	0.002
302	0.000	0.955	0.002
335	0.000	0.955	0.002
402	0.000	0.955	0.002
413	0.000	0.955	0.002
47	0.000	0.955	0.002
17	0.000	0.956	0.002
454	0.000	0.956	0.002
158	0.000	0.958	0.001
324	0.000	0.958	0.001
493	0.000	0.958	0.001
537	0.000	0.958	0.001
15	1.063	0.958	0.001
393	0.000	0.959	0.001
485	0.000	0.959	0.001
102	0.000	0.959	0.001
258	0.000	0.959	0.001
317	0.000	0.959	0.001
399	0.000	0.959	0.001
382	0.000	0.96	0.001
195	0.000	0.96	0.001
24	0.000	0.96	0.001
108	0.000	0.961	0.001
266	0.000	0.961	0.001
65	0.000	0.961	0.001
484	0.000	0.961	0.001
53	0.000	0.961	0.001
343	0.000	0.962	0.001
350	0.000	0.962	0.001
365	0.000	0.962	0.001
348	0.000	0.963	0.001
387	0.000	0.963	0.001
528	0.000	0.963	0.001
95	0.000	0.963	0.001
20	0.000	0.963	0.001
290	0.000	0.963	0.001
479	0.000	0.963	0.001
486	0.000	0.963	0.001
159	0.000	0.963	0.001
257	0.000	0.963	0.001
345	0.000	0.963	0.001
430	0.000	0.963	0.001
480	0.000	0.963	0.001
508	0.000	0.963	0.001
533	0.000	0.963	0.001
546	0.000	0.963	0.001
22	0.000	0.964	0.001
281	0.000	0.964	0.001
531	0.000	0.964	0.001
548	0.000	0.964	0.001
130	0.000	0.964	0.001
405	0.000	0.964	0.001
412	0.000	0.964	0.001
114	0.000	0.964	0.001
180	0.000	0.964	0.001
376	0.000	0.964	0.001
436	0.000	0.964	0.001
499	0.000	0.964	0.001
526	0.000	0.964	0.001
120	0.000	0.964	0.001
203	0.000	0.964	0.001
384	0.000	0.964	0.001
404	0.000	0.964	0.001
67	0.000	0.964	0.001
151	0.000	0.964	0.001
490	0.000	0.964	0.001
563	0.000	0.964	0.001
498	0.000	0.965	0.001
32	0.000	0.965	0.001
40	0.000	0.966	0.001
42	0.000	0.966	0.001
160	0.000	0.966	0.001
245	0.000	0.966	0.001
532	0.000	0.966	0.001
226	0.000	0.966	0.001
29	0.000	0.966	0.001
188	0.000	0.966	0.001
543	0.000	0.966	0.001
530	0.000	0.966	0.001
77	1.052	0.967	0.001
215	0.000	0.967	0.001
45	0.000	0.967	0.001
11	0.954	0.968	0.001
544	0.000	0.969	0.001
93	0.000	0.969	0.001
189	0.000	0.969	0.001
306	0.000	0.971	0.001
121	0.000	0.971	0.001
163	0.000	0.971	0.001
68	0.000	0.971	0.001
134	0.000	0.972	0.001
140	0.000	0.972	0.001
233	0.000	0.972	0.001
308	0.000	0.972	0.001
139	0.000	0.973	0.001
165	0.000	0.973	0.001
192	0.000	0.973	0.001
356	0.000	0.973	0.001
363	0.000	0.973	0.001
434	0.000	0.973	0.001
551	0.000	0.973	0.001
76	0.000	0.973	0.001
92	0.000	0.973	0.001
200	0.920	0.976	0.000
117	0.000	0.978	0.000
444	0.000	0.978	0.000
460	0.000	0.978	0.000