# Differential preferences fit to each site.
# Regularizing prior: ('invquadratic', 150.0, 0.5)
#
site	dpi_A	dpi_C	dpi_D	dpi_E	dpi_F	dpi_G	dpi_H	dpi_I	dpi_K	dpi_L	dpi_M	dpi_N	dpi_P	dpi_Q	dpi_R	dpi_S	dpi_T	dpi_V	dpi_W	dpi_Y	half_sum_abs_dpi
214	-0.0148	-0.0015	-0.0209	-0.0389	-0.0003	-0.0646	-0.0027	-0.0025	0.2110	-0.0078	0.0006	-0.0022	-0.0089	-0.0151	-0.0148	-0.0100	-0.0078	-0.0094	-0.0003	0.0110	0.2226
204	-0.0126	-0.0075	-0.0052	-0.0060	-0.0024	-0.0149	-0.0050	-0.0056	-0.0055	-0.0132	-0.0019	-0.0047	-0.0123	-0.0059	-0.0429	-0.0164	-0.0115	-0.0087	0.1857	-0.0034	0.1857
185	-0.0126	-0.0075	-0.0052	-0.0060	-0.0024	-0.0149	-0.0050	-0.0056	-0.0055	-0.0132	-0.0019	-0.0047	-0.0123	-0.0059	-0.0429	-0.0164	-0.0115	-0.0087	0.1857	-0.0034	0.1857
263	-0.0126	-0.0075	-0.0052	-0.0060	-0.0024	-0.0149	-0.0050	-0.0056	-0.0055	-0.0132	-0.0019	-0.0047	-0.0123	-0.0059	-0.0429	-0.0164	-0.0115	-0.0086	0.1856	-0.0034	0.1856
72	-0.0096	-0.0410	-0.0050	-0.0039	-0.0021	-0.0098	-0.0359	-0.0035	-0.0034	-0.0090	-0.0002	-0.0046	-0.0093	-0.0037	-0.0157	-0.0130	-0.0087	-0.0062	-0.0003	0.1849	0.1849
80	-0.0096	-0.0410	-0.0050	-0.0039	-0.0021	-0.0098	-0.0359	-0.0035	-0.0034	-0.0090	-0.0002	-0.0046	-0.0093	-0.0037	-0.0157	-0.0130	-0.0087	-0.0062	-0.0003	0.1849	0.1849
237	-0.0096	-0.0410	-0.0050	-0.0039	-0.0021	-0.0098	-0.0359	-0.0035	-0.0034	-0.0090	-0.0002	-0.0046	-0.0093	-0.0037	-0.0157	-0.0130	-0.0087	-0.0062	-0.0003	0.1849	0.1849
47	-0.0127	-0.0064	-0.0056	-0.0064	0.1805	-0.0130	-0.0055	-0.0076	-0.0060	-0.0208	-0.0025	-0.0052	-0.0124	-0.0063	-0.0196	-0.0194	-0.0117	-0.0108	-0.0026	-0.0061	0.1805
41	-0.0127	-0.0064	-0.0056	-0.0064	0.1805	-0.0130	-0.0055	-0.0076	-0.0060	-0.0208	-0.0025	-0.0052	-0.0124	-0.0063	-0.0196	-0.0194	-0.0117	-0.0108	-0.0026	-0.0061	0.1805
205	-0.0127	-0.0064	-0.0056	-0.0064	0.1805	-0.0130	-0.0055	-0.0076	-0.0060	-0.0208	-0.0025	-0.0052	-0.0124	-0.0063	-0.0196	-0.0194	-0.0117	-0.0108	-0.0026	-0.0061	0.1805
98	-0.0113	0.1611	-0.0046	-0.0054	-0.0036	-0.0137	-0.0045	-0.0050	-0.0050	-0.0108	-0.0017	-0.0043	-0.0110	-0.0053	-0.0267	-0.0172	-0.0104	-0.0078	-0.0042	-0.0086	0.1611
52	-0.0113	0.1609	-0.0046	-0.0054	-0.0036	-0.0136	-0.0045	-0.0050	-0.0050	-0.0108	-0.0016	-0.0042	-0.0111	-0.0053	-0.0267	-0.0172	-0.0104	-0.0078	-0.0041	-0.0086	0.1609
71	-0.0111	-0.0033	-0.0066	-0.0053	-0.0022	-0.0113	0.1594	-0.0050	-0.0049	-0.0118	-0.0017	-0.0062	-0.0143	-0.0101	-0.0263	-0.0126	-0.0102	-0.0077	-0.0018	-0.0071	0.1594
213	-0.0096	-0.0023	-0.0249	0.0009	0.0038	-0.0635	0.0019	0.0015	0.0015	-0.0030	0.0043	0.0020	-0.0033	0.0013	-0.0429	0.1329	-0.0028	-0.0042	0.0041	0.0024	0.1566
92	-0.0109	-0.0027	-0.0040	-0.0048	-0.0014	-0.0112	-0.0039	-0.0114	-0.0063	-0.0134	0.1518	-0.0036	-0.0106	-0.0047	-0.0206	-0.0126	-0.0148	-0.0116	-0.0011	-0.0024	0.1518
43	-0.0109	-0.0027	-0.0040	-0.0048	-0.0014	-0.0112	-0.0039	-0.0114	-0.0063	-0.0134	0.1518	-0.0036	-0.0106	-0.0047	-0.0206	-0.0126	-0.0148	-0.0116	-0.0011	-0.0024	0.1518
245	-0.0109	-0.0027	-0.0040	-0.0048	-0.0014	-0.0112	-0.0039	-0.0114	-0.0063	-0.0134	0.1518	-0.0036	-0.0106	-0.0047	-0.0206	-0.0126	-0.0148	-0.0116	-0.0011	-0.0024	0.1518
186	-0.0109	-0.0027	-0.0040	-0.0048	-0.0014	-0.0112	-0.0039	-0.0114	-0.0063	-0.0134	0.1518	-0.0036	-0.0106	-0.0047	-0.0206	-0.0126	-0.0148	-0.0116	-0.0011	-0.0024	0.1518
104	-0.0109	-0.0027	-0.0040	-0.0048	-0.0014	-0.0112	-0.0039	-0.0114	-0.0063	-0.0134	0.1518	-0.0036	-0.0106	-0.0047	-0.0206	-0.0126	-0.0148	-0.0116	-0.0011	-0.0024	0.1518
157	-0.0087	-0.0000	-0.0011	-0.0016	0.0007	-0.0064	-0.0009	-0.0107	-0.0038	-0.0089	-0.0648	-0.0015	-0.0076	-0.0015	-0.0148	-0.0091	0.1476	-0.0083	0.0012	0.0004	0.1499
107	-0.0107	-0.0030	-0.0092	-0.0051	-0.0019	-0.0110	-0.0066	-0.0059	-0.0091	-0.0102	-0.0014	0.1491	-0.0104	-0.0049	-0.0169	-0.0174	-0.0119	-0.0073	-0.0015	-0.0044	0.1491
96	-0.0125	-0.0031	-0.0079	0.1446	-0.0020	-0.0159	-0.0042	-0.0047	-0.0099	-0.0100	-0.0015	-0.0039	-0.0103	-0.0073	-0.0166	-0.0121	-0.0097	-0.0086	-0.0016	-0.0028	0.1446
85	-0.0125	-0.0031	-0.0079	0.1446	-0.0020	-0.0159	-0.0042	-0.0047	-0.0099	-0.0100	-0.0015	-0.0039	-0.0103	-0.0073	-0.0166	-0.0121	-0.0097	-0.0086	-0.0016	-0.0028	0.1446
39	-0.0125	-0.0031	-0.0079	0.1446	-0.0020	-0.0159	-0.0042	-0.0047	-0.0099	-0.0100	-0.0015	-0.0039	-0.0103	-0.0073	-0.0166	-0.0121	-0.0097	-0.0086	-0.0016	-0.0028	0.1446
12	-0.0125	-0.0031	-0.0079	0.1446	-0.0020	-0.0159	-0.0042	-0.0047	-0.0099	-0.0100	-0.0015	-0.0039	-0.0103	-0.0073	-0.0166	-0.0121	-0.0097	-0.0086	-0.0016	-0.0028	0.1446
23	-0.0125	-0.0031	-0.0079	0.1446	-0.0020	-0.0158	-0.0042	-0.0047	-0.0099	-0.0100	-0.0015	-0.0039	-0.0103	-0.0073	-0.0166	-0.0121	-0.0097	-0.0086	-0.0016	-0.0028	0.1446
247	-0.0125	-0.0031	-0.0077	0.1444	-0.0020	-0.0158	-0.0042	-0.0047	-0.0099	-0.0100	-0.0015	-0.0039	-0.0103	-0.0073	-0.0166	-0.0121	-0.0097	-0.0086	-0.0016	-0.0028	0.1444
64	-0.0125	-0.0031	-0.0077	0.1444	-0.0020	-0.0158	-0.0042	-0.0047	-0.0099	-0.0100	-0.0015	-0.0039	-0.0103	-0.0073	-0.0166	-0.0121	-0.0097	-0.0086	-0.0016	-0.0028	0.1444
146	-0.0125	-0.0031	-0.0077	0.1444	-0.0020	-0.0158	-0.0042	-0.0047	-0.0099	-0.0100	-0.0015	-0.0039	-0.0103	-0.0073	-0.0166	-0.0121	-0.0097	-0.0086	-0.0016	-0.0028	0.1444
9	-0.0103	-0.0027	-0.0040	-0.0106	-0.0016	-0.0106	-0.0039	-0.0056	0.1442	-0.0098	-0.0011	-0.0073	-0.0101	-0.0070	-0.0253	-0.0119	-0.0116	-0.0070	-0.0013	-0.0025	0.1442
48	-0.0103	-0.0027	-0.0040	-0.0106	-0.0016	-0.0106	-0.0039	-0.0056	0.1442	-0.0098	-0.0011	-0.0073	-0.0101	-0.0070	-0.0253	-0.0119	-0.0116	-0.0070	-0.0013	-0.0025	0.1442
86	-0.0103	-0.0027	-0.0040	-0.0106	-0.0016	-0.0106	-0.0039	-0.0050	0.1440	-0.0098	-0.0017	-0.0072	-0.0101	-0.0070	-0.0253	-0.0119	-0.0116	-0.0070	-0.0013	-0.0025	0.1440
229	-0.0103	-0.0027	-0.0040	-0.0106	-0.0016	-0.0106	-0.0039	-0.0050	0.1440	-0.0098	-0.0017	-0.0072	-0.0101	-0.0070	-0.0253	-0.0119	-0.0116	-0.0070	-0.0013	-0.0025	0.1440
167	-0.0103	-0.0027	-0.0040	-0.0106	-0.0016	-0.0106	-0.0039	-0.0050	0.1440	-0.0098	-0.0017	-0.0072	-0.0101	-0.0070	-0.0253	-0.0119	-0.0116	-0.0070	-0.0013	-0.0025	0.1440
44	-0.0043	0.0023	0.0012	0.0005	0.0033	-0.0045	0.0013	0.0157	-0.0051	0.1085	-0.0604	0.0015	-0.0041	0.0006	-0.0200	-0.0056	-0.0197	-0.0187	0.0036	0.0039	0.1424
65	-0.0102	-0.0026	-0.0039	-0.0070	-0.0015	-0.0104	-0.0080	-0.0042	-0.0064	-0.0110	-0.0010	-0.0035	-0.0135	0.1400	-0.0253	-0.0117	-0.0093	-0.0069	-0.0012	-0.0024	0.1400
181	-0.0102	-0.0026	-0.0039	-0.0070	-0.0015	-0.0104	-0.0080	-0.0042	-0.0064	-0.0110	-0.0010	-0.0035	-0.0135	0.1400	-0.0253	-0.0117	-0.0093	-0.0069	-0.0012	-0.0024	0.1400
251	-0.0102	-0.0026	-0.0039	-0.0070	-0.0015	-0.0104	-0.0080	-0.0042	-0.0064	-0.0110	-0.0010	-0.0035	-0.0135	0.1400	-0.0253	-0.0117	-0.0093	-0.0069	-0.0012	-0.0024	0.1400
25	-0.0121	-0.0026	0.1394	-0.0093	-0.0015	-0.0154	-0.0062	-0.0042	-0.0042	-0.0096	-0.0010	-0.0083	-0.0099	-0.0045	-0.0162	-0.0117	-0.0093	-0.0082	-0.0012	-0.0041	0.1394
208	-0.0121	-0.0026	0.1394	-0.0093	-0.0015	-0.0154	-0.0062	-0.0042	-0.0042	-0.0096	-0.0010	-0.0083	-0.0099	-0.0045	-0.0162	-0.0117	-0.0093	-0.0082	-0.0012	-0.0041	0.1394
189	-0.0121	-0.0026	0.1394	-0.0093	-0.0015	-0.0154	-0.0062	-0.0042	-0.0042	-0.0096	-0.0010	-0.0083	-0.0099	-0.0045	-0.0162	-0.0117	-0.0093	-0.0082	-0.0012	-0.0041	0.1394
106	-0.0121	-0.0026	0.1394	-0.0093	-0.0015	-0.0154	-0.0062	-0.0042	-0.0042	-0.0096	-0.0010	-0.0083	-0.0099	-0.0045	-0.0162	-0.0117	-0.0093	-0.0082	-0.0012	-0.0041	0.1394
154	-0.0121	-0.0026	0.1394	-0.0093	-0.0015	-0.0154	-0.0062	-0.0042	-0.0042	-0.0096	-0.0010	-0.0083	-0.0099	-0.0045	-0.0162	-0.0117	-0.0093	-0.0082	-0.0012	-0.0041	0.1394
151	-0.0121	-0.0026	0.1394	-0.0093	-0.0015	-0.0154	-0.0062	-0.0042	-0.0042	-0.0096	-0.0010	-0.0083	-0.0099	-0.0045	-0.0162	-0.0117	-0.0093	-0.0082	-0.0012	-0.0041	0.1394
90	-0.0121	-0.0026	0.1391	-0.0091	-0.0015	-0.0154	-0.0062	-0.0042	-0.0042	-0.0096	-0.0010	-0.0083	-0.0099	-0.0045	-0.0162	-0.0117	-0.0093	-0.0082	-0.0012	-0.0041	0.1391
132	-0.0121	-0.0026	0.1391	-0.0091	-0.0015	-0.0154	-0.0062	-0.0042	-0.0042	-0.0096	-0.0010	-0.0083	-0.0099	-0.0045	-0.0162	-0.0117	-0.0093	-0.0082	-0.0012	-0.0041	0.1391
76	-0.0121	-0.0026	0.1391	-0.0091	-0.0015	-0.0154	-0.0062	-0.0042	-0.0042	-0.0096	-0.0010	-0.0083	-0.0099	-0.0045	-0.0162	-0.0117	-0.0093	-0.0082	-0.0012	-0.0041	0.1391
60	-0.0121	-0.0026	0.1391	-0.0091	-0.0015	-0.0154	-0.0062	-0.0042	-0.0042	-0.0096	-0.0010	-0.0083	-0.0099	-0.0045	-0.0162	-0.0117	-0.0093	-0.0082	-0.0012	-0.0041	0.1391
248	0.0402	0.0057	0.0034	0.0036	0.0065	-0.0609	0.0050	0.0026	0.0039	0.0312	0.0050	0.0042	-0.0258	0.0126	-0.0427	-0.0026	-0.0011	0.0007	0.0078	0.0006	0.1331
201	-0.0120	-0.0031	-0.0042	-0.0048	-0.0021	-0.0100	-0.0041	-0.0045	-0.0044	-0.0128	-0.0016	-0.0038	0.1306	-0.0072	-0.0186	-0.0149	-0.0112	-0.0068	-0.0018	-0.0028	0.1306
82	-0.0120	-0.0031	-0.0042	-0.0048	-0.0021	-0.0100	-0.0041	-0.0045	-0.0044	-0.0128	-0.0016	-0.0038	0.1306	-0.0071	-0.0186	-0.0149	-0.0112	-0.0068	-0.0018	-0.0028	0.1306
226	-0.0120	-0.0031	-0.0042	-0.0048	-0.0021	-0.0100	-0.0041	-0.0045	-0.0044	-0.0128	-0.0016	-0.0038	0.1306	-0.0071	-0.0186	-0.0149	-0.0112	-0.0068	-0.0018	-0.0028	0.1306
2	-0.0120	-0.0031	-0.0042	-0.0048	-0.0021	-0.0100	-0.0041	-0.0045	-0.0044	-0.0128	-0.0016	-0.0038	0.1306	-0.0071	-0.0186	-0.0149	-0.0112	-0.0068	-0.0018	-0.0028	0.1306
194	-0.0120	-0.0031	-0.0042	-0.0048	-0.0021	-0.0100	-0.0041	-0.0045	-0.0044	-0.0128	-0.0016	-0.0038	0.1306	-0.0071	-0.0186	-0.0149	-0.0112	-0.0068	-0.0018	-0.0028	0.1306
120	-0.0120	-0.0031	-0.0042	-0.0048	-0.0021	-0.0100	-0.0053	-0.0045	-0.0044	-0.0127	-0.0016	-0.0038	0.1305	-0.0060	-0.0186	-0.0149	-0.0112	-0.0068	-0.0018	-0.0028	0.1305
42	-0.0120	-0.0031	-0.0042	-0.0048	-0.0021	-0.0100	-0.0053	-0.0045	-0.0044	-0.0127	-0.0016	-0.0038	0.1305	-0.0060	-0.0186	-0.0149	-0.0112	-0.0068	-0.0017	-0.0028	0.1305
149	-0.0120	-0.0031	-0.0042	-0.0048	-0.0021	-0.0100	-0.0053	-0.0045	-0.0044	-0.0127	-0.0016	-0.0038	0.1305	-0.0060	-0.0186	-0.0149	-0.0112	-0.0068	-0.0017	-0.0028	0.1305
158	-0.0120	-0.0031	-0.0042	-0.0048	-0.0021	-0.0100	-0.0054	-0.0045	-0.0044	-0.0127	-0.0016	-0.0038	0.1305	-0.0059	-0.0186	-0.0149	-0.0112	-0.0068	-0.0018	-0.0028	0.1305
70	-0.0094	-0.0019	-0.0031	-0.0039	-0.0015	-0.0096	-0.0030	0.1231	-0.0045	-0.0114	-0.0029	-0.0037	-0.0091	-0.0037	-0.0169	-0.0119	-0.0136	-0.0107	-0.0005	-0.0016	0.1231
255	-0.0094	-0.0019	-0.0031	-0.0039	-0.0015	-0.0096	-0.0030	0.1231	-0.0045	-0.0114	-0.0029	-0.0037	-0.0091	-0.0037	-0.0169	-0.0119	-0.0136	-0.0107	-0.0005	-0.0016	0.1231
87	-0.0078	0.0001	-0.0039	-0.0019	0.0012	-0.0080	0.0651	-0.0016	-0.0015	-0.0090	0.0016	-0.0034	-0.0121	-0.0085	-0.0429	-0.0094	-0.0068	-0.0043	0.0016	0.0515	0.1211
233	-0.0093	-0.0019	-0.0031	-0.0038	-0.0023	-0.0096	-0.0030	0.1211	-0.0034	-0.0107	-0.0020	-0.0048	-0.0091	-0.0037	-0.0152	-0.0129	-0.0136	-0.0107	-0.0004	-0.0016	0.1211
236	-0.0093	-0.0019	-0.0031	-0.0038	-0.0023	-0.0096	-0.0030	0.1210	-0.0034	-0.0107	-0.0019	-0.0047	-0.0091	-0.0037	-0.0153	-0.0129	-0.0136	-0.0107	-0.0004	-0.0016	0.1210
260	-0.0093	-0.0019	-0.0031	-0.0038	-0.0023	-0.0096	-0.0030	0.1210	-0.0034	-0.0107	-0.0019	-0.0047	-0.0091	-0.0037	-0.0153	-0.0129	-0.0136	-0.0107	-0.0004	-0.0016	0.1210
206	-0.0093	-0.0019	-0.0031	-0.0038	-0.0023	-0.0096	-0.0030	0.1210	-0.0034	-0.0107	-0.0019	-0.0047	-0.0091	-0.0037	-0.0153	-0.0129	-0.0136	-0.0107	-0.0004	-0.0016	0.1210
220	-0.0093	-0.0019	-0.0031	-0.0038	-0.0023	-0.0096	-0.0030	0.1210	-0.0034	-0.0107	-0.0019	-0.0047	-0.0091	-0.0037	-0.0153	-0.0129	-0.0136	-0.0107	-0.0004	-0.0016	0.1210
111	-0.0085	-0.0010	-0.0088	-0.0030	0.0001	-0.0088	0.0501	-0.0042	-0.0084	-0.0080	0.0006	0.0604	-0.0083	-0.0029	-0.0145	-0.0166	-0.0103	-0.0052	0.0004	-0.0030	0.1115
133	-0.0084	-0.0010	-0.0057	-0.0029	0.0002	-0.0087	0.0579	-0.0033	-0.0052	-0.0088	0.0007	0.0513	-0.0105	-0.0060	-0.0199	-0.0130	-0.0088	-0.0051	0.0006	-0.0034	0.1107
249	-0.0083	-0.0009	0.0794	-0.0029	0.0002	-0.0086	-0.0058	-0.0043	-0.0096	-0.0078	0.0007	0.0287	-0.0081	-0.0027	-0.0142	-0.0176	-0.0105	-0.0051	0.0006	-0.0033	0.1097
138	-0.0108	-0.0009	0.0570	-0.0089	0.0002	-0.0149	0.0502	-0.0025	-0.0025	-0.0078	0.0007	-0.0081	-0.0081	-0.0028	-0.0142	-0.0099	-0.0075	-0.0068	0.0005	-0.0029	0.1086
139	-0.0057	0.0342	0.0000	-0.0007	0.0021	-0.0119	0.0448	-0.0002	-0.0003	-0.0086	0.0029	0.0002	-0.0293	-0.0010	-0.0425	0.0220	-0.0050	-0.0026	0.0022	-0.0006	0.1085
7	-0.0081	-0.0006	-0.0019	-0.0066	0.0005	-0.0084	-0.0046	-0.0031	0.0523	-0.0084	0.0010	-0.0040	-0.0100	0.0520	-0.0275	-0.0096	-0.0086	-0.0048	0.0008	-0.0004	0.1066
3	-0.0097	-0.0010	-0.0046	0.0528	0.0001	-0.0119	-0.0049	-0.0026	-0.0062	-0.0087	0.0006	-0.0019	-0.0104	0.0519	-0.0196	-0.0099	-0.0076	-0.0060	0.0004	-0.0007	0.1058
172	-0.0097	-0.0010	-0.0046	0.0528	0.0001	-0.0119	-0.0049	-0.0026	-0.0062	-0.0087	0.0006	-0.0019	-0.0104	0.0519	-0.0196	-0.0099	-0.0076	-0.0060	0.0004	-0.0007	0.1058
143	-0.0111	-0.0012	-0.0069	0.0615	-0.0001	-0.0153	-0.0023	-0.0028	0.0425	-0.0081	0.0004	-0.0021	-0.0083	-0.0062	-0.0145	-0.0101	-0.0078	-0.0070	0.0002	-0.0010	0.1046
78	-0.0134	-0.0014	-0.0036	-0.0044	-0.0012	-0.0108	-0.0025	-0.0052	-0.0029	-0.0106	-0.0016	-0.0022	-0.0083	-0.0032	-0.0141	-0.0099	-0.0077	0.1045	-0.0001	-0.0012	0.1045
235	-0.0134	-0.0014	-0.0036	-0.0044	-0.0012	-0.0108	-0.0025	-0.0052	-0.0029	-0.0106	-0.0016	-0.0022	-0.0083	-0.0032	-0.0141	-0.0099	-0.0077	0.1045	-0.0001	-0.0012	0.1045
19	-0.0134	-0.0014	-0.0026	-0.0055	-0.0004	-0.0108	-0.0025	-0.0050	-0.0029	-0.0114	-0.0019	-0.0022	-0.0083	-0.0032	-0.0141	-0.0099	-0.0077	0.1044	-0.0001	-0.0012	0.1044
55	-0.0134	-0.0014	-0.0026	-0.0055	-0.0004	-0.0108	-0.0025	-0.0051	-0.0029	-0.0114	-0.0017	-0.0022	-0.0083	-0.0032	-0.0141	-0.0099	-0.0077	0.1044	-0.0001	-0.0012	0.1044
234	-0.0134	-0.0014	-0.0026	-0.0055	-0.0004	-0.0108	-0.0025	-0.0051	-0.0029	-0.0114	-0.0017	-0.0022	-0.0083	-0.0032	-0.0141	-0.0099	-0.0077	0.1044	-0.0001	-0.0012	0.1044
83	-0.0134	-0.0014	-0.0046	-0.0033	-0.0019	-0.0108	-0.0025	-0.0072	-0.0029	-0.0099	0.0001	-0.0022	-0.0082	-0.0031	-0.0141	-0.0099	-0.0077	0.1042	-0.0000	-0.0012	0.1043
191	-0.0134	-0.0014	-0.0045	-0.0033	-0.0019	-0.0108	-0.0025	-0.0072	-0.0029	-0.0099	0.0001	-0.0022	-0.0082	-0.0031	-0.0141	-0.0099	-0.0077	0.1042	-0.0000	-0.0012	0.1043
49	-0.0134	-0.0014	-0.0036	-0.0044	-0.0012	-0.0108	-0.0025	-0.0070	-0.0029	-0.0106	-0.0000	-0.0022	-0.0083	-0.0031	-0.0141	-0.0099	-0.0077	0.1042	-0.0000	-0.0012	0.1042
134	-0.0134	-0.0014	-0.0036	-0.0044	-0.0011	-0.0108	-0.0025	-0.0070	-0.0029	-0.0106	-0.0000	-0.0022	-0.0083	-0.0031	-0.0141	-0.0099	-0.0077	0.1042	-0.0000	-0.0012	0.1042
261	-0.0097	-0.0010	-0.0045	0.0516	0.0001	-0.0118	-0.0021	-0.0026	0.0518	-0.0079	-0.0002	-0.0044	-0.0082	-0.0058	-0.0199	-0.0099	-0.0090	-0.0060	0.0004	-0.0008	0.1038
38	-0.0108	-0.0009	0.0484	0.0531	0.0002	-0.0150	-0.0035	-0.0024	-0.0060	-0.0077	0.0007	-0.0047	-0.0080	-0.0043	-0.0141	-0.0097	-0.0074	-0.0067	0.0006	-0.0017	0.1030
129	-0.0086	-0.0011	-0.0049	0.0401	0.0001	-0.0089	0.0051	-0.0034	0.0026	-0.0091	0.0004	0.0450	-0.0115	0.0088	-0.0251	-0.0128	-0.0093	-0.0053	0.0004	-0.0024	0.1024
227	-0.0094	-0.0007	0.0489	-0.0058	0.0004	-0.0116	-0.0048	-0.0031	-0.0051	-0.0076	0.0009	0.0514	-0.0079	-0.0026	-0.0140	-0.0127	-0.0086	-0.0058	0.0007	-0.0025	0.1023
184	-0.0100	-0.0011	0.0426	0.0050	-0.0000	-0.0123	0.0079	-0.0027	-0.0043	-0.0090	0.0005	-0.0045	-0.0108	0.0455	-0.0204	-0.0101	-0.0078	-0.0062	0.0003	-0.0024	0.1018
63	-0.0099	-0.0011	0.0421	0.0051	0.0000	-0.0121	0.0078	-0.0027	-0.0044	-0.0090	0.0005	-0.0043	-0.0110	0.0459	-0.0210	-0.0101	-0.0077	-0.0062	0.0004	-0.0023	0.1018
14	-0.0078	-0.0009	-0.0021	-0.0078	0.0001	-0.0081	-0.0130	-0.0024	0.0747	-0.0098	0.0005	-0.0018	-0.0177	-0.0077	0.0250	-0.0092	-0.0071	-0.0048	0.0004	-0.0007	0.1008
262	-0.0075	-0.0003	-0.0041	-0.0022	0.0008	-0.0078	0.0674	-0.0018	-0.0018	0.0294	0.0013	-0.0037	-0.0118	-0.0083	-0.0253	-0.0090	-0.0067	-0.0043	0.0012	-0.0056	0.1000
21	-0.0089	-0.0033	-0.0034	-0.0033	0.0057	-0.0091	-0.0040	-0.0020	0.0000	-0.0089	0.0392	0.0021	-0.0087	-0.0031	-0.0157	-0.0124	-0.0098	-0.0074	0.0004	0.0525	0.0999
155	-0.0133	-0.0013	-0.0025	-0.0031	-0.0003	-0.0084	-0.0023	-0.0060	-0.0028	-0.0077	0.0001	-0.0043	-0.0115	-0.0030	-0.0136	-0.0134	0.0996	-0.0052	-0.0000	-0.0011	0.0998
103	-0.0133	-0.0013	-0.0025	-0.0031	-0.0003	-0.0084	-0.0023	-0.0060	-0.0028	-0.0077	0.0001	-0.0043	-0.0115	-0.0030	-0.0136	-0.0134	0.0996	-0.0052	-0.0000	-0.0011	0.0998
135	-0.0133	-0.0013	-0.0024	-0.0031	-0.0003	-0.0084	-0.0024	-0.0060	-0.0028	-0.0077	0.0001	-0.0042	-0.0115	-0.0030	-0.0136	-0.0133	0.0996	-0.0052	-0.0000	-0.0011	0.0998
170	-0.0133	-0.0013	-0.0025	-0.0031	-0.0003	-0.0084	-0.0023	-0.0060	-0.0028	-0.0077	0.0001	-0.0042	-0.0115	-0.0030	-0.0136	-0.0134	0.0996	-0.0052	-0.0000	-0.0011	0.0998
124	-0.0133	-0.0013	-0.0025	-0.0031	-0.0003	-0.0084	-0.0023	-0.0060	-0.0028	-0.0077	0.0001	-0.0042	-0.0115	-0.0030	-0.0136	-0.0134	0.0996	-0.0052	-0.0000	-0.0011	0.0998
156	-0.0133	-0.0013	-0.0024	-0.0031	-0.0003	-0.0084	-0.0023	-0.0044	-0.0039	-0.0077	-0.0013	-0.0031	-0.0115	-0.0030	-0.0152	-0.0121	0.0996	-0.0052	0.0000	-0.0011	0.0996
164	-0.0133	-0.0013	-0.0024	-0.0031	-0.0003	-0.0084	-0.0023	-0.0044	-0.0039	-0.0077	-0.0013	-0.0031	-0.0115	-0.0030	-0.0152	-0.0121	0.0996	-0.0052	0.0000	-0.0011	0.0996
116	-0.0133	-0.0013	-0.0024	-0.0031	-0.0003	-0.0084	-0.0023	-0.0044	-0.0039	-0.0077	-0.0013	-0.0031	-0.0115	-0.0030	-0.0152	-0.0121	0.0996	-0.0052	0.0000	-0.0011	0.0996
93	-0.0133	-0.0013	-0.0024	-0.0031	-0.0002	-0.0083	-0.0023	-0.0044	-0.0049	-0.0076	-0.0012	-0.0021	-0.0114	-0.0029	-0.0167	-0.0110	0.0993	-0.0051	0.0001	-0.0010	0.0993
10	-0.0103	-0.0020	0.0057	0.0095	-0.0010	-0.0171	0.0023	-0.0038	-0.0070	-0.0040	-0.0005	-0.0071	0.0427	0.0391	-0.0154	-0.0106	-0.0083	-0.0082	-0.0007	-0.0033	0.0992
126	-0.0082	-0.0039	-0.0021	-0.0028	0.0696	-0.0084	-0.0020	-0.0046	-0.0024	-0.0191	0.0007	-0.0017	-0.0080	-0.0027	-0.0139	0.0274	-0.0074	-0.0074	0.0005	-0.0036	0.0981
145	-0.0078	-0.0006	-0.0082	-0.0025	0.0004	-0.0080	-0.0049	-0.0038	-0.0080	-0.0073	0.0009	0.0615	-0.0076	-0.0024	-0.0134	-0.0157	0.0340	-0.0046	0.0008	-0.0026	0.0975
36	-0.0078	-0.0060	-0.0027	-0.0033	-0.0007	-0.0103	-0.0093	-0.0030	-0.0029	-0.0089	-0.0003	-0.0024	-0.0114	-0.0032	0.0973	-0.0112	-0.0071	-0.0051	-0.0005	-0.0014	0.0973
197	-0.0078	-0.0060	-0.0027	-0.0033	-0.0007	-0.0103	-0.0093	-0.0030	-0.0029	-0.0089	-0.0003	-0.0024	-0.0114	-0.0032	0.0973	-0.0112	-0.0071	-0.0051	-0.0005	-0.0014	0.0973
166	-0.0078	-0.0060	-0.0027	-0.0033	-0.0007	-0.0103	-0.0093	-0.0030	-0.0029	-0.0089	-0.0003	-0.0024	-0.0114	-0.0032	0.0973	-0.0112	-0.0071	-0.0051	-0.0005	-0.0014	0.0973
136	-0.0078	-0.0060	-0.0027	-0.0033	-0.0007	-0.0103	-0.0093	-0.0030	-0.0029	-0.0089	-0.0003	-0.0024	-0.0114	-0.0032	0.0973	-0.0112	-0.0071	-0.0051	-0.0005	-0.0014	0.0973
40	-0.0078	-0.0059	-0.0027	-0.0033	-0.0007	-0.0103	-0.0092	-0.0030	-0.0029	-0.0089	-0.0003	-0.0024	-0.0114	-0.0033	0.0973	-0.0112	-0.0071	-0.0051	-0.0005	-0.0014	0.0973
153	-0.0078	-0.0059	-0.0027	-0.0033	-0.0007	-0.0103	-0.0092	-0.0030	-0.0029	-0.0089	-0.0003	-0.0024	-0.0114	-0.0033	0.0973	-0.0112	-0.0071	-0.0051	-0.0005	-0.0014	0.0973
232	-0.0078	-0.0059	-0.0027	-0.0033	-0.0007	-0.0103	-0.0091	-0.0030	-0.0029	-0.0089	-0.0003	-0.0024	-0.0114	-0.0033	0.0972	-0.0112	-0.0071	-0.0051	-0.0005	-0.0014	0.0972
35	-0.0090	0.0037	-0.0030	-0.0037	0.0502	-0.0108	-0.0029	-0.0043	-0.0033	-0.0101	-0.0006	-0.0027	-0.0090	-0.0036	0.0286	-0.0151	-0.0082	-0.0072	0.0147	-0.0037	0.0972
58	-0.0079	-0.0039	-0.0027	-0.0033	-0.0008	-0.0103	-0.0059	-0.0030	-0.0030	-0.0089	-0.0003	-0.0024	-0.0114	-0.0061	0.0964	-0.0102	-0.0072	-0.0051	-0.0026	-0.0015	0.0964
128	-0.0082	-0.0040	-0.0040	-0.0032	-0.0004	-0.0097	0.0560	-0.0029	-0.0028	-0.0095	0.0000	-0.0037	-0.0123	-0.0065	0.0390	-0.0108	-0.0074	-0.0052	-0.0001	-0.0042	0.0951
68	-0.0079	-0.0039	-0.0027	-0.0033	-0.0008	-0.0104	-0.0060	-0.0030	-0.0030	-0.0089	-0.0003	-0.0024	-0.0115	-0.0061	0.0949	-0.0102	-0.0072	-0.0052	-0.0006	-0.0015	0.0949
187	-0.0114	-0.0008	-0.0043	0.0539	0.0003	-0.0120	-0.0019	-0.0024	-0.0058	-0.0093	-0.0014	-0.0016	-0.0078	-0.0042	-0.0138	-0.0094	-0.0072	0.0390	0.0006	-0.0005	0.0939
6	-0.0115	-0.0008	-0.0042	0.0533	0.0003	-0.0119	-0.0019	-0.0024	-0.0056	-0.0095	-0.0015	-0.0016	-0.0078	-0.0041	-0.0138	-0.0094	-0.0072	0.0395	0.0006	-0.0005	0.0937
117	-0.0115	-0.0008	-0.0033	-0.0028	0.0457	-0.0099	-0.0019	0.0405	-0.0023	-0.0103	-0.0003	-0.0030	-0.0080	-0.0026	-0.0142	-0.0112	-0.0108	0.0066	0.0007	-0.0005	0.0934
59	-0.0148	-0.0007	-0.0032	-0.0041	-0.0007	-0.0110	-0.0018	0.0742	-0.0022	-0.0110	-0.0014	-0.0015	-0.0077	-0.0025	-0.0137	-0.0094	-0.0072	0.0183	0.0008	-0.0004	0.0933
161	-0.0076	-0.0000	-0.0012	-0.0020	0.0011	-0.0078	-0.0011	-0.0104	-0.0040	-0.0107	0.0570	-0.0009	-0.0072	-0.0018	-0.0169	-0.0089	-0.0125	0.0333	0.0014	0.0002	0.0931
45	-0.0072	-0.0023	-0.0017	-0.0023	0.0004	-0.0126	-0.0016	-0.0034	-0.0020	-0.0068	0.0009	-0.0065	-0.0070	-0.0022	-0.0241	0.0910	-0.0087	-0.0043	0.0007	-0.0003	0.0931
28	-0.0072	-0.0023	-0.0017	-0.0023	0.0004	-0.0126	-0.0016	-0.0034	-0.0020	-0.0068	0.0009	-0.0065	-0.0070	-0.0022	-0.0241	0.0910	-0.0087	-0.0043	0.0007	-0.0003	0.0931
209	-0.0081	-0.0013	-0.0025	-0.0111	-0.0003	-0.0084	-0.0024	-0.0036	0.0597	-0.0077	-0.0006	-0.0069	-0.0079	-0.0062	0.0330	-0.0095	-0.0101	-0.0051	-0.0000	-0.0011	0.0927
130	-0.0075	-0.0000	-0.0012	-0.0020	0.0002	-0.0078	-0.0011	0.0425	-0.0029	-0.0102	0.0481	-0.0020	-0.0073	-0.0019	-0.0154	-0.0102	-0.0130	-0.0100	0.0015	0.0003	0.0926
142	-0.0119	-0.0013	-0.0025	-0.0032	-0.0003	-0.0084	-0.0024	-0.0028	-0.0041	-0.0099	-0.0016	-0.0021	0.0544	-0.0046	-0.0179	-0.0124	0.0376	-0.0052	-0.0001	-0.0011	0.0920
4	-0.0121	-0.0013	-0.0025	-0.0032	-0.0003	-0.0084	-0.0024	-0.0028	-0.0042	-0.0098	-0.0017	-0.0021	0.0539	-0.0045	-0.0179	-0.0123	0.0380	-0.0052	-0.0000	-0.0011	0.0919
18	-0.0071	-0.0042	-0.0016	-0.0023	0.0004	-0.0112	-0.0072	-0.0020	-0.0019	-0.0090	0.0009	-0.0014	-0.0158	-0.0081	-0.0088	0.0898	-0.0064	-0.0042	0.0004	-0.0003	0.0916
113	-0.0069	0.0004	-0.0008	-0.0015	0.0501	-0.0071	-0.0022	-0.0023	-0.0011	0.0363	0.0012	-0.0004	-0.0293	-0.0027	-0.0166	-0.0084	-0.0061	-0.0061	0.0018	0.0017	0.0915
74	-0.0081	-0.0013	-0.0025	-0.0063	-0.0003	-0.0084	-0.0085	-0.0028	-0.0056	-0.0094	0.0001	-0.0021	-0.0127	0.0587	0.0325	-0.0095	-0.0074	-0.0052	-0.0000	-0.0011	0.0913
141	-0.0104	-0.0009	-0.0066	0.0624	0.0002	0.0276	-0.0019	-0.0024	-0.0093	-0.0075	0.0006	-0.0017	-0.0077	-0.0057	-0.0136	-0.0094	-0.0071	-0.0065	0.0005	-0.0006	0.0913
91	-0.0097	-0.0026	-0.0069	-0.0027	0.0002	0.0892	-0.0019	-0.0023	-0.0023	-0.0072	0.0006	-0.0016	-0.0074	-0.0025	-0.0161	-0.0139	-0.0069	-0.0061	0.0005	-0.0006	0.0905
53	-0.0097	-0.0025	-0.0068	-0.0027	0.0002	0.0892	-0.0019	-0.0023	-0.0023	-0.0072	0.0006	-0.0016	-0.0074	-0.0025	-0.0162	-0.0138	-0.0069	-0.0061	0.0005	-0.0006	0.0904
203	-0.0097	-0.0026	-0.0069	-0.0027	0.0002	0.0892	-0.0019	-0.0023	-0.0023	-0.0071	0.0006	-0.0016	-0.0074	-0.0025	-0.0161	-0.0139	-0.0068	-0.0061	0.0005	-0.0006	0.0904
215	-0.0079	-0.0040	-0.0023	-0.0030	-0.0002	-0.0109	-0.0065	-0.0027	-0.0026	-0.0092	0.0002	-0.0020	-0.0128	0.0449	0.0453	-0.0106	-0.0072	-0.0050	-0.0025	-0.0010	0.0904
29	-0.0097	-0.0025	-0.0069	-0.0027	0.0002	0.0892	-0.0019	-0.0023	-0.0022	-0.0071	0.0006	-0.0016	-0.0074	-0.0025	-0.0162	-0.0138	-0.0068	-0.0061	0.0004	-0.0006	0.0904
256	-0.0097	-0.0025	-0.0069	-0.0027	0.0002	0.0892	-0.0019	-0.0023	-0.0022	-0.0071	0.0006	-0.0016	-0.0074	-0.0025	-0.0162	-0.0138	-0.0068	-0.0061	0.0004	-0.0006	0.0904
20	-0.0097	-0.0025	-0.0069	-0.0027	0.0002	0.0892	-0.0019	-0.0023	-0.0022	-0.0071	0.0006	-0.0016	-0.0074	-0.0025	-0.0162	-0.0138	-0.0068	-0.0061	0.0004	-0.0006	0.0904
207	0.0886	-0.0008	-0.0040	-0.0027	0.0002	-0.0100	-0.0018	-0.0023	-0.0022	-0.0071	0.0006	-0.0016	-0.0109	-0.0025	-0.0129	-0.0105	-0.0119	-0.0080	0.0005	-0.0006	0.0899
125	0.0886	-0.0008	-0.0040	-0.0027	0.0002	-0.0100	-0.0018	-0.0023	-0.0022	-0.0071	0.0006	-0.0016	-0.0109	-0.0025	-0.0129	-0.0105	-0.0119	-0.0080	0.0005	-0.0006	0.0899
100	0.0886	-0.0008	-0.0040	-0.0027	0.0002	-0.0100	-0.0018	-0.0023	-0.0022	-0.0071	0.0006	-0.0016	-0.0109	-0.0025	-0.0129	-0.0105	-0.0119	-0.0080	0.0005	-0.0006	0.0899
109	0.0886	-0.0008	-0.0037	-0.0029	0.0002	-0.0100	-0.0018	-0.0023	-0.0022	-0.0071	0.0006	-0.0016	-0.0109	-0.0025	-0.0129	-0.0105	-0.0119	-0.0080	0.0005	-0.0006	0.0899
61	0.0886	-0.0008	-0.0040	-0.0026	0.0002	-0.0100	-0.0018	-0.0023	-0.0022	-0.0071	0.0006	-0.0016	-0.0109	-0.0025	-0.0129	-0.0105	-0.0119	-0.0080	0.0005	-0.0006	0.0899
110	0.0886	-0.0008	-0.0040	-0.0026	0.0002	-0.0100	-0.0018	-0.0023	-0.0022	-0.0071	0.0006	-0.0016	-0.0109	-0.0025	-0.0129	-0.0105	-0.0119	-0.0080	0.0005	-0.0006	0.0899
101	0.0886	-0.0008	-0.0040	-0.0026	0.0002	-0.0100	-0.0018	-0.0023	-0.0022	-0.0071	0.0006	-0.0016	-0.0109	-0.0025	-0.0129	-0.0105	-0.0119	-0.0080	0.0005	-0.0006	0.0899
162	0.0885	-0.0008	-0.0030	-0.0038	0.0002	-0.0100	-0.0018	-0.0023	-0.0022	-0.0071	0.0006	-0.0016	-0.0109	-0.0025	-0.0129	-0.0105	-0.0119	-0.0080	0.0005	-0.0006	0.0899
257	0.0885	-0.0008	-0.0030	-0.0037	0.0002	-0.0100	-0.0018	-0.0023	-0.0022	-0.0071	0.0006	-0.0016	-0.0109	-0.0025	-0.0129	-0.0105	-0.0119	-0.0080	0.0005	-0.0006	0.0899
202	0.0885	-0.0008	-0.0030	-0.0037	0.0002	-0.0100	-0.0018	-0.0023	-0.0022	-0.0071	0.0006	-0.0016	-0.0109	-0.0025	-0.0129	-0.0105	-0.0119	-0.0080	0.0005	-0.0006	0.0899
147	0.0885	-0.0008	-0.0030	-0.0037	0.0002	-0.0100	-0.0018	-0.0023	-0.0022	-0.0071	0.0006	-0.0016	-0.0109	-0.0025	-0.0129	-0.0105	-0.0119	-0.0080	0.0005	-0.0006	0.0899
192	0.0885	-0.0008	-0.0029	-0.0038	0.0002	-0.0100	-0.0018	-0.0023	-0.0022	-0.0071	0.0006	-0.0016	-0.0109	-0.0025	-0.0129	-0.0105	-0.0119	-0.0080	0.0005	-0.0006	0.0899
243	0.0884	-0.0008	-0.0019	-0.0049	0.0002	-0.0100	-0.0018	-0.0023	-0.0022	-0.0071	0.0007	-0.0016	-0.0109	-0.0025	-0.0129	-0.0105	-0.0119	-0.0080	0.0005	-0.0006	0.0898
54	0.0884	-0.0008	-0.0019	-0.0049	0.0002	-0.0100	-0.0018	-0.0023	-0.0022	-0.0071	0.0007	-0.0016	-0.0109	-0.0025	-0.0129	-0.0105	-0.0119	-0.0080	0.0005	-0.0006	0.0898
222	0.0884	-0.0008	-0.0029	-0.0038	0.0002	-0.0100	-0.0018	-0.0023	-0.0022	-0.0071	0.0006	-0.0016	-0.0109	-0.0025	-0.0129	-0.0105	-0.0119	-0.0080	0.0005	-0.0006	0.0897
75	-0.0082	-0.0011	-0.0057	-0.0047	-0.0000	-0.0086	0.0057	-0.0034	0.0026	-0.0086	0.0003	0.0099	-0.0105	0.0453	-0.0219	0.0255	-0.0091	-0.0051	0.0003	-0.0027	0.0897
219	-0.0096	-0.0016	-0.0044	-0.0051	0.0003	0.0886	-0.0017	-0.0022	-0.0021	-0.0070	0.0007	-0.0015	-0.0073	-0.0024	-0.0199	-0.0114	-0.0067	-0.0060	-0.0002	-0.0005	0.0896
242	-0.0099	-0.0013	-0.0025	-0.0049	-0.0003	-0.0086	-0.0056	-0.0028	-0.0044	-0.0111	0.0001	-0.0022	0.0176	0.0472	-0.0204	0.0247	-0.0091	-0.0053	-0.0001	-0.0011	0.0896
225	-0.0095	-0.0015	-0.0041	-0.0054	0.0003	0.0885	-0.0017	-0.0021	-0.0021	-0.0070	0.0008	-0.0015	-0.0073	-0.0024	-0.0204	-0.0111	-0.0067	-0.0059	-0.0003	-0.0005	0.0896
119	-0.0095	-0.0015	-0.0041	-0.0054	0.0003	0.0878	-0.0017	-0.0022	-0.0021	-0.0070	0.0008	-0.0015	-0.0073	-0.0024	-0.0205	-0.0111	-0.0067	-0.0059	0.0006	-0.0005	0.0895
118	-0.0095	-0.0015	-0.0041	-0.0054	0.0003	0.0878	-0.0017	-0.0022	-0.0021	-0.0070	0.0008	-0.0015	-0.0073	-0.0024	-0.0205	-0.0111	-0.0067	-0.0059	0.0006	-0.0005	0.0895
216	-0.0095	-0.0015	-0.0041	-0.0054	0.0003	0.0884	-0.0017	-0.0021	-0.0021	-0.0070	0.0008	-0.0015	-0.0073	-0.0024	-0.0204	-0.0111	-0.0067	-0.0059	-0.0001	-0.0005	0.0894
180	-0.0081	-0.0014	-0.0025	-0.0049	-0.0004	-0.0097	-0.0054	-0.0028	-0.0043	-0.0094	0.0001	-0.0022	-0.0122	0.0507	0.0380	-0.0095	-0.0074	-0.0052	-0.0022	-0.0012	0.0888
179	-0.0081	-0.0014	-0.0025	-0.0048	-0.0004	-0.0098	-0.0051	-0.0028	-0.0042	-0.0094	0.0001	-0.0022	-0.0123	0.0501	0.0385	-0.0095	-0.0074	-0.0052	-0.0024	-0.0012	0.0886
37	0.0334	-0.0013	-0.0035	-0.0030	-0.0003	-0.0095	-0.0040	-0.0027	-0.0027	-0.0097	0.0002	-0.0021	0.0548	-0.0029	-0.0156	-0.0122	-0.0108	-0.0070	0.0001	-0.0010	0.0884
230	0.0333	-0.0013	-0.0027	-0.0040	-0.0003	-0.0095	-0.0036	-0.0027	-0.0027	-0.0098	0.0002	-0.0020	0.0548	-0.0033	-0.0156	-0.0122	-0.0108	-0.0070	0.0001	-0.0010	0.0884
211	-0.0093	-0.0004	-0.0016	-0.0079	0.0006	0.0858	-0.0014	-0.0019	-0.0018	-0.0068	0.0011	-0.0012	-0.0070	-0.0021	-0.0260	-0.0086	-0.0065	-0.0057	0.0009	-0.0002	0.0884
193	-0.0093	-0.0004	-0.0016	-0.0079	0.0006	0.0858	-0.0014	-0.0019	-0.0018	-0.0068	0.0011	-0.0012	-0.0070	-0.0021	-0.0260	-0.0086	-0.0065	-0.0057	0.0009	-0.0002	0.0884
250	-0.0083	-0.0015	-0.0026	-0.0048	-0.0005	-0.0116	-0.0046	-0.0036	-0.0007	-0.0088	-0.0002	-0.0026	-0.0103	0.0488	0.0392	-0.0115	-0.0088	-0.0053	-0.0009	-0.0013	0.0880
79	-0.0111	-0.0012	0.0127	0.0385	-0.0002	0.0244	-0.0042	-0.0027	0.0119	-0.0079	0.0002	-0.0061	-0.0081	-0.0048	-0.0147	-0.0098	-0.0077	-0.0071	0.0002	-0.0023	0.0879
254	-0.0101	-0.0006	-0.0042	0.0534	0.0004	0.0332	-0.0017	-0.0022	-0.0057	-0.0072	0.0009	-0.0015	-0.0075	-0.0040	-0.0199	-0.0092	-0.0069	-0.0063	-0.0003	-0.0004	0.0878
122	-0.0102	-0.0007	-0.0041	0.0532	0.0004	0.0329	-0.0017	-0.0022	-0.0057	-0.0073	0.0009	-0.0015	-0.0075	-0.0041	-0.0200	-0.0092	-0.0070	-0.0063	0.0004	-0.0004	0.0878
88	-0.0071	-0.0003	-0.0014	-0.0021	-0.0032	-0.0074	-0.0039	-0.0036	-0.0017	0.0854	0.0012	-0.0011	-0.0168	-0.0020	-0.0157	-0.0085	-0.0064	-0.0062	0.0010	-0.0001	0.0876
137	-0.0071	-0.0003	-0.0014	-0.0021	-0.0032	-0.0074	-0.0039	-0.0036	-0.0017	0.0854	0.0012	-0.0011	-0.0168	-0.0020	-0.0157	-0.0085	-0.0064	-0.0062	0.0010	-0.0001	0.0876
246	0.0346	-0.0005	0.0502	-0.0051	0.0006	-0.0114	-0.0032	-0.0020	-0.0019	-0.0070	0.0011	-0.0044	-0.0093	-0.0022	-0.0131	-0.0098	-0.0095	-0.0067	0.0009	-0.0013	0.0875
150	-0.0096	-0.0022	0.0005	-0.0040	-0.0001	0.0296	0.0463	-0.0037	-0.0054	-0.0079	0.0004	0.0099	-0.0082	-0.0031	-0.0173	-0.0080	-0.0091	-0.0060	0.0002	-0.0024	0.0869
152	0.0338	-0.0008	-0.0001	0.0514	0.0003	-0.0116	-0.0020	-0.0023	-0.0049	-0.0074	0.0007	-0.0020	-0.0099	-0.0038	-0.0135	-0.0103	-0.0103	-0.0072	0.0006	-0.0007	0.0868
102	-0.0075	-0.0003	-0.0015	-0.0022	-0.0001	-0.0078	-0.0014	0.0530	-0.0031	-0.0101	-0.0020	-0.0023	-0.0073	-0.0021	-0.0151	-0.0102	-0.0130	0.0322	0.0011	-0.0001	0.0863
22	-0.0076	-0.0003	-0.0015	-0.0022	-0.0002	-0.0078	-0.0014	0.0529	-0.0030	-0.0101	-0.0019	-0.0024	-0.0073	-0.0021	-0.0150	-0.0103	-0.0130	0.0322	0.0011	-0.0001	0.0862
178	-0.0093	-0.0018	-0.0016	-0.0023	-0.0016	-0.0074	-0.0015	-0.0020	-0.0019	-0.0083	0.0009	-0.0013	-0.0173	-0.0022	-0.0124	0.0852	-0.0086	-0.0043	-0.0005	-0.0016	0.0861
198	-0.0093	-0.0018	-0.0016	-0.0023	-0.0014	-0.0074	-0.0016	-0.0020	-0.0019	-0.0085	0.0009	-0.0013	-0.0173	-0.0022	-0.0124	0.0852	-0.0086	-0.0043	-0.0006	-0.0015	0.0861
51	-0.0072	-0.0003	-0.0015	-0.0021	-0.0012	-0.0074	-0.0026	-0.0036	-0.0018	0.0837	0.0011	-0.0011	-0.0169	-0.0032	-0.0158	-0.0086	-0.0064	-0.0062	0.0010	-0.0001	0.0858
67	-0.0103	-0.0016	-0.0010	0.0508	0.0003	0.0337	-0.0020	-0.0023	-0.0047	-0.0074	0.0008	-0.0020	-0.0076	-0.0037	-0.0175	-0.0116	-0.0071	-0.0064	0.0002	-0.0007	0.0858
30	-0.0083	-0.0031	-0.0029	-0.0057	-0.0005	-0.0105	-0.0025	-0.0031	0.0477	-0.0087	-0.0007	-0.0026	-0.0103	-0.0001	0.0380	-0.0100	-0.0089	-0.0053	-0.0011	-0.0015	0.0857
69	-0.0083	-0.0033	-0.0028	-0.0054	-0.0005	-0.0106	-0.0027	-0.0030	0.0472	-0.0088	-0.0007	-0.0024	-0.0105	0.0000	0.0385	-0.0100	-0.0088	-0.0053	-0.0011	-0.0014	0.0857
127	-0.0075	-0.0007	-0.0019	-0.0025	-0.0037	-0.0078	-0.0018	-0.0022	-0.0021	0.0855	-0.0009	-0.0015	-0.0074	-0.0024	-0.0129	-0.0141	-0.0068	-0.0066	-0.0021	-0.0005	0.0855
32	-0.0072	-0.0003	-0.0015	-0.0021	-0.0013	-0.0074	-0.0027	-0.0028	-0.0018	0.0839	0.0004	-0.0011	-0.0169	-0.0031	-0.0158	-0.0086	-0.0064	-0.0062	0.0010	-0.0001	0.0853
200	-0.0072	-0.0003	-0.0015	-0.0021	-0.0013	-0.0074	-0.0027	-0.0028	-0.0018	0.0839	0.0004	-0.0011	-0.0169	-0.0031	-0.0158	-0.0086	-0.0064	-0.0062	0.0010	-0.0001	0.0853
174	-0.0072	-0.0003	-0.0015	-0.0021	-0.0013	-0.0074	-0.0027	-0.0028	-0.0018	0.0839	0.0004	-0.0011	-0.0169	-0.0031	-0.0158	-0.0086	-0.0064	-0.0062	0.0010	-0.0001	0.0853
66	-0.0072	-0.0003	-0.0015	-0.0021	-0.0013	-0.0074	-0.0027	-0.0028	-0.0018	0.0839	0.0004	-0.0011	-0.0169	-0.0031	-0.0158	-0.0086	-0.0064	-0.0062	0.0010	-0.0001	0.0853
26	-0.0072	-0.0003	-0.0015	-0.0021	-0.0013	-0.0074	-0.0027	-0.0028	-0.0018	0.0839	0.0004	-0.0011	-0.0169	-0.0031	-0.0158	-0.0086	-0.0064	-0.0062	0.0010	-0.0001	0.0853
5	-0.0072	-0.0003	-0.0015	-0.0021	-0.0012	-0.0074	-0.0026	-0.0028	-0.0018	0.0838	0.0003	-0.0011	-0.0169	-0.0032	-0.0158	-0.0086	-0.0064	-0.0062	0.0010	-0.0001	0.0851
224	-0.0072	-0.0003	-0.0015	-0.0021	-0.0012	-0.0074	-0.0026	-0.0028	-0.0018	0.0838	0.0003	-0.0011	-0.0169	-0.0032	-0.0158	-0.0086	-0.0064	-0.0062	0.0010	-0.0001	0.0851
81	-0.0094	-0.0006	-0.0017	-0.0023	0.0004	-0.0075	-0.0016	-0.0020	-0.0020	-0.0101	0.0009	-0.0013	-0.0175	-0.0022	-0.0125	0.0835	-0.0086	-0.0043	-0.0006	-0.0004	0.0847
62	-0.0097	-0.0011	0.0420	-0.0056	0.0009	0.0402	-0.0013	-0.0017	-0.0017	-0.0068	0.0014	-0.0010	-0.0071	-0.0019	-0.0230	-0.0114	-0.0065	-0.0058	0.0001	0.0001	0.0846
131	-0.0097	-0.0011	0.0420	-0.0056	0.0009	0.0402	-0.0013	-0.0017	-0.0017	-0.0068	0.0014	-0.0010	-0.0071	-0.0019	-0.0230	-0.0114	-0.0065	-0.0058	0.0001	0.0001	0.0846
252	-0.0077	-0.0005	-0.0017	-0.0024	-0.0014	-0.0079	-0.0016	0.0515	-0.0020	-0.0094	-0.0011	-0.0038	-0.0074	-0.0023	-0.0132	-0.0116	0.0322	-0.0103	0.0008	-0.0003	0.0846
1	-0.0084	-0.0026	-0.0043	-0.0032	-0.0003	-0.0111	0.0503	-0.0037	-0.0037	-0.0088	0.0001	0.0045	-0.0104	-0.0057	-0.0048	0.0295	-0.0089	-0.0053	-0.0000	-0.0032	0.0845
188	0.0344	-0.0006	0.0469	0.0007	0.0005	-0.0112	-0.0028	-0.0021	-0.0025	-0.0072	0.0010	-0.0036	-0.0099	-0.0025	-0.0133	-0.0102	-0.0103	-0.0071	0.0008	-0.0011	0.0843
77	-0.0074	-0.0006	-0.0017	-0.0024	-0.0017	-0.0077	-0.0016	-0.0021	-0.0020	0.0841	-0.0008	-0.0014	-0.0112	-0.0034	-0.0143	-0.0115	-0.0067	-0.0065	-0.0007	-0.0004	0.0841
165	-0.0074	-0.0006	-0.0017	-0.0024	-0.0017	-0.0077	-0.0016	-0.0021	-0.0020	0.0841	-0.0008	-0.0014	-0.0112	-0.0034	-0.0143	-0.0115	-0.0067	-0.0065	-0.0007	-0.0004	0.0841
168	-0.0072	-0.0003	-0.0015	-0.0021	0.0006	-0.0074	-0.0014	-0.0028	-0.0018	0.0822	0.0003	-0.0011	-0.0169	-0.0044	-0.0158	-0.0086	-0.0064	-0.0063	0.0010	-0.0001	0.0841
94	-0.0135	-0.0004	-0.0027	-0.0037	-0.0002	-0.0103	-0.0014	0.0349	-0.0019	-0.0102	0.0010	-0.0012	-0.0073	-0.0021	-0.0132	-0.0090	-0.0068	0.0470	0.0010	-0.0001	0.0840
24	-0.0072	0.0001	-0.0010	-0.0018	0.0011	-0.0074	-0.0009	-0.0057	-0.0026	0.0333	0.0474	-0.0007	-0.0119	-0.0030	-0.0166	-0.0087	-0.0092	-0.0072	0.0015	0.0004	0.0839
8	-0.0106	-0.0003	-0.0018	-0.0033	-0.0001	-0.0091	-0.0014	0.0431	-0.0021	-0.0101	0.0000	-0.0021	-0.0073	-0.0021	-0.0137	-0.0099	-0.0097	0.0397	0.0011	-0.0001	0.0839
221	-0.0103	-0.0004	-0.0027	-0.0023	-0.0010	-0.0090	-0.0014	0.0436	-0.0019	-0.0093	0.0001	-0.0025	-0.0073	-0.0021	-0.0132	-0.0103	-0.0100	0.0391	0.0010	-0.0001	0.0838
123	-0.0074	-0.0006	-0.0017	-0.0024	-0.0015	-0.0077	-0.0017	-0.0030	-0.0020	0.0837	0.0001	-0.0014	-0.0116	-0.0034	-0.0144	-0.0113	-0.0067	-0.0064	-0.0002	-0.0004	0.0838
259	-0.0072	-0.0003	-0.0015	-0.0022	0.0006	-0.0074	-0.0014	-0.0018	-0.0018	0.0822	-0.0005	-0.0011	-0.0169	-0.0044	-0.0158	-0.0086	-0.0064	-0.0063	0.0010	-0.0001	0.0838
144	-0.0072	-0.0003	-0.0015	-0.0022	0.0006	-0.0074	-0.0014	-0.0018	-0.0018	0.0822	-0.0005	-0.0011	-0.0169	-0.0044	-0.0158	-0.0086	-0.0064	-0.0063	0.0010	-0.0001	0.0838
114	-0.0072	-0.0003	-0.0015	-0.0022	0.0006	-0.0074	-0.0014	-0.0018	-0.0018	0.0822	-0.0005	-0.0011	-0.0169	-0.0044	-0.0158	-0.0086	-0.0064	-0.0063	0.0010	-0.0001	0.0838
56	-0.0075	-0.0006	-0.0017	-0.0024	-0.0016	-0.0077	-0.0017	-0.0030	-0.0020	0.0832	0.0001	-0.0014	-0.0112	-0.0034	-0.0143	-0.0115	-0.0067	-0.0065	0.0004	-0.0004	0.0837
182	-0.0075	-0.0006	-0.0017	-0.0024	-0.0016	-0.0077	-0.0017	-0.0030	-0.0020	0.0832	0.0001	-0.0014	-0.0112	-0.0034	-0.0143	-0.0115	-0.0067	-0.0065	0.0004	-0.0004	0.0837
169	-0.0075	-0.0006	-0.0017	-0.0024	-0.0016	-0.0077	-0.0017	-0.0030	-0.0020	0.0832	0.0001	-0.0014	-0.0112	-0.0034	-0.0143	-0.0115	-0.0067	-0.0065	0.0004	-0.0004	0.0837
112	-0.0075	-0.0006	-0.0017	-0.0024	-0.0016	-0.0077	-0.0017	-0.0030	-0.0020	0.0832	0.0001	-0.0014	-0.0112	-0.0034	-0.0143	-0.0115	-0.0067	-0.0065	0.0004	-0.0004	0.0837
159	0.0136	-0.0004	-0.0029	-0.0039	0.0006	-0.0105	-0.0015	-0.0020	-0.0019	-0.0070	0.0011	-0.0012	-0.0125	-0.0022	-0.0130	-0.0109	-0.0137	0.0674	0.0010	-0.0002	0.0837
31	-0.0108	-0.0004	-0.0016	-0.0023	-0.0001	-0.0078	-0.0015	0.0422	-0.0030	-0.0082	0.0016	-0.0026	-0.0097	-0.0022	-0.0147	-0.0114	0.0388	-0.0071	0.0010	-0.0002	0.0835
97	-0.0074	-0.0006	-0.0017	-0.0024	0.0003	-0.0076	-0.0025	-0.0038	-0.0020	0.0817	0.0008	-0.0014	-0.0123	-0.0028	-0.0147	-0.0109	-0.0066	-0.0064	0.0007	-0.0004	0.0835
218	-0.0078	0.0418	-0.0021	-0.0028	0.0000	-0.0113	-0.0135	-0.0025	-0.0024	-0.0094	0.0005	-0.0018	-0.0142	-0.0027	0.0147	0.0260	-0.0071	-0.0048	0.0003	-0.0008	0.0832
15	-0.0082	-0.0013	-0.0024	-0.0031	-0.0032	-0.0084	-0.0024	-0.0028	-0.0027	0.0068	-0.0020	-0.0021	0.0452	-0.0046	-0.0158	-0.0133	-0.0074	0.0310	-0.0020	-0.0011	0.0830
33	-0.0046	-0.0012	-0.0023	0.0467	-0.0001	-0.0111	-0.0024	-0.0039	0.0017	-0.0078	-0.0000	-0.0012	-0.0102	-0.0042	-0.0146	-0.0117	0.0342	-0.0063	0.0002	-0.0011	0.0828
27	0.0302	-0.0008	0.0037	-0.0036	0.0002	-0.0098	-0.0036	-0.0034	-0.0046	-0.0075	0.0007	0.0469	-0.0095	-0.0026	-0.0136	-0.0129	-0.0023	-0.0063	0.0006	-0.0017	0.0824
240	-0.0100	-0.0009	0.0469	-0.0001	0.0006	0.0337	-0.0027	-0.0020	-0.0024	-0.0071	0.0011	-0.0035	-0.0074	-0.0025	-0.0195	-0.0101	-0.0068	-0.0061	0.0000	-0.0011	0.0823
140	-0.0082	-0.0082	-0.0025	-0.0032	-0.0004	-0.0116	-0.0024	-0.0028	-0.0028	0.0259	0.0000	-0.0022	-0.0080	-0.0031	0.0278	-0.0128	-0.0074	-0.0052	0.0283	-0.0012	0.0820
105	-0.0067	-0.0018	-0.0010	-0.0016	0.0012	-0.0131	-0.0009	-0.0029	-0.0013	-0.0062	0.0017	-0.0068	-0.0064	-0.0015	-0.0278	0.0421	0.0347	-0.0037	0.0015	0.0004	0.0816
163	0.0309	-0.0007	-0.0019	-0.0039	0.0004	-0.0093	-0.0018	-0.0040	-0.0038	-0.0073	0.0004	0.0426	-0.0121	-0.0024	-0.0157	-0.0113	0.0065	-0.0066	0.0007	-0.0005	0.0814
13	-0.0090	-0.0017	0.0440	-0.0049	0.0004	-0.0054	-0.0035	-0.0030	-0.0030	-0.0072	0.0008	0.0046	-0.0075	-0.0024	-0.0181	0.0307	-0.0083	-0.0055	0.0007	-0.0016	0.0812
228	-0.0092	-0.0019	0.0029	-0.0035	0.0002	0.0306	-0.0035	-0.0032	-0.0044	-0.0074	0.0007	0.0461	-0.0077	-0.0026	-0.0166	-0.0054	-0.0084	-0.0057	0.0006	-0.0017	0.0812
121	-0.0018	-0.0010	-0.0029	0.0035	0.0001	-0.0105	-0.0021	-0.0030	0.0464	-0.0078	-0.0002	-0.0037	-0.0102	-0.0045	-0.0173	-0.0107	-0.0045	0.0308	0.0004	-0.0008	0.0811
148	-0.0072	-0.0000	-0.0012	-0.0019	-0.0005	-0.0074	-0.0021	0.0453	-0.0025	0.0333	-0.0004	-0.0011	-0.0119	-0.0021	-0.0161	-0.0089	-0.0095	-0.0074	0.0014	0.0002	0.0802
183	-0.0072	-0.0000	-0.0012	-0.0020	0.0008	-0.0074	-0.0011	0.0434	-0.0027	0.0325	0.0017	-0.0009	-0.0124	-0.0032	-0.0166	-0.0088	-0.0092	-0.0072	0.0013	0.0002	0.0799
196	-0.0072	-0.0001	-0.0012	-0.0019	0.0003	-0.0074	-0.0016	0.0422	-0.0017	0.0333	0.0025	-0.0018	-0.0130	-0.0029	-0.0152	-0.0096	-0.0090	-0.0070	0.0013	0.0002	0.0797
231	-0.0017	-0.0020	-0.0014	0.0471	-0.0014	-0.0108	-0.0024	-0.0026	-0.0042	-0.0079	0.0004	-0.0022	-0.0099	-0.0035	-0.0138	0.0302	-0.0093	-0.0063	0.0003	0.0013	0.0794
190	-0.0083	-0.0014	-0.0025	-0.0062	-0.0003	0.0253	-0.0028	-0.0039	0.0459	-0.0087	0.0001	-0.0042	-0.0105	-0.0019	0.0064	-0.0107	-0.0092	-0.0052	-0.0008	-0.0011	0.0777
244	-0.0102	-0.0014	-0.0015	-0.0021	0.0006	-0.0103	-0.0014	-0.0041	-0.0019	-0.0067	0.0011	-0.0044	-0.0091	-0.0020	-0.0180	0.0350	0.0399	-0.0042	0.0010	-0.0001	0.0775
175	-0.0102	-0.0014	-0.0015	-0.0021	0.0006	-0.0103	-0.0014	-0.0041	-0.0019	-0.0067	0.0011	-0.0044	-0.0091	-0.0020	-0.0180	0.0350	0.0399	-0.0042	0.0010	-0.0001	0.0775
108	-0.0102	-0.0014	-0.0015	-0.0021	0.0006	-0.0103	-0.0014	-0.0041	-0.0019	-0.0067	0.0011	-0.0044	-0.0091	-0.0020	-0.0180	0.0350	0.0399	-0.0042	0.0010	-0.0001	0.0775
171	-0.0089	-0.0026	0.0385	-0.0024	0.0005	0.0038	-0.0016	-0.0028	-0.0020	-0.0070	0.0010	-0.0044	-0.0073	-0.0022	-0.0222	0.0325	-0.0081	-0.0054	0.0009	-0.0003	0.0772
253	0.0409	-0.0002	-0.0038	-0.0021	0.0008	-0.0099	-0.0013	-0.0017	-0.0017	-0.0067	0.0013	-0.0010	-0.0113	-0.0019	-0.0126	-0.0103	-0.0125	0.0330	0.0011	-0.0000	0.0771
195	-0.0071	-0.0001	-0.0012	-0.0019	0.0000	-0.0073	-0.0022	0.0381	-0.0015	0.0376	0.0005	-0.0008	-0.0136	-0.0024	-0.0150	-0.0108	-0.0063	-0.0064	0.0003	0.0002	0.0766
50	-0.0104	-0.0001	-0.0013	-0.0035	0.0008	-0.0089	-0.0012	-0.0018	-0.0017	0.0309	0.0344	-0.0010	-0.0125	-0.0033	-0.0150	-0.0089	-0.0066	0.0089	0.0012	0.0001	0.0764
46	0.0279	-0.0005	-0.0016	-0.0023	0.0005	-0.0076	-0.0015	-0.0058	-0.0020	-0.0069	0.0010	-0.0038	-0.0116	-0.0022	-0.0127	-0.0132	0.0460	-0.0043	0.0008	-0.0002	0.0763
239	-0.0104	-0.0014	-0.0025	-0.0032	-0.0004	-0.0102	-0.0024	-0.0029	-0.0046	-0.0084	-0.0015	-0.0022	-0.0002	-0.0057	0.0396	-0.0111	0.0362	-0.0051	-0.0024	-0.0012	0.0758
199	0.0348	-0.0004	-0.0027	-0.0034	0.0004	-0.0099	-0.0014	-0.0025	-0.0018	-0.0085	-0.0005	-0.0012	-0.0093	-0.0021	-0.0127	-0.0096	-0.0096	0.0397	0.0010	-0.0001	0.0758
115	0.0340	-0.0005	-0.0025	-0.0026	0.0006	-0.0087	-0.0015	-0.0039	-0.0030	-0.0068	0.0010	-0.0016	-0.0109	-0.0021	-0.0142	-0.0108	0.0391	-0.0062	0.0009	-0.0002	0.0755
212	0.0406	-0.0005	-0.0040	-0.0023	0.0006	-0.0100	-0.0015	-0.0020	-0.0019	-0.0068	0.0010	-0.0013	-0.0115	-0.0021	-0.0126	-0.0105	0.0323	-0.0083	0.0009	-0.0002	0.0753
210	-0.0108	-0.0020	-0.0016	-0.0023	-0.0019	-0.0075	-0.0015	-0.0038	-0.0019	-0.0069	0.0009	-0.0025	-0.0110	-0.0022	-0.0126	0.0337	0.0392	-0.0043	0.0008	-0.0018	0.0746
89	0.0340	-0.0005	-0.0025	-0.0026	0.0005	-0.0088	-0.0015	-0.0025	-0.0030	-0.0069	-0.0003	-0.0016	-0.0109	-0.0022	-0.0142	-0.0108	0.0392	-0.0062	0.0009	-0.0002	0.0745
17	0.0355	-0.0010	-0.0034	-0.0035	0.0008	0.0352	-0.0013	-0.0017	-0.0017	-0.0066	0.0012	-0.0011	-0.0090	-0.0019	-0.0153	-0.0114	-0.0093	-0.0065	0.0010	-0.0000	0.0737
73	-0.0096	0.0062	-0.0028	-0.0034	-0.0026	-0.0098	-0.0055	-0.0031	-0.0031	-0.0091	-0.0003	-0.0025	0.0053	-0.0034	0.0344	0.0277	-0.0088	-0.0054	-0.0009	-0.0033	0.0736
173	-0.0074	-0.0028	-0.0019	-0.0026	-0.0004	-0.0089	-0.0044	-0.0033	-0.0022	0.0322	0.0005	-0.0016	-0.0111	-0.0040	0.0405	-0.0097	-0.0067	-0.0058	0.0003	-0.0007	0.0735
84	-0.0110	-0.0015	-0.0018	-0.0025	0.0003	-0.0103	-0.0017	-0.0046	-0.0035	-0.0070	0.0006	-0.0036	-0.0097	-0.0024	-0.0087	0.0327	0.0390	-0.0045	0.0006	-0.0005	0.0733
95	-0.0089	-0.0020	-0.0043	-0.0041	-0.0001	0.0333	-0.0021	-0.0033	-0.0053	-0.0072	0.0003	-0.0023	-0.0074	-0.0027	0.0395	-0.0087	-0.0082	-0.0057	0.0000	-0.0009	0.0731
238	-0.0110	-0.0007	-0.0018	-0.0026	0.0003	-0.0081	-0.0018	-0.0034	-0.0038	0.0293	0.0344	-0.0015	0.0040	-0.0038	-0.0173	-0.0104	0.0041	-0.0060	0.0006	-0.0004	0.0727
241	-0.0101	-0.0017	-0.0017	-0.0022	0.0006	0.0274	-0.0015	-0.0041	-0.0022	-0.0068	0.0007	-0.0050	-0.0091	-0.0021	-0.0207	0.0052	0.0371	-0.0043	0.0009	-0.0002	0.0718
177	0.0300	-0.0033	-0.0041	-0.0033	-0.0006	-0.0045	-0.0051	-0.0030	-0.0029	-0.0088	-0.0001	-0.0024	0.0062	-0.0032	0.0354	-0.0122	-0.0098	-0.0068	-0.0003	-0.0014	0.0717
57	0.0347	-0.0015	-0.0017	-0.0031	-0.0012	-0.0085	-0.0014	-0.0018	-0.0017	-0.0071	0.0011	-0.0011	-0.0107	-0.0020	-0.0124	0.0347	-0.0096	-0.0060	0.0006	-0.0013	0.0711
258	0.0345	-0.0004	-0.0015	-0.0035	0.0006	-0.0086	-0.0014	-0.0019	-0.0018	-0.0087	0.0010	-0.0012	-0.0109	-0.0021	-0.0125	0.0339	-0.0097	-0.0061	0.0005	-0.0002	0.0705
16	-0.0031	0.0032	-0.0039	-0.0031	-0.0001	0.0313	-0.0018	-0.0023	-0.0022	-0.0084	0.0007	-0.0016	-0.0099	-0.0025	-0.0152	0.0285	-0.0084	-0.0057	0.0056	-0.0010	0.0692
217	0.0037	-0.0017	-0.0019	-0.0034	-0.0013	0.0288	-0.0015	-0.0019	-0.0019	-0.0073	0.0010	-0.0013	-0.0115	-0.0021	-0.0125	0.0325	-0.0104	-0.0064	0.0005	-0.0014	0.0665
176	0.0299	-0.0009	-0.0029	-0.0030	-0.0001	-0.0092	-0.0023	-0.0037	-0.0023	0.0285	0.0005	-0.0017	0.0064	-0.0037	-0.0151	-0.0101	-0.0093	-0.0005	0.0004	-0.0007	0.0657
223	0.0302	-0.0009	-0.0020	-0.0041	0.0000	-0.0093	-0.0019	-0.0028	-0.0024	0.0281	-0.0003	-0.0017	0.0063	-0.0040	-0.0150	-0.0100	-0.0095	-0.0005	0.0004	-0.0007	0.0650
99	0.0312	-0.0016	-0.0030	-0.0024	0.0005	-0.0042	-0.0016	-0.0030	-0.0020	-0.0068	0.0009	-0.0037	-0.0089	-0.0022	-0.0176	0.0314	-0.0017	-0.0058	0.0008	-0.0003	0.0648
34	0.0312	-0.0016	-0.0030	-0.0024	0.0005	-0.0042	-0.0016	-0.0030	-0.0020	-0.0068	0.0009	-0.0037	-0.0089	-0.0022	-0.0176	0.0314	-0.0017	-0.0058	0.0008	-0.0003	0.0648
11	0.0315	-0.0015	-0.0031	-0.0024	0.0004	-0.0041	-0.0016	-0.0030	-0.0020	-0.0069	0.0009	-0.0035	-0.0091	-0.0022	-0.0171	0.0310	-0.0018	-0.0060	0.0008	-0.0003	0.0646
160	0.0314	-0.0015	-0.0025	-0.0036	0.0003	-0.0045	-0.0018	-0.0032	-0.0025	-0.0070	0.0007	-0.0034	-0.0093	-0.0024	-0.0122	0.0300	-0.0022	-0.0062	0.0006	-0.0005	0.0629