# Differential preferences fit to each site.
# Regularizing prior: ('invquadratic', 150.0, 0.5)
#
site	dpi_A	dpi_C	dpi_D	dpi_E	dpi_F	dpi_G	dpi_H	dpi_I	dpi_K	dpi_L	dpi_M	dpi_N	dpi_P	dpi_Q	dpi_R	dpi_S	dpi_T	dpi_V	dpi_W	dpi_Y	half_sum_abs_dpi
213	-0.3701	-0.0003	-0.0009	-0.0003	-0.0003	-0.5691	-0.0005	-0.0003	-0.0004	-0.0004	-0.0003	-0.0156	-0.0003	-0.0003	-0.0003	0.9656	-0.0048	-0.0003	-0.0003	-0.0003	0.9656
214	-0.0518	-0.0002	-0.0492	-0.0417	0.0032	-0.0533	-0.0048	0.0049	0.3071	-0.0104	0.0020	-0.0025	-0.0136	-0.0364	-0.0221	-0.0127	-0.0099	-0.0307	0.0028	0.0194	0.3394
104	-0.0201	-0.0054	-0.0076	-0.0092	-0.0035	-0.0009	-0.0080	-0.0285	-0.0142	-0.0217	0.2555	-0.0071	-0.0007	-0.0093	-0.0400	-0.0192	-0.0304	-0.0213	-0.0037	-0.0049	0.2555
167	-0.0147	-0.0042	-0.0063	-0.0198	-0.0027	-0.0145	-0.0063	-0.0072	0.2271	-0.0113	-0.0043	-0.0141	-0.0007	-0.0120	-0.0600	-0.0146	-0.0190	-0.0086	-0.0029	-0.0039	0.2271
44	-0.0217	-0.0119	-0.0006	-0.0006	-0.0006	-0.0211	-0.0031	0.0429	-0.0006	0.1777	-0.0661	-0.0174	-0.0006	-0.0066	-0.0006	-0.0184	-0.0282	-0.0222	-0.0006	-0.0001	0.2206
90	-0.0187	-0.0024	0.1839	-0.0134	-0.0009	-0.0329	-0.0097	-0.0037	-0.0045	-0.0089	-0.0008	-0.0152	-0.0096	-0.0052	-0.0188	-0.0121	-0.0106	-0.0103	-0.0010	-0.0049	0.1839
86	-0.0117	-0.0014	-0.0035	-0.0218	0.0000	-0.0115	-0.0035	-0.0044	0.1830	-0.0084	-0.0013	-0.0095	-0.0065	-0.0095	-0.0551	-0.0116	-0.0164	-0.0057	-0.0001	-0.0011	0.1831
157	-0.0159	0.0009	-0.0003	-0.0013	0.0018	-0.0071	-0.0006	-0.0079	-0.0060	-0.0252	-0.0536	-0.0020	-0.0007	-0.0015	-0.0254	-0.0112	0.1731	-0.0244	0.0023	0.0047	0.1829
229	-0.0123	-0.0015	-0.0036	-0.0221	0.0000	-0.0121	-0.0036	-0.0044	0.1787	-0.0088	-0.0014	-0.0108	-0.0007	-0.0108	-0.0502	-0.0122	-0.0172	-0.0060	-0.0001	-0.0011	0.1788
9	-0.0122	-0.0030	-0.0007	-0.0210	-0.0017	-0.0125	-0.0048	-0.0071	0.1784	-0.0093	-0.0017	-0.0172	-0.0007	-0.0094	-0.0353	-0.0123	-0.0180	-0.0069	-0.0018	-0.0027	0.1784
85	-0.0177	-0.0022	-0.0136	0.1782	-0.0015	-0.0332	-0.0046	-0.0041	-0.0180	-0.0090	-0.0014	-0.0041	-0.0029	-0.0110	-0.0186	-0.0117	-0.0106	-0.0098	-0.0016	-0.0025	0.1782
71	-0.0099	0.0002	-0.0090	-0.0023	0.0022	-0.0096	0.1648	-0.0007	-0.0015	-0.0096	0.0024	-0.0057	-0.0169	-0.0130	-0.0653	-0.0098	-0.0082	-0.0037	0.0021	-0.0064	0.1717
146	-0.0172	-0.0018	-0.0116	0.1616	-0.0005	-0.0335	-0.0037	-0.0031	-0.0163	-0.0083	-0.0004	-0.0032	-0.0007	-0.0102	-0.0183	-0.0111	-0.0099	-0.0098	-0.0006	-0.0015	0.1616
65	-0.0116	-0.0011	-0.0031	-0.0093	0.0004	-0.0113	-0.0123	-0.0025	-0.0079	-0.0123	0.0006	-0.0024	-0.0007	0.1590	-0.0583	-0.0114	-0.0099	-0.0055	0.0003	-0.0007	0.1603
245	-0.0132	0.0013	-0.0026	-0.0022	0.0034	-0.0116	-0.0014	-0.0123	-0.0023	-0.0137	0.1378	-0.0004	-0.0133	-0.0027	-0.0032	-0.0127	-0.0415	-0.0145	0.0032	0.0019	0.1476
134	-0.0530	0.0009	-0.0038	-0.0043	0.0007	-0.0194	-0.0011	-0.0113	-0.0012	-0.0170	0.0018	-0.0004	-0.0007	-0.0020	-0.0162	-0.0091	-0.0078	0.1406	0.0022	0.0013	0.1474
247	-0.0166	-0.0015	-0.0098	0.1451	-0.0001	-0.0221	-0.0035	-0.0029	-0.0150	-0.0082	-0.0000	-0.0030	-0.0007	-0.0115	-0.0186	-0.0111	-0.0098	-0.0092	-0.0002	-0.0012	0.1451
10	-0.0109	0.0025	0.0145	0.0123	0.0035	-0.0430	-0.0018	0.0005	-0.0102	0.0111	0.0042	-0.0098	0.0669	0.0231	-0.0149	-0.0067	-0.0051	-0.0087	0.0034	-0.0308	0.1420
133	-0.0079	0.0023	-0.0070	-0.0007	0.0043	-0.0082	0.0594	-0.0009	-0.0054	-0.0067	0.0045	0.0634	-0.0131	-0.0074	-0.0486	-0.0191	-0.0095	-0.0017	0.0043	-0.0018	0.1381
251	-0.0106	-0.0003	-0.0007	-0.0086	0.0013	-0.0103	-0.0106	-0.0017	-0.0075	-0.0108	0.0014	-0.0016	-0.0007	0.1327	-0.0501	-0.0104	-0.0090	-0.0046	0.0011	0.0011	0.1375
15	-0.0049	-0.0006	-0.0019	-0.0024	-0.0082	-0.0110	-0.0097	-0.0075	-0.0009	-0.0127	-0.0061	-0.0028	0.0625	-0.0017	-0.0006	-0.0330	-0.0152	0.0691	-0.0070	-0.0054	0.1316
38	-0.0173	0.0030	0.0564	0.0551	0.0045	-0.0565	-0.0022	0.0016	-0.0077	-0.0039	0.0046	-0.0069	-0.0007	-0.0032	-0.0139	-0.0069	-0.0056	-0.0064	0.0044	0.0016	0.1312
227	-0.0129	0.0015	0.0625	-0.0088	0.0031	-0.0226	-0.0080	-0.0022	-0.0074	-0.0052	0.0033	0.0572	-0.0087	-0.0013	-0.0155	-0.0198	-0.0111	-0.0051	0.0030	-0.0021	0.1306
148	-0.0107	0.0001	-0.0017	-0.0026	-0.0017	-0.0098	-0.0042	0.0887	-0.0046	0.0390	-0.0037	-0.0018	-0.0115	-0.0035	-0.0280	-0.0114	-0.0208	-0.0139	0.0015	0.0006	0.1300
143	-0.0168	0.0025	-0.0107	0.0744	0.0040	-0.0503	0.0003	0.0010	0.0356	-0.0048	0.0041	0.0008	-0.0007	-0.0084	-0.0157	-0.0079	-0.0066	-0.0073	0.0039	0.0028	0.1293
63	-0.0144	0.0023	0.0490	0.0077	0.0041	-0.0252	0.0057	0.0007	-0.0041	-0.0090	0.0042	-0.0044	-0.0021	0.0509	-0.0488	-0.0090	-0.0072	-0.0046	0.0040	0.0004	0.1289
202	0.1204	0.0008	-0.0038	-0.0044	0.0021	-0.0154	-0.0008	-0.0004	-0.0009	-0.0051	0.0022	-0.0002	-0.0153	-0.0016	-0.0132	-0.0116	-0.0433	-0.0126	0.0020	0.0012	0.1286
184	-0.0124	0.0021	0.0562	0.0027	0.0037	-0.0204	0.0046	0.0007	-0.0035	-0.0075	0.0038	-0.0048	-0.0007	0.0508	-0.0579	-0.0082	-0.0067	-0.0047	0.0036	-0.0015	0.1283
170	-0.0525	0.0011	-0.0006	-0.0014	0.0024	-0.0078	-0.0006	-0.0101	-0.0009	-0.0051	0.0024	-0.0056	-0.0007	-0.0015	-0.0144	-0.0231	0.1173	-0.0028	0.0023	0.0015	0.1270
257	0.1245	-0.0009	-0.0053	-0.0058	0.0003	-0.0177	-0.0025	-0.0021	-0.0026	-0.0067	0.0004	-0.0019	-0.0007	-0.0033	-0.0152	-0.0134	-0.0320	-0.0149	0.0003	-0.0004	0.1255
3	-0.0118	0.0021	-0.0052	0.0570	0.0036	-0.0167	-0.0051	0.0007	-0.0075	-0.0073	0.0037	0.0004	-0.0227	0.0518	-0.0301	-0.0077	-0.0067	-0.0043	0.0035	0.0024	0.1252
139	-0.0013	0.0237	-0.0011	-0.0005	-0.0005	-0.0093	0.0826	-0.0005	-0.0005	-0.0008	-0.0007	-0.0213	-0.0005	-0.0033	-0.0773	0.0180	-0.0059	-0.0005	-0.0005	-0.0000	0.1243
18	-0.0100	-0.0007	-0.0007	-0.0006	-0.0021	-0.0006	-0.0095	-0.0041	-0.0047	-0.0136	-0.0020	-0.0042	-0.0169	-0.0176	-0.0195	0.1225	-0.0091	-0.0060	-0.0006	0.0002	0.1227
181	-0.0091	0.0010	-0.0010	-0.0073	0.0025	-0.0007	-0.0089	-0.0004	-0.0078	-0.0092	0.0026	-0.0003	-0.0007	0.1116	-0.0563	-0.0090	-0.0076	-0.0033	0.0024	0.0012	0.1213
129	-0.0083	0.0023	-0.0056	0.0323	0.0040	-0.0086	0.0024	-0.0008	0.0020	-0.0077	0.0037	0.0570	-0.0007	0.0119	-0.0572	-0.0172	-0.0110	-0.0021	0.0039	-0.0002	0.1195
126	-0.0103	-0.0012	-0.0012	-0.0039	0.0401	-0.0006	0.0020	-0.0003	-0.0021	-0.0796	0.0074	-0.0011	-0.0006	0.0006	-0.0027	0.0592	-0.0079	-0.0076	0.0070	0.0027	0.1190
262	-0.0081	0.0025	-0.0019	-0.0005	0.0042	-0.0078	0.0500	-0.0007	0.0003	0.0534	0.0044	-0.0027	-0.0007	-0.0130	-0.0613	-0.0080	-0.0064	-0.0019	0.0041	-0.0059	0.1189
243	0.1183	-0.0010	-0.0027	-0.0084	0.0002	-0.0164	-0.0026	-0.0023	-0.0029	-0.0068	0.0002	-0.0021	-0.0007	-0.0034	-0.0151	-0.0134	-0.0256	-0.0146	0.0001	-0.0007	0.1187
248	0.0205	0.0063	-0.0002	0.0225	-0.0006	-0.0029	-0.0034	0.0052	0.0063	0.0254	0.0085	0.0051	0.0050	0.0080	-0.1108	-0.0002	0.0025	0.0035	-0.0006	0.0000	0.1187
75	-0.0076	-0.0007	-0.0077	-0.0046	0.0036	-0.0081	0.0032	-0.0011	0.0026	-0.0068	0.0032	0.0235	-0.0131	0.0473	-0.0543	0.0300	-0.0110	-0.0019	0.0035	0.0000	0.1170
125	0.1136	-0.0004	-0.0075	-0.0029	0.0009	-0.0170	-0.0020	-0.0017	-0.0021	-0.0063	0.0010	-0.0015	-0.0007	-0.0028	-0.0147	-0.0134	-0.0283	-0.0154	0.0008	0.0004	0.1168
2	-0.0006	0.0013	-0.0004	-0.0013	0.0027	-0.0073	-0.0006	-0.0000	-0.0007	-0.0217	0.0028	0.0001	0.1050	-0.0075	-0.0243	-0.0346	-0.0140	-0.0027	0.0026	0.0013	0.1157
116	-0.0269	-0.0013	-0.0027	-0.0025	-0.0013	-0.0087	-0.0031	-0.0075	-0.0033	-0.0060	-0.0051	-0.0054	-0.0007	-0.0027	-0.0181	-0.0147	0.1148	-0.0042	-0.0007	0.0000	0.1148
122	-0.0155	0.0026	-0.0049	0.0546	0.0041	0.0393	0.0008	0.0013	-0.0076	-0.0040	0.0042	0.0013	-0.0073	-0.0040	-0.0524	-0.0069	-0.0056	-0.0061	0.0033	0.0028	0.1143
159	0.0253	0.0022	-0.0081	-0.0050	0.0036	-0.0177	0.0004	0.0007	0.0003	-0.0043	0.0037	0.0011	-0.0007	-0.0005	-0.0135	-0.0130	-0.0512	0.0708	0.0035	0.0025	0.1141
61	0.1120	-0.0006	-0.0078	-0.0029	0.0005	-0.0157	-0.0022	-0.0019	-0.0023	-0.0062	0.0007	-0.0017	-0.0007	-0.0030	-0.0141	-0.0126	-0.0273	-0.0142	0.0005	-0.0003	0.1137
6	-0.0193	0.0007	-0.0063	0.0446	0.0021	-0.0181	-0.0011	-0.0010	-0.0086	-0.0129	-0.0052	-0.0005	-0.0007	-0.0058	-0.0164	-0.0087	-0.0081	0.0619	0.0018	0.0014	0.1126
149	-0.0145	0.0005	-0.0010	-0.0018	0.0017	-0.0076	-0.0040	-0.0007	-0.0012	-0.0152	0.0018	-0.0005	0.1056	-0.0047	-0.0243	-0.0204	-0.0130	-0.0031	0.0016	0.0008	0.1121
261	-0.0117	0.0011	-0.0059	0.0520	0.0024	-0.0194	-0.0008	-0.0002	0.0512	-0.0051	0.0004	-0.0064	-0.0007	-0.0090	-0.0273	-0.0079	-0.0109	-0.0053	0.0022	0.0015	0.1108
79	-0.0172	-0.0007	0.0205	0.0413	0.0006	0.0345	-0.0067	-0.0019	0.0120	-0.0065	0.0004	-0.0131	-0.0094	-0.0074	-0.0181	-0.0093	-0.0085	-0.0088	0.0004	-0.0024	0.1097
246	0.0445	0.0008	0.0571	-0.0079	0.0022	-0.0176	-0.0043	-0.0007	-0.0010	-0.0052	0.0024	-0.0086	-0.0127	-0.0016	-0.0141	-0.0108	-0.0157	-0.0081	0.0022	-0.0009	0.1091
218	-0.0019	0.0549	-0.0006	-0.0008	-0.0003	-0.0064	-0.0068	-0.0007	-0.0157	-0.0017	-0.0015	-0.0040	-0.0025	-0.0059	-0.0508	0.0541	-0.0077	-0.0012	-0.0004	-0.0000	0.1090
152	0.0463	0.0009	0.0025	0.0508	0.0023	-0.0157	-0.0017	-0.0006	-0.0087	-0.0057	0.0022	-0.0025	-0.0131	-0.0048	-0.0159	-0.0113	-0.0189	-0.0091	0.0021	0.0008	0.1079
13	-0.0140	-0.0023	0.0568	-0.0076	0.0017	-0.0080	-0.0058	-0.0035	-0.0035	-0.0061	0.0019	0.0002	-0.0007	-0.0024	-0.0316	0.0436	-0.0121	-0.0060	0.0016	-0.0020	0.1058
74	-0.0087	-0.0007	-0.0019	-0.0100	0.0009	-0.0086	-0.0145	-0.0015	-0.0081	-0.0107	0.0010	-0.0014	-0.0185	0.0817	0.0203	-0.0085	-0.0074	-0.0038	0.0006	-0.0001	0.1044
242	-0.0140	0.0005	-0.0011	-0.0064	0.0019	-0.0085	-0.0085	-0.0007	-0.0050	-0.0139	0.0018	-0.0006	0.0141	0.0536	-0.0306	0.0301	-0.0115	-0.0034	0.0013	0.0009	0.1042
73	-0.0151	0.0199	-0.0036	-0.0039	-0.0051	-0.0141	-0.0104	-0.0031	-0.0034	-0.0112	-0.0004	-0.0031	0.0212	-0.0045	0.0308	0.0318	-0.0129	-0.0054	-0.0021	-0.0055	0.1037
163	0.0408	0.0003	-0.0017	-0.0058	0.0017	-0.0145	-0.0016	-0.0077	-0.0062	-0.0065	0.0001	0.0411	-0.0045	-0.0025	-0.0236	-0.0173	0.0167	-0.0112	0.0015	0.0009	0.1031
187	-0.0183	0.0027	-0.0088	0.0441	0.0044	-0.0101	0.0005	0.0009	-0.0087	-0.0127	-0.0017	0.0012	-0.0007	-0.0037	-0.0171	-0.0129	-0.0083	0.0418	0.0042	0.0032	0.1030
27	0.0409	-0.0003	0.0032	-0.0042	0.0014	-0.0131	-0.0052	-0.0034	-0.0071	-0.0060	0.0016	0.0534	-0.0133	-0.0023	-0.0154	-0.0191	-0.0031	-0.0078	0.0015	-0.0018	0.1021
172	-0.0109	0.0010	-0.0048	0.0500	0.0021	-0.0158	-0.0046	-0.0003	-0.0075	-0.0036	0.0021	-0.0005	-0.0102	0.0434	-0.0234	-0.0068	-0.0059	-0.0076	0.0020	0.0012	0.1019
14	-0.0092	-0.0002	-0.0019	-0.0140	0.0011	-0.0091	-0.0300	-0.0014	0.0772	-0.0128	0.0012	-0.0015	-0.0007	0.0093	0.0120	-0.0090	-0.0079	-0.0040	0.0009	-0.0001	0.1017
67	-0.0159	-0.0039	0.0015	0.0467	0.0031	0.0422	-0.0008	0.0005	-0.0068	-0.0046	0.0032	-0.0011	-0.0079	-0.0033	-0.0278	-0.0158	-0.0062	-0.0070	0.0024	0.0016	0.1011
54	0.0752	0.0035	-0.0068	-0.0053	0.0049	-0.0052	0.0016	0.0021	0.0015	-0.0031	0.0050	0.0023	-0.0007	0.0007	-0.0123	-0.0096	-0.0480	-0.0094	-0.0007	0.0039	0.1009
166	-0.0084	-0.0095	-0.0025	-0.0027	0.0006	-0.0162	-0.0165	-0.0016	-0.0021	-0.0098	0.0007	-0.0016	-0.0007	-0.0030	0.0989	-0.0148	-0.0072	-0.0038	0.0005	-0.0005	0.1008
194	-0.0100	0.0032	0.0017	0.0009	0.0044	-0.0048	0.0015	0.0020	0.0015	-0.0269	0.0046	0.0022	0.0764	-0.0035	-0.0274	-0.0163	-0.0095	-0.0003	-0.0007	0.0010	0.0993
121	0.0090	0.0002	-0.0033	0.0011	0.0016	-0.0152	-0.0016	-0.0023	0.0470	-0.0066	0.0003	-0.0049	-0.0152	-0.0065	-0.0246	-0.0123	-0.0061	0.0377	0.0013	0.0005	0.0987
89	0.0428	0.0006	-0.0037	-0.0027	0.0018	-0.0123	-0.0011	-0.0023	-0.0038	-0.0055	-0.0025	-0.0014	-0.0182	-0.0019	-0.0187	-0.0147	0.0507	-0.0098	0.0017	0.0009	0.0986
130	-0.0088	0.0024	-0.0006	-0.0020	0.0023	-0.0083	0.0004	0.0386	-0.0031	-0.0125	0.0477	-0.0017	-0.0006	-0.0007	-0.0034	-0.0111	-0.0258	-0.0177	0.0038	0.0011	0.0963
150	-0.0136	-0.0014	-0.0005	-0.0040	0.0023	0.0371	0.0347	-0.0044	-0.0069	-0.0059	0.0025	0.0170	-0.0007	-0.0022	-0.0300	-0.0055	-0.0130	-0.0067	0.0022	-0.0012	0.0959
254	-0.0149	0.0012	-0.0061	0.0432	0.0024	0.0454	-0.0005	0.0001	-0.0090	-0.0046	0.0024	0.0001	-0.0007	-0.0045	-0.0342	-0.0072	-0.0061	-0.0066	-0.0014	0.0008	0.0956
83	-0.0260	0.0007	-0.0141	-0.0020	-0.0072	-0.0012	-0.0012	-0.0080	-0.0013	-0.0100	0.0022	-0.0016	-0.0006	-0.0021	-0.0035	-0.0090	-0.0077	0.0894	0.0020	0.0012	0.0955
239	-0.0186	-0.0027	-0.0012	-0.0056	-0.0013	0.0022	-0.0042	-0.0041	-0.0066	-0.0015	-0.0046	-0.0037	0.0195	-0.0120	0.0555	-0.0148	0.0179	-0.0062	-0.0059	-0.0022	0.0952
128	-0.0086	-0.0074	-0.0062	-0.0024	0.0012	-0.0128	0.0558	-0.0011	-0.0017	-0.0108	0.0015	-0.0043	-0.0007	-0.0099	0.0352	-0.0125	-0.0072	-0.0036	0.0012	-0.0058	0.0949
173	-0.0083	-0.0037	-0.0013	-0.0021	0.0003	-0.0128	-0.0075	-0.0043	-0.0014	0.0502	0.0015	-0.0008	-0.0200	-0.0057	0.0400	-0.0118	-0.0070	-0.0071	0.0012	0.0004	0.0937
115	0.0432	-0.0000	-0.0042	-0.0034	0.0013	-0.0140	-0.0017	-0.0079	-0.0040	-0.0062	0.0011	-0.0019	-0.0007	-0.0026	-0.0193	-0.0161	0.0466	-0.0115	0.0012	0.0003	0.0937
188	0.0373	0.0009	0.0482	-0.0016	0.0022	-0.0173	-0.0030	-0.0008	-0.0023	-0.0052	0.0023	-0.0068	-0.0007	-0.0022	-0.0145	-0.0112	-0.0250	-0.0032	0.0020	0.0006	0.0936
215	-0.0067	-0.0037	-0.0013	-0.0006	0.0032	-0.0158	-0.0067	0.0008	0.0001	-0.0089	0.0034	0.0009	-0.0310	0.0345	0.0485	-0.0104	-0.0054	-0.0017	-0.0013	0.0022	0.0936
198	-0.0131	-0.0026	-0.0011	-0.0018	-0.0064	-0.0072	-0.0012	-0.0007	-0.0013	-0.0121	0.0015	-0.0006	-0.0090	-0.0019	-0.0125	0.0915	-0.0115	-0.0030	-0.0048	-0.0023	0.0930
183	-0.0094	0.0014	-0.0007	-0.0018	0.0025	-0.0089	-0.0006	0.0427	-0.0034	0.0382	0.0030	0.0001	-0.0007	-0.0044	-0.0256	-0.0091	-0.0170	-0.0109	0.0027	0.0018	0.0923
228	-0.0119	-0.0019	0.0010	-0.0032	0.0020	0.0343	-0.0042	-0.0047	-0.0050	-0.0050	0.0021	0.0500	-0.0080	-0.0017	-0.0204	-0.0057	-0.0107	-0.0077	0.0019	-0.0012	0.0913
176	0.0395	-0.0000	-0.0044	-0.0033	0.0007	-0.0136	-0.0026	-0.0046	-0.0019	0.0444	0.0011	-0.0012	-0.0049	-0.0059	-0.0222	-0.0116	-0.0148	0.0037	0.0013	0.0003	0.0911
244	-0.0170	-0.0008	-0.0008	-0.0008	0.0022	-0.0155	-0.0004	-0.0045	-0.0008	-0.0041	0.0024	-0.0064	-0.0102	-0.0009	-0.0260	0.0431	0.0430	-0.0024	-0.0007	0.0004	0.0911
87	-0.0081	0.0015	-0.0006	-0.0009	0.0035	-0.0079	0.0556	0.0006	-0.0001	-0.0103	0.0037	-0.0033	-0.0006	-0.0142	-0.0348	-0.0082	-0.0008	-0.0007	0.0034	0.0222	0.0905
57	0.0426	-0.0058	-0.0025	-0.0048	-0.0035	-0.0128	-0.0016	-0.0015	-0.0018	-0.0075	0.0012	-0.0011	0.0007	-0.0024	-0.0143	0.0439	-0.0172	-0.0100	0.0005	-0.0023	0.0889
16	-0.0037	0.0141	-0.0077	-0.0049	-0.0006	0.0305	-0.0033	-0.0030	-0.0034	-0.0115	-0.0005	-0.0028	0.0031	-0.0040	-0.0225	0.0228	-0.0116	-0.0073	0.0183	-0.0020	0.0888
88	-0.0100	0.0001	-0.0019	-0.0026	-0.0066	-0.0017	-0.0067	-0.0053	-0.0019	0.0844	0.0017	-0.0007	-0.0058	-0.0028	-0.0147	-0.0100	-0.0084	-0.0091	0.0015	0.0005	0.0882
147	0.0635	0.0030	-0.0048	-0.0012	0.0042	-0.0095	0.0014	0.0018	-0.0006	-0.0029	0.0043	0.0020	-0.0157	-0.0054	-0.0108	-0.0075	-0.0213	-0.0080	0.0042	0.0034	0.0878
37	0.0371	-0.0009	-0.0033	-0.0015	0.0009	-0.0100	-0.0037	-0.0009	-0.0010	-0.0120	0.0017	-0.0007	0.0447	-0.0016	-0.0161	-0.0127	-0.0139	-0.0083	0.0016	0.0006	0.0865
231	-0.0007	-0.0031	-0.0010	0.0433	-0.0026	-0.0153	-0.0036	-0.0020	-0.0062	-0.0077	0.0006	-0.0028	-0.0003	-0.0050	-0.0164	0.0331	-0.0122	-0.0070	0.0007	0.0082	0.0859
190	-0.0097	-0.0011	-0.0007	-0.0038	0.0002	0.0523	-0.0042	-0.0042	0.0331	-0.0088	0.0002	-0.0065	-0.0007	-0.0065	-0.0049	-0.0116	-0.0145	-0.0047	-0.0033	-0.0006	0.0858
140	-0.0087	-0.0137	-0.0005	-0.0014	0.0028	-0.0159	-0.0006	-0.0000	-0.0007	0.0382	0.0029	0.0001	-0.0093	-0.0019	0.0191	-0.0226	-0.0071	-0.0029	0.0207	0.0017	0.0855
35	-0.0131	0.0302	-0.0006	-0.0006	0.0298	-0.0006	-0.0043	-0.0050	-0.0010	-0.0021	-0.0012	-0.0034	-0.0006	-0.0052	0.0232	-0.0244	-0.0033	-0.0105	-0.0016	-0.0056	0.0832
99	0.0384	-0.0036	-0.0046	-0.0023	0.0015	-0.0066	-0.0016	-0.0033	-0.0018	-0.0057	0.0016	-0.0068	-0.0007	-0.0021	-0.0327	0.0391	-0.0032	-0.0076	0.0015	0.0007	0.0827
95	-0.0127	-0.0021	-0.0083	-0.0050	0.0012	0.0417	-0.0017	-0.0055	-0.0097	-0.0057	0.0011	-0.0029	-0.0007	-0.0025	0.0368	-0.0061	-0.0119	-0.0070	0.0008	0.0002	0.0818
138	-0.0055	-0.0030	-0.0049	-0.0149	-0.0004	-0.0004	0.0814	-0.0004	-0.0004	-0.0004	-0.0022	-0.0123	-0.0004	-0.0039	-0.0004	-0.0195	-0.0065	-0.0058	-0.0004	-0.0000	0.0814
258	0.0393	0.0002	-0.0014	-0.0051	0.0014	-0.0089	-0.0014	-0.0011	-0.0017	-0.0143	0.0014	-0.0008	0.0008	-0.0023	-0.0148	0.0361	-0.0170	-0.0092	-0.0018	0.0006	0.0798
171	-0.0098	-0.0021	0.0270	-0.0003	0.0032	0.0075	0.0004	-0.0007	0.0003	-0.0035	0.0034	-0.0070	-0.0063	-0.0003	-0.0400	0.0333	-0.0080	-0.0011	0.0030	0.0010	0.0791
250	-0.0084	0.0002	-0.0016	-0.0057	0.0015	-0.0166	-0.0057	-0.0027	0.0014	-0.0079	0.0010	-0.0021	-0.0007	0.0417	0.0319	-0.0130	-0.0109	-0.0035	0.0002	0.0008	0.0788
1	-0.0072	-0.0015	-0.0038	-0.0017	0.0017	-0.0132	0.0407	-0.0026	-0.0021	-0.0077	0.0021	0.0026	-0.0042	-0.0068	-0.0146	0.0296	-0.0091	-0.0026	0.0015	-0.0011	0.0783
30	-0.0091	-0.0009	-0.0034	-0.0087	0.0008	-0.0129	-0.0037	-0.0021	0.0512	-0.0085	-0.0004	-0.0014	-0.0007	-0.0016	0.0260	-0.0066	-0.0120	-0.0041	-0.0007	-0.0011	0.0779
113	-0.0012	-0.0005	-0.0004	-0.0004	0.0778	-0.0004	-0.0004	-0.0166	-0.0006	-0.0157	-0.0158	-0.0004	-0.0004	-0.0004	-0.0004	-0.0004	-0.0005	-0.0231	-0.0004	-0.0000	0.0778
199	0.0336	0.0012	-0.0033	-0.0035	0.0014	-0.0152	-0.0003	-0.0022	-0.0005	-0.0023	-0.0024	0.0002	-0.0121	-0.0011	-0.0120	-0.0090	-0.0137	0.0378	0.0023	0.0013	0.0776
203	-0.0154	-0.0063	-0.0089	-0.0013	0.0020	0.0729	-0.0006	-0.0006	-0.0006	-0.0006	0.0021	-0.0002	-0.0009	-0.0012	-0.0180	-0.0163	-0.0053	-0.0006	-0.0006	0.0002	0.0772
23	-0.0139	-0.0006	-0.0062	0.0733	0.0016	-0.0006	-0.0015	-0.0010	-0.0149	-0.0058	0.0016	-0.0009	-0.0006	-0.0065	-0.0006	-0.0084	-0.0073	-0.0075	-0.0006	0.0004	0.0769
4	-0.0031	-0.0010	-0.0007	-0.0005	-0.0004	-0.0004	-0.0016	-0.0087	-0.0085	-0.0118	-0.0015	-0.0004	0.0767	-0.0013	-0.0005	-0.0121	-0.0102	-0.0134	-0.0004	-0.0000	0.0767
177	0.0415	-0.0039	-0.0049	-0.0026	0.0005	-0.0036	-0.0075	-0.0018	-0.0018	-0.0076	0.0010	-0.0019	-0.0025	-0.0027	0.0327	-0.0132	-0.0138	-0.0079	0.0005	-0.0005	0.0761
230	0.0307	0.0019	-0.0006	-0.0042	0.0031	-0.0104	-0.0019	0.0005	0.0002	-0.0093	0.0033	0.0009	0.0296	-0.0012	-0.0175	-0.0114	-0.0117	-0.0073	0.0031	0.0023	0.0756
62	-0.0127	-0.0023	0.0298	-0.0071	0.0028	0.0388	0.0000	-0.0006	-0.0001	-0.0040	0.0029	0.0005	-0.0006	-0.0007	-0.0291	-0.0136	-0.0031	-0.0007	-0.0008	0.0007	0.0755
76	-0.0129	-0.0006	0.0687	-0.0078	0.0029	-0.0010	-0.0046	0.0001	-0.0009	-0.0052	0.0031	-0.0112	-0.0006	-0.0014	-0.0071	-0.0082	-0.0068	-0.0060	-0.0008	0.0002	0.0750
7	-0.0064	-0.0011	-0.0006	0.0030	-0.0006	-0.0006	-0.0142	-0.0029	0.0297	-0.0071	0.0006	-0.0006	-0.0006	0.0412	-0.0212	-0.0072	-0.0081	-0.0028	-0.0006	0.0000	0.0744
175	-0.0153	-0.0009	-0.0013	-0.0012	0.0010	-0.0142	-0.0009	0.0024	-0.0012	-0.0047	0.0017	-0.0065	-0.0008	-0.0014	-0.0213	0.0343	0.0332	-0.0047	0.0015	0.0001	0.0742
5	-0.0083	-0.0015	-0.0006	-0.0008	-0.0048	-0.0013	-0.0065	-0.0026	-0.0013	0.0714	0.0001	-0.0032	-0.0006	-0.0046	-0.0202	-0.0037	-0.0069	-0.0069	0.0016	0.0008	0.0740
22	-0.0102	0.0009	-0.0005	-0.0005	0.0015	-0.0005	-0.0005	0.0622	-0.0005	-0.0110	-0.0049	-0.0005	-0.0005	-0.0008	-0.0005	-0.0013	-0.0401	0.0071	-0.0005	0.0013	0.0730
252	-0.0004	-0.0004	-0.0004	-0.0004	-0.0085	-0.0004	-0.0004	0.0166	-0.0004	-0.0231	-0.0111	-0.0004	-0.0004	-0.0004	-0.0004	-0.0004	0.0561	-0.0242	-0.0004	-0.0001	0.0727
253	0.0312	0.0013	-0.0007	-0.0014	0.0025	-0.0173	-0.0003	-0.0013	-0.0004	-0.0046	0.0027	0.0002	-0.0007	-0.0011	-0.0127	-0.0107	-0.0213	0.0308	0.0024	0.0012	0.0723
78	-0.0307	0.0040	0.0002	-0.0025	-0.0010	-0.0052	0.0023	-0.0019	0.0019	-0.0078	0.0011	0.0029	-0.0006	0.0011	-0.0115	-0.0051	-0.0042	0.0576	-0.0006	0.0001	0.0711
180	-0.0076	0.0003	-0.0011	-0.0053	0.0016	-0.0115	-0.0072	-0.0007	-0.0041	-0.0099	0.0017	-0.0006	-0.0007	0.0338	0.0323	-0.0076	-0.0064	-0.0030	-0.0053	0.0011	0.0708
195	-0.0012	-0.0011	-0.0011	-0.0003	0.0073	-0.0007	-0.0004	0.0632	-0.0003	-0.0432	-0.0182	-0.0003	-0.0006	-0.0003	-0.0003	-0.0003	-0.0003	-0.0012	-0.0003	-0.0000	0.0704
160	0.0254	-0.0036	0.0027	-0.0068	-0.0001	0.0162	-0.0029	-0.0044	-0.0045	-0.0015	-0.0002	-0.0070	-0.0022	-0.0037	-0.0154	0.0249	-0.0066	-0.0089	-0.0003	-0.0013	0.0693
205	-0.0174	-0.0029	-0.0005	-0.0005	0.0426	-0.0006	0.0014	-0.0041	0.0011	-0.0026	0.0095	-0.0007	-0.0005	-0.0018	-0.0067	-0.0085	-0.0100	-0.0118	0.0090	0.0051	0.0687
145	-0.0138	-0.0066	-0.0013	-0.0004	-0.0004	-0.0133	-0.0004	-0.0004	-0.0004	-0.0004	-0.0004	-0.0008	-0.0004	-0.0020	-0.0006	-0.0229	0.0673	-0.0021	-0.0007	-0.0000	0.0673
260	-0.0110	0.0021	-0.0005	-0.0005	0.0022	-0.0005	-0.0008	0.0549	-0.0006	-0.0109	0.0011	-0.0005	-0.0005	-0.0005	-0.0009	-0.0037	-0.0238	-0.0119	0.0039	0.0027	0.0669
31	-0.0183	0.0018	-0.0008	-0.0010	0.0024	-0.0006	-0.0002	0.0330	-0.0025	-0.0078	0.0039	-0.0009	-0.0114	-0.0011	-0.0108	-0.0041	0.0212	-0.0067	0.0032	0.0008	0.0663
28	-0.0060	-0.0008	0.0015	0.0009	-0.0006	-0.0251	0.0017	-0.0024	0.0015	-0.0020	0.0052	-0.0066	-0.0006	0.0008	-0.0109	0.0542	-0.0086	-0.0016	-0.0006	0.0001	0.0657
34	0.0285	-0.0018	0.0001	-0.0020	0.0014	-0.0064	-0.0014	0.0035	-0.0016	-0.0053	0.0015	-0.0074	-0.0007	-0.0019	-0.0239	0.0267	-0.0043	-0.0072	0.0014	0.0007	0.0638
46	0.0627	-0.0062	-0.0003	-0.0003	-0.0003	-0.0003	-0.0060	-0.0034	-0.0003	-0.0005	-0.0014	-0.0003	-0.0022	-0.0011	-0.0003	-0.0090	-0.0298	-0.0008	-0.0003	-0.0000	0.0627
47	-0.0068	-0.0168	-0.0005	-0.0005	0.0527	-0.0042	0.0010	-0.0024	-0.0005	-0.0017	0.0037	-0.0005	-0.0005	-0.0011	-0.0005	-0.0208	-0.0016	-0.0034	0.0043	0.0000	0.0618
226	-0.0115	0.0017	0.0005	-0.0001	0.0028	-0.0011	0.0001	0.0007	0.0016	-0.0018	0.0033	0.0013	0.0446	-0.0031	-0.0135	-0.0148	-0.0119	-0.0014	0.0025	0.0001	0.0593
103	-0.0160	0.0017	-0.0013	0.0017	0.0010	-0.0049	-0.0011	-0.0112	-0.0015	-0.0048	0.0031	-0.0022	-0.0006	-0.0003	-0.0019	-0.0111	0.0501	-0.0018	0.0012	0.0000	0.0588
80	-0.0021	-0.0016	-0.0009	-0.0004	0.0084	-0.0036	-0.0108	0.0026	-0.0004	-0.0011	0.0100	-0.0084	-0.0182	-0.0008	-0.0007	-0.0039	-0.0027	-0.0027	0.0094	0.0280	0.0584
105	-0.0003	-0.0010	-0.0003	-0.0003	-0.0003	-0.0003	-0.0003	-0.0003	-0.0004	-0.0003	-0.0003	-0.0003	-0.0003	-0.0003	-0.0003	-0.0523	0.0581	-0.0004	-0.0005	-0.0000	0.0581
111	-0.0003	-0.0003	-0.0032	-0.0005	-0.0003	-0.0003	0.0581	-0.0014	-0.0003	-0.0003	-0.0006	-0.0472	-0.0003	-0.0004	-0.0005	-0.0009	-0.0009	-0.0003	-0.0003	-0.0000	0.0581
33	-0.0061	0.0000	-0.0019	0.0262	0.0010	-0.0119	-0.0023	0.0015	-0.0007	-0.0054	0.0023	-0.0009	-0.0006	-0.0038	-0.0131	-0.0104	0.0254	-0.0008	0.0010	0.0004	0.0579
69	-0.0095	-0.0005	0.0027	-0.0093	0.0014	0.0027	-0.0029	-0.0016	0.0299	-0.0081	0.0005	0.0005	-0.0080	-0.0014	0.0196	-0.0015	-0.0103	-0.0037	0.0000	-0.0005	0.0573
212	-0.0044	-0.0026	-0.0004	-0.0004	-0.0004	-0.0123	-0.0004	-0.0011	-0.0004	-0.0044	-0.0045	-0.0021	-0.0024	-0.0023	-0.0012	-0.0118	0.0566	-0.0051	-0.0004	-0.0000	0.0566
32	-0.0019	0.0018	-0.0001	-0.0011	0.0004	-0.0011	-0.0036	-0.0011	-0.0003	0.0448	0.0025	0.0006	-0.0006	-0.0076	-0.0239	-0.0014	-0.0072	-0.0060	0.0033	0.0023	0.0557
223	0.0176	-0.0023	-0.0006	-0.0006	-0.0012	-0.0019	-0.0006	-0.0047	-0.0006	0.0154	-0.0024	-0.0009	0.0214	-0.0013	-0.0006	-0.0139	-0.0160	-0.0046	-0.0007	-0.0017	0.0544
141	-0.0003	-0.0003	-0.0024	-0.0463	-0.0006	0.0542	-0.0003	-0.0003	-0.0003	-0.0003	-0.0006	-0.0009	-0.0003	-0.0003	-0.0003	-0.0003	-0.0003	-0.0003	-0.0003	-0.0000	0.0542
21	-0.0004	0.0014	0.0010	-0.0001	-0.0122	-0.0004	0.0028	0.0172	0.0089	-0.0327	0.0045	0.0158	-0.0004	0.0003	0.0000	0.0010	0.0007	-0.0017	0.0001	-0.0060	0.0538
193	-0.0075	0.0035	0.0019	-0.0123	0.0046	0.0243	0.0021	0.0025	0.0019	-0.0016	0.0046	0.0024	-0.0010	0.0012	-0.0225	-0.0040	-0.0029	-0.0018	0.0044	0.0002	0.0535
96	-0.0126	0.0003	-0.0035	0.0459	0.0016	-0.0172	-0.0014	-0.0005	-0.0013	-0.0005	0.0017	-0.0003	-0.0005	-0.0039	-0.0005	-0.0078	-0.0005	-0.0005	0.0015	0.0000	0.0509
39	-0.0152	0.0028	-0.0029	0.0275	0.0043	-0.0044	0.0008	0.0013	-0.0011	-0.0029	0.0044	0.0014	-0.0006	-0.0035	-0.0014	-0.0072	-0.0058	-0.0047	0.0041	0.0031	0.0497
50	-0.0116	0.0005	-0.0005	-0.0005	0.0015	-0.0023	-0.0012	-0.0011	-0.0005	0.0177	0.0248	-0.0005	-0.0126	-0.0015	-0.0005	-0.0085	-0.0074	0.0037	0.0006	0.0000	0.0488
209	-0.0003	-0.0003	-0.0003	-0.0007	-0.0003	-0.0003	-0.0003	-0.0003	-0.0437	-0.0003	-0.0003	-0.0003	-0.0003	-0.0003	0.0488	-0.0003	-0.0003	-0.0003	-0.0003	-0.0000	0.0488
24	-0.0087	0.0022	-0.0005	-0.0013	0.0032	-0.0005	-0.0005	-0.0030	-0.0005	0.0128	0.0301	-0.0005	-0.0005	-0.0038	-0.0005	-0.0015	-0.0201	-0.0059	-0.0005	0.0001	0.0483
43	-0.0030	-0.0023	-0.0004	-0.0004	0.0001	-0.0012	-0.0010	-0.0112	-0.0004	-0.0104	0.0475	-0.0004	-0.0004	-0.0010	-0.0004	-0.0004	-0.0030	-0.0109	-0.0004	0.0000	0.0476
164	-0.0209	0.0023	0.0005	-0.0006	0.0034	-0.0053	-0.0006	-0.0027	-0.0006	-0.0031	-0.0006	-0.0003	-0.0006	-0.0014	-0.0006	-0.0086	0.0413	-0.0013	-0.0006	0.0000	0.0475
189	-0.0050	0.0054	0.0115	-0.0030	0.0074	-0.0151	-0.0015	0.0037	0.0026	-0.0004	0.0076	-0.0024	-0.0036	0.0018	-0.0008	-0.0074	-0.0053	-0.0030	0.0073	0.0000	0.0475
26	-0.0124	-0.0008	-0.0005	-0.0005	-0.0018	-0.0009	-0.0012	-0.0035	-0.0005	0.0449	0.0004	-0.0005	-0.0005	-0.0005	-0.0013	-0.0021	-0.0105	-0.0090	0.0014	0.0002	0.0469
11	0.0034	-0.0047	0.0033	-0.0005	-0.0030	0.0222	-0.0005	-0.0059	-0.0005	-0.0086	-0.0006	0.0026	-0.0005	-0.0060	-0.0005	0.0148	-0.0052	-0.0069	-0.0031	-0.0000	0.0465
191	-0.0147	0.0046	-0.0005	-0.0005	-0.0009	-0.0020	0.0030	-0.0104	0.0029	-0.0060	0.0059	0.0036	-0.0019	0.0022	-0.0025	-0.0035	-0.0023	0.0173	0.0057	0.0001	0.0452
124	-0.0021	0.0011	-0.0018	-0.0019	0.0001	-0.0059	-0.0021	-0.0060	-0.0014	-0.0012	0.0019	-0.0016	-0.0006	0.0002	-0.0094	-0.0100	0.0413	-0.0008	0.0002	0.0000	0.0449
137	-0.0073	0.0008	-0.0005	-0.0005	-0.0109	-0.0005	-0.0020	-0.0007	-0.0005	0.0420	0.0018	-0.0012	-0.0005	-0.0006	-0.0005	-0.0071	-0.0064	-0.0047	-0.0005	0.0000	0.0446
59	-0.0153	0.0018	-0.0011	-0.0012	-0.0021	-0.0016	0.0001	0.0314	-0.0014	-0.0013	-0.0028	0.0006	-0.0005	-0.0007	-0.0027	-0.0070	-0.0059	0.0061	0.0030	0.0004	0.0434
221	-0.0156	0.0035	-0.0005	-0.0005	-0.0005	-0.0005	-0.0005	0.0201	-0.0005	-0.0050	0.0045	-0.0005	-0.0005	-0.0005	-0.0005	-0.0005	-0.0163	0.0143	-0.0005	0.0000	0.0424
178	-0.0057	-0.0029	-0.0005	-0.0005	-0.0006	-0.0033	0.0006	-0.0005	-0.0015	-0.0055	0.0040	0.0018	-0.0005	-0.0024	-0.0046	0.0344	-0.0112	-0.0005	-0.0005	0.0001	0.0409
58	-0.0053	-0.0009	-0.0008	-0.0016	0.0028	-0.0023	-0.0045	0.0007	0.0003	-0.0055	0.0029	0.0008	-0.0006	-0.0050	0.0324	-0.0090	-0.0020	-0.0021	-0.0012	0.0009	0.0408
127	-0.0101	0.0002	-0.0005	-0.0005	-0.0034	-0.0005	-0.0005	-0.0013	-0.0005	0.0392	-0.0007	-0.0005	-0.0005	-0.0017	-0.0005	-0.0013	-0.0085	-0.0076	-0.0012	0.0007	0.0401
40	-0.0029	-0.0022	-0.0005	0.0013	0.0038	-0.0005	-0.0058	0.0021	0.0017	-0.0028	0.0039	0.0020	-0.0103	0.0009	0.0172	-0.0128	-0.0020	0.0005	0.0036	0.0030	0.0400
240	-0.0123	0.0017	0.0251	0.0014	0.0034	0.0040	-0.0031	-0.0006	-0.0022	-0.0035	0.0036	-0.0006	-0.0007	-0.0007	-0.0035	-0.0077	-0.0023	-0.0007	-0.0014	0.0000	0.0392
25	-0.0113	0.0039	0.0179	-0.0017	0.0055	-0.0027	-0.0055	-0.0007	-0.0004	-0.0007	0.0056	-0.0077	-0.0004	0.0008	-0.0004	-0.0066	-0.0006	-0.0005	0.0054	0.0000	0.0391
117	-0.0028	-0.0023	-0.0005	-0.0005	0.0228	-0.0005	-0.0005	0.0154	-0.0005	-0.0130	-0.0018	-0.0005	-0.0005	-0.0018	-0.0005	-0.0010	-0.0031	-0.0066	-0.0005	-0.0017	0.0383
49	-0.0149	0.0034	-0.0005	-0.0036	-0.0005	-0.0005	-0.0005	-0.0039	0.0019	-0.0020	0.0035	-0.0005	-0.0036	-0.0005	-0.0005	-0.0045	-0.0025	0.0251	0.0043	0.0000	0.0381
234	-0.0156	0.0039	-0.0004	-0.0004	0.0055	-0.0004	-0.0004	0.0005	-0.0004	-0.0082	-0.0020	-0.0004	-0.0004	-0.0004	-0.0004	-0.0007	-0.0073	0.0221	0.0055	0.0000	0.0376
131	-0.0120	-0.0018	0.0156	-0.0021	-0.0005	0.0115	0.0015	-0.0005	0.0013	-0.0006	0.0046	0.0021	-0.0009	0.0006	-0.0032	-0.0136	-0.0009	-0.0005	-0.0005	0.0000	0.0372
249	-0.0038	0.0012	0.0202	-0.0019	0.0028	-0.0034	-0.0013	-0.0004	-0.0004	-0.0004	0.0029	0.0072	-0.0004	-0.0010	-0.0004	-0.0135	-0.0093	-0.0007	0.0027	0.0000	0.0369
179	-0.0039	0.0004	-0.0006	-0.0057	-0.0003	-0.0098	-0.0036	-0.0017	-0.0005	-0.0011	0.0001	-0.0018	-0.0006	0.0200	0.0163	-0.0026	-0.0022	-0.0020	-0.0006	0.0000	0.0368
200	-0.0101	-0.0011	-0.0005	-0.0005	-0.0005	-0.0005	-0.0005	-0.0032	-0.0010	0.0367	-0.0000	-0.0005	-0.0005	-0.0005	-0.0005	-0.0012	-0.0079	-0.0073	-0.0005	0.0000	0.0367
161	-0.0030	-0.0010	-0.0004	-0.0004	0.0030	-0.0004	-0.0004	-0.0093	-0.0004	-0.0177	0.0193	-0.0004	-0.0004	-0.0004	-0.0004	-0.0004	-0.0004	0.0130	-0.0004	0.0011	0.0364
66	-0.0048	0.0036	0.0016	0.0005	0.0024	-0.0022	-0.0034	0.0010	-0.0006	0.0148	0.0049	0.0022	-0.0091	-0.0033	-0.0020	-0.0028	-0.0030	-0.0050	0.0051	0.0001	0.0362
153	-0.0039	-0.0035	-0.0006	0.0009	0.0036	-0.0014	-0.0089	-0.0006	0.0013	-0.0052	0.0038	0.0018	-0.0006	0.0005	0.0204	-0.0081	-0.0015	-0.0020	0.0034	0.0005	0.0362
165	-0.0113	0.0003	-0.0005	-0.0005	-0.0008	-0.0005	-0.0005	-0.0013	-0.0005	0.0356	-0.0002	-0.0005	-0.0005	-0.0005	-0.0005	-0.0006	-0.0093	-0.0079	-0.0005	0.0003	0.0362
8	-0.0196	0.0009	-0.0004	-0.0004	-0.0004	-0.0004	-0.0004	0.0162	-0.0004	-0.0094	0.0071	-0.0004	-0.0004	-0.0004	-0.0004	-0.0004	-0.0008	0.0108	-0.0004	0.0000	0.0349
72	-0.0004	-0.0004	-0.0004	-0.0004	0.0017	-0.0004	-0.0011	-0.0032	-0.0004	-0.0155	0.0032	-0.0004	-0.0008	-0.0004	-0.0004	-0.0004	-0.0004	-0.0094	0.0027	0.0273	0.0349
92	-0.0043	0.0021	-0.0005	-0.0004	0.0039	-0.0004	-0.0004	-0.0092	-0.0010	-0.0080	0.0242	-0.0004	-0.0004	-0.0015	-0.0019	-0.0015	-0.0009	-0.0032	0.0038	0.0000	0.0340
235	-0.0149	0.0031	-0.0004	-0.0004	-0.0004	-0.0029	-0.0004	-0.0006	-0.0004	-0.0020	-0.0006	-0.0004	-0.0004	-0.0004	-0.0004	-0.0017	-0.0068	0.0306	-0.0004	0.0000	0.0337
238	-0.0058	-0.0012	-0.0016	-0.0016	-0.0009	-0.0006	-0.0016	-0.0024	-0.0027	0.0053	0.0067	-0.0006	0.0212	-0.0034	-0.0006	-0.0045	-0.0020	-0.0033	-0.0006	-0.0000	0.0333
93	-0.0092	0.0019	0.0005	-0.0005	0.0030	-0.0005	-0.0005	-0.0020	-0.0026	-0.0032	-0.0023	0.0008	-0.0021	-0.0004	-0.0009	-0.0070	0.0237	-0.0015	0.0029	0.0000	0.0328
70	-0.0013	-0.0004	-0.0004	-0.0006	-0.0033	-0.0004	-0.0004	0.0306	-0.0004	-0.0097	-0.0020	-0.0004	-0.0004	-0.0008	-0.0004	-0.0004	-0.0011	-0.0093	0.0012	0.0001	0.0319
201	-0.0031	0.0030	0.0020	0.0014	0.0038	-0.0024	0.0018	0.0022	0.0018	-0.0029	0.0038	0.0023	0.0054	-0.0024	-0.0070	-0.0078	-0.0061	0.0006	0.0036	0.0000	0.0318
208	-0.0067	0.0037	0.0084	-0.0055	0.0056	-0.0024	-0.0016	0.0019	0.0009	-0.0017	0.0058	-0.0030	-0.0011	-0.0001	-0.0006	-0.0041	-0.0036	-0.0014	0.0054	0.0000	0.0317
237	-0.0004	-0.0008	-0.0004	-0.0004	0.0002	-0.0004	-0.0004	-0.0028	-0.0004	-0.0115	0.0017	-0.0004	-0.0004	-0.0004	-0.0004	-0.0004	-0.0009	-0.0095	-0.0004	0.0288	0.0307
169	-0.0022	-0.0003	-0.0005	-0.0005	-0.0005	-0.0005	-0.0006	-0.0032	-0.0005	0.0290	0.0007	-0.0005	-0.0005	-0.0005	-0.0005	-0.0005	-0.0108	-0.0088	0.0004	0.0007	0.0307
108	-0.0088	-0.0016	-0.0011	-0.0009	-0.0006	-0.0086	-0.0005	0.0048	-0.0005	-0.0031	-0.0010	0.0059	-0.0005	-0.0005	-0.0005	0.0092	0.0105	-0.0020	-0.0003	0.0000	0.0304
136	-0.0018	-0.0042	-0.0003	-0.0006	0.0021	-0.0010	-0.0050	0.0003	-0.0000	-0.0014	0.0022	0.0003	-0.0009	-0.0007	0.0234	-0.0088	-0.0041	-0.0015	0.0019	0.0000	0.0301
101	0.0192	0.0016	-0.0004	-0.0004	0.0022	-0.0077	0.0007	-0.0004	0.0005	-0.0004	0.0025	0.0009	-0.0004	-0.0004	-0.0004	-0.0048	-0.0066	-0.0081	0.0024	0.0000	0.0301
82	-0.0033	0.0027	0.0017	0.0012	0.0034	-0.0023	0.0016	0.0020	0.0016	-0.0070	0.0035	0.0020	0.0049	-0.0028	-0.0047	-0.0044	-0.0042	0.0005	0.0034	0.0000	0.0286
120	-0.0065	0.0028	-0.0004	0.0013	0.0036	-0.0026	0.0009	0.0020	0.0016	-0.0060	0.0037	0.0021	0.0063	-0.0004	-0.0029	-0.0049	-0.0048	0.0004	0.0036	0.0000	0.0284
29	-0.0062	-0.0004	-0.0044	0.0012	0.0040	0.0072	0.0019	-0.0004	0.0019	-0.0010	0.0041	0.0024	-0.0018	0.0014	-0.0038	-0.0068	-0.0020	-0.0014	0.0039	0.0001	0.0281
52	-0.0055	0.0209	-0.0007	-0.0012	-0.0004	-0.0094	-0.0004	0.0022	-0.0004	-0.0011	0.0049	-0.0004	-0.0004	-0.0004	-0.0004	-0.0023	-0.0040	-0.0004	-0.0004	0.0000	0.0280
220	-0.0006	0.0010	-0.0005	-0.0004	-0.0028	-0.0004	-0.0004	0.0241	-0.0004	-0.0070	-0.0043	-0.0004	-0.0004	-0.0005	-0.0004	-0.0004	-0.0013	-0.0072	0.0023	0.0001	0.0275
53	-0.0052	-0.0054	-0.0004	-0.0004	0.0021	0.0204	-0.0004	0.0006	-0.0004	-0.0017	0.0022	-0.0004	-0.0004	-0.0004	-0.0004	-0.0073	-0.0030	-0.0016	0.0020	0.0000	0.0274
55	-0.0035	0.0001	-0.0004	-0.0004	0.0014	-0.0004	-0.0004	0.0002	-0.0004	-0.0101	-0.0012	-0.0004	-0.0004	-0.0004	-0.0004	-0.0004	-0.0085	0.0243	0.0014	0.0000	0.0274
68	-0.0041	-0.0016	0.0009	0.0003	0.0030	-0.0013	-0.0017	0.0012	0.0007	-0.0018	0.0031	0.0013	-0.0005	-0.0079	0.0142	-0.0043	-0.0032	-0.0005	0.0022	0.0000	0.0269
192	0.0072	0.0025	-0.0008	-0.0015	0.0032	-0.0045	0.0015	0.0017	0.0014	-0.0004	0.0033	0.0019	-0.0026	0.0010	-0.0022	-0.0037	-0.0084	-0.0027	0.0032	0.0000	0.0268
142	-0.0023	0.0023	0.0011	-0.0007	0.0032	-0.0021	0.0010	0.0012	-0.0045	-0.0046	-0.0012	0.0014	0.0061	-0.0040	-0.0030	-0.0029	0.0104	-0.0007	-0.0005	0.0000	0.0266
206	-0.0008	0.0025	-0.0004	-0.0004	-0.0007	-0.0004	-0.0004	0.0172	-0.0004	-0.0131	0.0025	-0.0004	-0.0004	-0.0004	-0.0004	-0.0004	-0.0004	-0.0075	0.0042	0.0000	0.0264
112	-0.0020	-0.0013	-0.0004	-0.0015	-0.0035	-0.0004	-0.0005	0.0011	-0.0018	0.0220	0.0030	-0.0004	-0.0004	-0.0071	-0.0004	-0.0004	-0.0028	-0.0026	-0.0004	0.0000	0.0261
118	-0.0046	0.0013	-0.0011	-0.0028	0.0036	0.0058	0.0016	0.0019	0.0015	-0.0012	0.0037	0.0020	-0.0004	0.0010	-0.0044	-0.0082	-0.0023	-0.0010	0.0034	0.0000	0.0259
241	-0.0082	-0.0008	-0.0011	-0.0009	0.0009	0.0065	-0.0010	0.0053	-0.0026	-0.0005	-0.0010	-0.0014	-0.0005	-0.0007	-0.0025	-0.0029	0.0116	-0.0016	0.0013	0.0000	0.0257
186	-0.0005	0.0014	-0.0003	-0.0003	0.0054	-0.0003	-0.0003	-0.0003	-0.0003	-0.0209	0.0135	-0.0003	-0.0003	-0.0003	-0.0003	-0.0003	-0.0003	-0.0003	0.0050	0.0000	0.0253
114	-0.0021	-0.0005	-0.0005	-0.0005	0.0029	-0.0005	-0.0005	-0.0001	-0.0005	0.0160	0.0015	-0.0005	-0.0005	-0.0013	-0.0005	-0.0023	-0.0078	-0.0074	0.0028	0.0019	0.0252
151	-0.0012	0.0026	0.0088	-0.0040	0.0044	-0.0043	-0.0006	-0.0005	-0.0005	-0.0006	0.0046	-0.0021	-0.0003	-0.0010	-0.0004	-0.0063	-0.0024	-0.0006	0.0043	0.0000	0.0247
60	-0.0037	-0.0005	0.0188	-0.0021	-0.0004	-0.0024	-0.0010	-0.0007	-0.0012	-0.0004	0.0054	-0.0026	-0.0004	0.0003	-0.0007	-0.0047	-0.0022	-0.0011	-0.0004	0.0000	0.0245
174	-0.0034	0.0027	0.0011	-0.0004	0.0010	-0.0016	-0.0025	0.0005	0.0008	0.0091	0.0036	0.0016	-0.0011	-0.0017	-0.0037	-0.0031	-0.0018	-0.0052	0.0040	0.0001	0.0245
77	-0.0007	-0.0015	-0.0005	-0.0005	-0.0029	-0.0005	-0.0010	-0.0013	-0.0010	0.0242	0.0002	-0.0005	-0.0005	-0.0018	-0.0006	-0.0010	-0.0010	-0.0065	-0.0027	0.0000	0.0244
17	0.0085	-0.0025	0.0027	0.0030	0.0001	0.0057	-0.0005	-0.0008	-0.0005	-0.0005	0.0006	-0.0013	-0.0005	-0.0016	-0.0005	-0.0071	-0.0084	0.0032	0.0002	0.0000	0.0240
98	-0.0137	0.0130	-0.0003	-0.0003	-0.0003	-0.0025	-0.0003	0.0026	-0.0003	-0.0029	0.0082	-0.0003	-0.0003	-0.0003	-0.0003	-0.0009	-0.0003	-0.0004	-0.0004	0.0000	0.0238
110	0.0211	0.0002	-0.0011	-0.0000	0.0006	-0.0062	0.0001	0.0001	0.0001	-0.0004	0.0006	0.0002	-0.0004	-0.0000	-0.0004	-0.0060	-0.0086	-0.0005	0.0006	0.0000	0.0237
255	-0.0004	-0.0004	-0.0004	-0.0004	-0.0004	-0.0004	-0.0004	0.0193	-0.0004	-0.0099	0.0007	-0.0004	-0.0004	-0.0004	-0.0004	-0.0004	-0.0004	-0.0078	0.0031	0.0000	0.0232
84	-0.0053	-0.0036	-0.0005	-0.0005	-0.0002	-0.0005	-0.0005	0.0008	0.0012	-0.0019	-0.0003	0.0027	-0.0005	-0.0005	0.0181	-0.0028	-0.0035	-0.0021	-0.0004	-0.0000	0.0228
168	-0.0012	-0.0020	-0.0005	-0.0005	0.0010	-0.0005	-0.0005	-0.0033	-0.0005	0.0207	0.0009	-0.0005	-0.0005	-0.0005	-0.0005	-0.0005	-0.0014	-0.0091	-0.0011	0.0001	0.0226
256	-0.0049	-0.0010	-0.0004	-0.0007	0.0023	0.0127	0.0008	0.0008	-0.0004	-0.0018	0.0024	0.0006	-0.0004	-0.0004	-0.0004	-0.0074	-0.0026	-0.0014	0.0022	0.0000	0.0218
222	0.0192	0.0006	-0.0004	-0.0004	0.0005	-0.0074	-0.0004	-0.0004	-0.0004	-0.0004	0.0006	-0.0004	-0.0004	-0.0004	-0.0004	-0.0065	-0.0026	-0.0006	0.0004	0.0000	0.0213
102	-0.0004	-0.0006	-0.0004	-0.0004	-0.0004	-0.0004	-0.0004	0.0153	-0.0004	-0.0103	-0.0014	-0.0004	-0.0004	-0.0004	-0.0004	-0.0004	-0.0022	0.0047	-0.0004	0.0000	0.0199
119	-0.0028	0.0008	-0.0024	-0.0034	0.0031	0.0043	0.0011	0.0015	0.0009	-0.0003	0.0031	0.0015	-0.0003	0.0006	-0.0006	-0.0069	-0.0024	-0.0007	0.0029	0.0000	0.0198
100	0.0076	0.0016	-0.0004	-0.0004	0.0023	-0.0051	0.0006	0.0008	0.0005	-0.0004	0.0024	0.0010	-0.0004	0.0001	-0.0004	-0.0042	-0.0031	-0.0050	0.0023	0.0000	0.0192
42	-0.0068	0.0019	0.0010	0.0005	0.0027	-0.0004	-0.0014	0.0013	0.0009	-0.0008	0.0028	0.0014	0.0038	-0.0007	-0.0003	-0.0076	-0.0009	-0.0003	0.0027	0.0000	0.0190
162	0.0115	0.0011	-0.0004	-0.0004	0.0018	-0.0049	-0.0004	-0.0004	-0.0004	-0.0004	0.0019	0.0006	-0.0004	-0.0004	-0.0004	-0.0051	-0.0004	-0.0050	0.0018	0.0000	0.0187
197	-0.0014	-0.0028	0.0010	0.0010	0.0026	-0.0014	-0.0064	0.0016	0.0013	-0.0034	0.0028	0.0014	-0.0013	0.0006	0.0033	-0.0010	-0.0009	0.0004	0.0025	0.0000	0.0186
217	-0.0016	-0.0011	-0.0006	-0.0021	-0.0005	0.0066	-0.0018	-0.0005	-0.0008	-0.0005	-0.0005	-0.0011	0.0056	-0.0020	-0.0005	0.0062	-0.0042	-0.0005	-0.0005	0.0000	0.0184
36	-0.0016	-0.0041	-0.0004	-0.0004	0.0019	-0.0004	-0.0058	0.0002	-0.0004	-0.0004	0.0021	0.0001	-0.0004	-0.0014	0.0121	-0.0018	-0.0004	-0.0004	0.0017	0.0000	0.0180
97	-0.0032	-0.0023	-0.0003	-0.0003	0.0178	-0.0004	-0.0003	-0.0021	-0.0003	-0.0008	-0.0019	-0.0003	-0.0003	-0.0003	-0.0003	-0.0007	-0.0006	-0.0027	-0.0003	-0.0000	0.0178
20	-0.0057	-0.0006	-0.0004	0.0002	0.0028	0.0045	0.0010	0.0011	0.0009	-0.0003	0.0029	0.0005	-0.0003	0.0005	-0.0003	-0.0086	-0.0003	-0.0006	0.0027	0.0000	0.0171
12	-0.0066	0.0017	-0.0015	0.0061	0.0029	-0.0014	-0.0003	-0.0003	-0.0003	-0.0003	0.0030	-0.0004	-0.0003	-0.0016	-0.0003	-0.0009	-0.0007	-0.0013	0.0028	0.0000	0.0164
219	-0.0052	-0.0008	-0.0004	-0.0004	0.0022	0.0096	0.0004	0.0006	0.0004	-0.0004	0.0022	0.0006	-0.0004	-0.0004	-0.0004	-0.0068	-0.0004	-0.0004	-0.0004	0.0000	0.0160
196	-0.0004	-0.0004	-0.0004	-0.0004	-0.0004	-0.0004	-0.0004	0.0087	-0.0004	0.0016	0.0051	-0.0004	-0.0006	-0.0005	-0.0004	-0.0004	-0.0004	-0.0088	-0.0004	0.0000	0.0155
263	-0.0004	-0.0004	-0.0004	-0.0006	0.0029	-0.0004	-0.0020	-0.0011	-0.0004	-0.0008	-0.0051	-0.0004	-0.0004	-0.0012	-0.0004	-0.0004	-0.0004	-0.0004	0.0121	-0.0002	0.0150
156	-0.0028	0.0018	-0.0003	-0.0003	0.0026	-0.0003	0.0007	-0.0026	-0.0003	-0.0005	-0.0006	-0.0007	-0.0003	-0.0003	-0.0004	-0.0050	0.0075	-0.0004	0.0025	0.0000	0.0150
155	-0.0022	0.0009	-0.0003	-0.0004	0.0017	-0.0003	-0.0003	-0.0016	-0.0003	-0.0003	0.0018	-0.0003	-0.0003	-0.0006	-0.0003	-0.0064	0.0086	-0.0008	0.0017	0.0000	0.0148
91	-0.0038	-0.0011	-0.0019	0.0001	0.0025	0.0036	0.0007	0.0010	0.0006	-0.0005	0.0026	0.0011	-0.0008	0.0001	-0.0006	-0.0042	-0.0014	-0.0003	0.0024	0.0000	0.0147
185	-0.0009	-0.0005	-0.0023	-0.0009	0.0023	-0.0003	-0.0007	-0.0006	-0.0003	-0.0054	0.0026	-0.0003	-0.0003	-0.0003	-0.0003	-0.0006	-0.0003	-0.0003	0.0095	0.0001	0.0145
135	-0.0025	0.0007	-0.0003	-0.0003	0.0014	-0.0009	-0.0003	-0.0003	-0.0003	-0.0003	0.0013	-0.0003	-0.0003	-0.0003	-0.0003	-0.0063	0.0091	-0.0008	0.0013	0.0000	0.0138
210	-0.0051	-0.0004	-0.0004	-0.0004	-0.0004	-0.0041	-0.0004	-0.0004	-0.0004	-0.0004	0.0008	-0.0004	0.0047	-0.0004	-0.0004	0.0024	0.0051	-0.0004	0.0007	0.0000	0.0138
81	-0.0045	0.0012	0.0005	0.0001	0.0019	-0.0031	0.0005	0.0007	0.0004	-0.0003	0.0021	0.0008	-0.0003	0.0000	-0.0007	0.0055	-0.0039	-0.0004	-0.0003	0.0000	0.0136
211	-0.0056	0.0011	-0.0003	-0.0008	0.0019	0.0052	0.0001	0.0004	0.0001	-0.0003	0.0019	0.0005	-0.0003	-0.0003	-0.0003	-0.0040	-0.0003	-0.0006	0.0017	0.0000	0.0129
107	-0.0003	0.0010	-0.0037	-0.0003	0.0020	-0.0009	-0.0003	-0.0003	-0.0004	-0.0003	0.0021	0.0051	-0.0003	-0.0003	-0.0003	-0.0044	-0.0003	-0.0003	0.0019	0.0000	0.0121
41	-0.0003	-0.0003	-0.0004	-0.0003	0.0087	-0.0003	-0.0004	-0.0003	-0.0003	-0.0003	0.0034	-0.0003	-0.0003	-0.0003	-0.0003	-0.0003	-0.0004	-0.0009	-0.0003	-0.0065	0.0121
182	-0.0004	-0.0004	-0.0004	-0.0004	-0.0023	-0.0004	-0.0004	-0.0012	-0.0004	0.0098	0.0021	-0.0004	-0.0004	-0.0004	-0.0004	-0.0004	-0.0004	-0.0032	-0.0004	0.0000	0.0119
158	-0.0059	0.0012	0.0005	0.0001	0.0020	-0.0006	-0.0003	0.0008	0.0004	-0.0006	0.0021	0.0008	0.0014	-0.0003	-0.0003	-0.0011	-0.0015	-0.0007	0.0020	0.0000	0.0113
109	0.0036	0.0011	-0.0003	-0.0003	0.0018	-0.0015	0.0001	0.0004	0.0001	-0.0003	0.0019	0.0005	-0.0006	-0.0004	-0.0003	-0.0051	-0.0012	-0.0013	0.0018	0.0000	0.0113
232	-0.0008	-0.0007	0.0004	0.0000	0.0017	-0.0003	-0.0034	0.0006	0.0002	-0.0030	0.0017	0.0006	-0.0003	-0.0004	0.0042	-0.0003	-0.0010	-0.0005	0.0014	0.0000	0.0109
132	-0.0003	0.0010	0.0031	-0.0045	0.0022	-0.0003	-0.0003	-0.0002	-0.0003	-0.0003	0.0023	-0.0027	-0.0005	-0.0003	-0.0003	-0.0003	-0.0006	-0.0003	0.0021	0.0000	0.0107
56	-0.0007	0.0009	-0.0003	-0.0003	-0.0006	-0.0003	-0.0003	-0.0018	-0.0003	0.0066	0.0021	-0.0003	-0.0003	-0.0003	-0.0003	-0.0005	-0.0009	-0.0031	0.0010	0.0000	0.0106
207	0.0043	0.0013	-0.0004	-0.0004	-0.0000	0.0016	-0.0003	-0.0002	-0.0003	-0.0007	0.0000	-0.0002	-0.0004	-0.0004	-0.0004	-0.0017	-0.0004	-0.0016	-0.0000	0.0000	0.0072
225	-0.0011	-0.0000	-0.0003	-0.0023	0.0011	0.0028	0.0003	0.0004	0.0001	-0.0003	0.0012	0.0004	-0.0003	-0.0000	-0.0014	-0.0006	-0.0003	-0.0003	0.0003	0.0000	0.0067
45	-0.0003	-0.0012	0.0001	-0.0003	0.0013	-0.0005	0.0000	-0.0015	-0.0000	-0.0003	0.0013	-0.0011	-0.0003	-0.0003	-0.0003	0.0025	-0.0003	-0.0003	0.0013	0.0000	0.0066
204	-0.0003	-0.0004	-0.0003	-0.0003	-0.0008	-0.0003	-0.0003	-0.0006	-0.0003	-0.0003	-0.0003	-0.0005	-0.0003	-0.0003	-0.0003	-0.0003	-0.0003	-0.0003	0.0063	0.0000	0.0064
123	-0.0010	-0.0002	-0.0004	-0.0004	0.0011	-0.0004	-0.0004	0.0009	-0.0004	0.0030	0.0010	-0.0003	-0.0004	-0.0004	-0.0004	-0.0004	-0.0004	0.0004	-0.0005	0.0000	0.0063
106	-0.0003	0.0000	0.0034	-0.0016	0.0007	-0.0003	-0.0003	-0.0003	-0.0003	-0.0003	0.0008	-0.0003	-0.0003	-0.0003	-0.0003	-0.0003	-0.0004	-0.0006	0.0007	0.0000	0.0055
64	-0.0009	-0.0001	0.0006	0.0023	0.0003	-0.0006	-0.0002	0.0005	-0.0005	0.0005	0.0007	-0.0002	-0.0005	-0.0006	-0.0005	-0.0005	-0.0004	0.0002	-0.0001	0.0000	0.0051
154	-0.0006	-0.0003	0.0032	-0.0008	0.0005	-0.0003	-0.0003	-0.0003	-0.0003	-0.0003	0.0007	-0.0003	-0.0003	-0.0003	-0.0003	-0.0003	-0.0003	-0.0003	0.0004	0.0000	0.0049
236	-0.0005	0.0003	-0.0002	-0.0002	-0.0001	-0.0004	-0.0002	0.0024	-0.0002	0.0008	0.0004	-0.0004	-0.0004	-0.0002	-0.0004	-0.0004	-0.0011	0.0009	-0.0001	0.0000	0.0048
19	-0.0010	-0.0001	-0.0002	-0.0005	0.0008	-0.0005	-0.0002	0.0005	-0.0002	0.0005	0.0009	-0.0001	-0.0005	-0.0002	-0.0005	-0.0004	-0.0004	0.0019	0.0001	0.0000	0.0047
51	-0.0004	-0.0001	-0.0002	-0.0002	-0.0003	-0.0004	-0.0004	-0.0002	-0.0002	0.0026	0.0009	-0.0001	-0.0004	-0.0004	-0.0004	-0.0004	-0.0004	0.0010	-0.0001	0.0000	0.0044
259	0.0001	0.0002	-0.0002	-0.0002	0.0001	-0.0005	-0.0002	0.0007	-0.0002	0.0023	0.0006	-0.0002	-0.0005	-0.0011	-0.0005	-0.0005	-0.0001	0.0003	-0.0001	0.0000	0.0044
224	-0.0004	-0.0001	-0.0002	-0.0002	-0.0003	-0.0004	-0.0004	0.0010	-0.0002	0.0016	0.0012	-0.0001	-0.0004	-0.0004	-0.0004	-0.0004	-0.0003	0.0005	-0.0000	0.0000	0.0043
144	-0.0004	0.0008	-0.0002	-0.0002	-0.0001	-0.0005	-0.0002	0.0006	-0.0002	0.0017	0.0005	-0.0002	-0.0005	-0.0005	-0.0005	-0.0005	-0.0003	0.0005	-0.0001	0.0000	0.0041
94	-0.0005	-0.0001	-0.0004	-0.0004	-0.0002	-0.0004	-0.0001	0.0013	-0.0001	0.0006	0.0007	-0.0001	-0.0004	-0.0002	-0.0004	-0.0004	-0.0003	0.0014	-0.0000	0.0000	0.0040
48	-0.0003	-0.0003	-0.0003	-0.0003	0.0004	-0.0003	-0.0003	-0.0003	0.0029	-0.0003	0.0004	-0.0003	-0.0003	-0.0003	-0.0003	-0.0003	-0.0004	-0.0003	0.0003	0.0000	0.0040
233	-0.0004	-0.0001	-0.0002	-0.0002	-0.0002	-0.0004	-0.0002	0.0021	-0.0002	0.0008	0.0000	-0.0004	-0.0004	-0.0002	-0.0004	-0.0004	-0.0004	0.0010	-0.0000	0.0000	0.0039
216	-0.0000	-0.0000	-0.0000	-0.0000	-0.0000	0.0000	-0.0000	-0.0000	-0.0000	-0.0000	-0.0000	-0.0000	-0.0000	-0.0000	-0.0000	-0.0000	-0.0000	-0.0000	-0.0000	0.0000	0.0000